## dioPeriod = 1.0
## startTime = 1502276498.29
## numMotes = 50
## otfHousekeepingPeriod = 1.0
## slotframeLength = 101
## squareSide = 2.0
## cpuID = 55
## sixtopPdrThreshold = 1.5
## slotDuration = 0.01
## sixtopNoHousekeeping = 0
## pkPeriodVar = 0.05
## numCyclesPerRun = 100
## numRuns = 1
## otfThreshold = 1
## sixtopNoRemoveWorstCell = 0
## burstTimestamp = 20
## simDataDir = simData
## numChans = 16
## minRssi = -97
## noInterference = 0
## algorithm = local_voting
## numPacketsBurst = 5
## gui = False
## pkPeriod = None
## combinationKeys = ['algorithm', 'numMotes', 'otfThreshold']
## sixtopHousekeepingPeriod = 1.0


# appGenerated appReachesDagroot appRelayed aveHops aveLatency aveQueueDelay chargeConsumed collidedTxs cycle droppedAppFailedEnqueue droppedMacRetries droppedNoRoute droppedNoTxCells droppedQueueFull effectiveCollidedTxs numRxCells numTx numTxCells otfAdd otfRemove probableCollisions rplChurnParentSet rplChurnPrefParent rplChurnRank rplRxDIO rplTxDIO runNum scheduleCollisions topRxRelocatedCells topTxRelocatedBundles topTxRelocatedCells txQueueFill
             0                 0          0       0          0             0              0           0     0                       0                 0              0                0                0                    0          0     0          0      0         0                  0                 0                  0            0        0        0      0                  0                   0                     0                   0           0
             0                 0          0       0          0             0              0           0     1                       0                 0              0                0                0                    0          0     0          0      0         0                  0               136                 93            3      492       50      0                  0                   0                     0                   0           0
             0                 0          0       0          0             0              0           0     2                       0                 0              0                0                0                    0          0     0          0      0         0                  0                 0                144            0      492       50      0                  0                   0                     0                   0           0
             0                 0          0       0          0             0              0           0     3                       0                 0              0                0                0                    0          0     0          0      0         0                  0                 0                144            0      492       50      0                  0                   0                     0                   0           0
             0                 0          0       0          0             0              0           0     4                       0                 0              0                0                0                    0          0     0          0      0         0                  0                 0                144            0      492       50      0                  0                   0                     0                   0           0
             0                 0          0       0          0             0              0           0     5                       0                 0              0                0                0                    0          0     0          0      0         0                  0                 0                144            0      492       50      0                  0                   0                     0                   0           0
             0                 0          0       0          0             0              0           0     6                       0                 0              0                0                0                    0          0     0          0      0         0                  0                 0                144            0      492       50      0                  0                   0                     0                   0           0
             0                 0          0       0          0             0              0           0     7                       0                 0              0                0                0                    0          0     0          0      0         0                  0                 0                144            0      492       50      0                  0                   0                     0                   0           0
             0                 0          0       0          0             0              0           0     8                       0                 0              0                0                0                    0          0     0          0      0         0                  0                 0                144            0      492       50      0                  0                   0                     0                   0           0
             0                 0          0       0          0             0              0           0     9                       0                 0              0                0                0                    0          0     0          0      0         0                  0                 0                144            0      492       50      0                  0                   0                     0                   0           0
             0                 0          0       0          0             0              0           0    10                       0                 0              0                0                0                    0          0     0          0      0         0                  0                 0                144            0      492       50      0                  0                   0                     0                   0           0
             0                 0          0       0          0             0              0           0    11                       0                 0              0                0                0                    0          0     0          0      0         0                  0                 0                144            0      492       50      0                  0                   0                     0                   0           0
             0                 0          0       0          0             0              0           0    12                       0                 0              0                0                0                    0          0     0          0      0         0                  0                 0                144            0      492       50      0                  0                   0                     0                   0           0
             0                 0          0       0          0             0              0           0    13                       0                 0              0                0                0                    0          0     0          0      0         0                  0                 0                144            0      492       50      0                  0                   0                     0                   0           0
             0                 0          0       0          0             0              0           0    14                       0                 0              0                0                0                    0          0     0          0      0         0                  0                 0                144            0      492       50      0                  0                   0                     0                   0           0
             0                 0          0       0          0             0              0           0    15                       0                 0              0                0                0                    0          0     0          0      0         0                  0                 0                144            0      492       50      0                  0                   0                     0                   0           0
             0                 0          0       0          0             0              0           0    16                       0                 0              0                0                0                    0          0     0          0      0         0                  0                 0                144            0      492       50      0                  0                   0                     0                   0           0
             0                 0          0       0          0             0              0           0    17                       0                 0              0                0                0                    0          0     0          0      0         0                  0                 0                144            0      492       50      0                  0                   0                     0                   0           0
             0                 0          0       0          0             0              0           0    18                       0                 0              0                0                0                    0          0     0          0      0         0                  0                 0                144            0      492       50      0                  0                   0                     0                   0           0
            49                 0          4       0          0        65.000        566.880           2    19                       0                 0              0                0                0                    1         47     4         47      0         0                  0                 0                144            0      492       50      0                  1                   0                     0                   0          49
             0                24         34   1.583     85.833      2896.750      13491.120          48    20                       0                 0              0                0                0                    7        326    82        326      0         0                  2                 0                144            6      492       50      0                 24                   1                     0                   0          25
             0                24          8   2.250    156.833       969.400      22375.680           0    21                       0                 0              0                0                0                    0         79    28         79      0         0                  0                12                145           53      492       50      0                  0                   0                     0                   0           1
             0                 1          0   3.000    276.000        91.000      24313.200           0    22                       0                 0              0                0                0                    0         50     1         50      0         0                  0                 8                130           53      492       50      0                  0                   0                     0                   0           0
             0                 0          0       0          0             0      25026.600           0    23                       0                 0              0                0                0                    0          0     0          0      0         0                  0                 4                140           31      492       50      0                  0                   0                     0                   0           0
             0                 0          0       0          0             0      25026.600           0    24                       0                 0              0                0                0                    0          0     0          0      0         0                  0                 3                139           12      492       50      0                  0                   0                     0                   0           0
             0                 0          0       0          0             0      25026.600           0    25                       0                 0              0                0                0                    0          0     0          0      0         0                  0                 1                139            0      492       50      0                  0                   0                     0                   0           0
             0                 0          0       0          0             0      25026.600           0    26                       0                 0              0                0                0                    0          0     0          0      0         0                  0                 0                139            0      492       50      0                  0                   0                     0                   0           0
             0                 0          0       0          0             0      25026.600           0    27                       0                 0              0                0                0                    0          0     0          0      0         0                  0                 0                139            0      492       50      0                  0                   0                     0                   0           0
             0                 0          0       0          0             0      25026.600           0    28                       0                 0              0                0                0                    0          0     0          0      0         0                  0                 0                139            0      492       50      0                  0                   0                     0                   0           0
             0                 0          0       0          0             0      25026.600           0    29                       0                 0              0                0                0                    0          0     0          0      0         0                  0                 0                139            0      492       50      0                  0                   0                     0                   0           0
             0                 0          0       0          0             0      25026.600           0    30                       0                 0              0                0                0                    0          0     0          0      0         0                  0                 0                139            0      492       50      0                  0                   0                     0                   0           0
             0                 0          0       0          0             0      25026.600           0    31                       0                 0              0                0                0                    0          0     0          0      0         0                  0                 0                139            0      492       50      0                  0                   0                     0                   0           0
             0                 0          0       0          0             0      25026.600           0    32                       0                 0              0                0                0                    0          0     0          0      0         0                  0                 0                139            0      492       50      0                  0                   0                     0                   0           0
             0                 0          0       0          0             0      25026.600           0    33                       0                 0              0                0                0                    0          0     0          0      0         0                  0                 0                139            0      492       50      0                  0                   0                     0                   0           0
             0                 0          0       0          0             0      25026.600           0    34                       0                 0              0                0                0                    0          0     0          0      0         0                  0                 0                139            0      492       50      0                  0                   0                     0                   0           0
             0                 0          0       0          0             0      25026.600           0    35                       0                 0              0                0                0                    0          0     0          0      0         0                  0                 0                139            0      492       50      0                  0                   0                     0                   0           0
             0                 0          0       0          0             0      25026.600           0    36                       0                 0              0                0                0                    0          0     0          0      0         0                  0                 0                139            0      492       50      0                  0                   0                     0                   0           0
             0                 0          0       0          0             0      25026.600           0    37                       0                 0              0                0                0                    0          0     0          0      0         0                  0                 0                139            0      492       50      0                  0                   0                     0                   0           0
             0                 0          0       0          0             0      25026.600           0    38                       0                 0              0                0                0                    0          0     0          0      0         0                  0                 0                139            0      492       50      0                  0                   0                     0                   0           0
             0                 0          0       0          0             0      25026.600           0    39                       0                 0              0                0                0                    0          0     0          0      0         0                  0                 0                139            0      492       50      0                  0                   0                     0                   0           0
             0                 0          0       0          0             0      25026.600           0    40                       0                 0              0                0                0                    0          0     0          0      0         0                  0                 0                139            0      492       50      0                  0                   0                     0                   0           0
             0                 0          0       0          0             0      25026.600           0    41                       0                 0              0                0                0                    0          0     0          0      0         0                  0                 0                139            0      492       50      0                  0                   0                     0                   0           0
             0                 0          0       0          0             0      25026.600           0    42                       0                 0              0                0                0                    0          0     0          0      0         0                  0                 0                139            0      492       50      0                  0                   0                     0                   0           0
             0                 0          0       0          0             0      25026.600           0    43                       0                 0              0                0                0                    0          0     0          0      0         0                  0                 0                139            0      492       50      0                  0                   0                     0                   0           0
             0                 0          0       0          0             0      25026.600           0    44                       0                 0              0                0                0                    0          0     0          0      0         0                  0                 0                139            0      492       50      0                  0                   0                     0                   0           0
             0                 0          0       0          0             0      25026.600           0    45                       0                 0              0                0                0                    0          0     0          0      0         0                  0                 0                139            0      492       50      0                  0                   0                     0                   0           0
             0                 0          0       0          0             0      25026.600           0    46                       0                 0              0                0                0                    0          0     0          0      0         0                  0                 0                139            0      492       50      0                  0                   0                     0                   0           0
             0                 0          0       0          0             0      25026.600           0    47                       0                 0              0                0                0                    0          0     0          0      0         0                  0                 0                139            0      492       50      0                  0                   0                     0                   0           0
             0                 0          0       0          0             0      25026.600           0    48                       0                 0              0                0                0                    0          0     0          0      0         0                  0                 0                139            0      492       50      0                  0                   0                     0                   0           0
             0                 0          0       0          0             0      25026.600           0    49                       0                 0              0                0                0                    0          0     0          0      0         0                  0                 0                139            0      492       50      0                  0                   0                     0                   0           0
             0                 0          0       0          0             0      25026.600           0    50                       0                 0              0                0                0                    0          0     0          0      0         0                  0                 0                139            0      492       50      0                  0                   0                     0                   0           0
             0                 0          0       0          0             0      25026.600           0    51                       0                 0              0                0                0                    0          0     0          0      0         0                  0                 0                139            0      492       50      0                  0                   0                     0                   0           0
             0                 0          0       0          0             0      25026.600           0    52                       0                 0              0                0                0                    0          0     0          0      0         0                  0                 0                139            0      492       50      0                  0                   0                     0                   0           0
             0                 0          0       0          0             0      25026.600           0    53                       0                 0              0                0                0                    0          0     0          0      0         0                  0                 0                139            0      492       50      0                  0                   0                     0                   0           0
             0                 0          0       0          0             0      25026.600           0    54                       0                 0              0                0                0                    0          0     0          0      0         0                  0                 0                139            0      492       50      0                  0                   0                     0                   0           0
             0                 0          0       0          0             0      25026.600           0    55                       0                 0              0                0                0                    0          0     0          0      0         0                  0                 0                139            0      492       50      0                  0                   0                     0                   0           0
             0                 0          0       0          0             0      25026.600           0    56                       0                 0              0                0                0                    0          0     0          0      0         0                  0                 0                139            0      492       50      0                  0                   0                     0                   0           0
             0                 0          0       0          0             0      25026.600           0    57                       0                 0              0                0                0                    0          0     0          0      0         0                  0                 0                139            0      492       50      0                  0                   0                     0                   0           0
             0                 0          0       0          0             0      25026.600           0    58                       0                 0              0                0                0                    0          0     0          0      0         0                  0                 0                139            0      492       50      0                  0                   0                     0                   0           0
            49                 4         14   1.000     35.250       580.500      28874.340          12    59                       0                 0              0                0                0                    1        162    27        162      0         0                  0                 0                139            0      492       50      0                  6                   0                     0                   0          45
             0                36         31   1.861    114.333      2670.889      43637.900           8    60                       0                 0              0                0                0                    3        187    74        187      0         0                  1                 1                148           26      492       50      0                  4                   3                     0                   0           9
             0                 9          1   2.667    186.778       332.000      47383.120           0    61                       0                 0              0                0                0                    0         81     8         81      0         0                  0                 7                151           55      492       50      0                  0                   0                     0                   0           0
             0                 0          0       0          0             0      48244.120           0    62                       0                 0              0                0                0                    0          0     0          0      0         0                  0                 9                124           49      492       50      0                  0                   0                     0                   0           0
             0                 0          0       0          0             0      48244.120           0    63                       0                 0              0                0                0                    0          0     0          0      0         0                  0                 2                139            7      492       50      0                  0                   0                     0                   0           0
             0                 0          0       0          0             0      48244.120           0    64                       0                 0              0                0                0                    0          0     0          0      0         0                  0                 0                139            0      492       50      0                  0                   0                     0                   0           0
             0                 0          0       0          0             0      48244.120           0    65                       0                 0              0                0                0                    0          0     0          0      0         0                  0                 0                139            0      492       50      0                  0                   0                     0                   0           0
             0                 0          0       0          0             0      48244.120           0    66                       0                 0              0                0                0                    0          0     0          0      0         0                  0                 0                139            0      492       50      0                  0                   0                     0                   0           0
             0                 0          0       0          0             0      48244.120           0    67                       0                 0              0                0                0                    0          0     0          0      0         0                  0                 0                139            0      492       50      0                  0                   0                     0                   0           0
             0                 0          0       0          0             0      48244.120           0    68                       0                 0              0                0                0                    0          0     0          0      0         0                  0                 0                139            0      492       50      0                  0                   0                     0                   0           0
             0                 0          0       0          0             0      48244.120           0    69                       0                 0              0                0                0                    0          0     0          0      0         0                  0                 0                139            0      492       50      0                  0                   0                     0                   0           0
             0                 0          0       0          0             0      48244.120           0    70                       0                 0              0                0                0                    0          0     0          0      0         0                  0                 0                139            0      492       50      0                  0                   0                     0                   0           0
             0                 0          0       0          0             0      48244.120           0    71                       0                 0              0                0                0                    0          0     0          0      0         0                  0                 0                139            0      492       50      0                  0                   0                     0                   0           0
             0                 0          0       0          0             0      48244.120           0    72                       0                 0              0                0                0                    0          0     0          0      0         0                  0                 0                139            0      492       50      0                  0                   0                     0                   0           0
             0                 0          0       0          0             0      48244.120           0    73                       0                 0              0                0                0                    0          0     0          0      0         0                  0                 0                139            0      492       50      0                  0                   0                     0                   0           0
             0                 0          0       0          0             0      48244.120           0    74                       0                 0              0                0                0                    0          0     0          0      0         0                  0                 0                139            0      492       50      0                  0                   0                     0                   0           0
             0                 0          0       0          0             0      48244.120           0    75                       0                 0              0                0                0                    0          0     0          0      0         0                  0                 0                139            0      492       50      0                  0                   0                     0                   0           0
             0                 0          0       0          0             0      48244.120           0    76                       0                 0              0                0                0                    0          0     0          0      0         0                  0                 0                139            0      492       50      0                  0                   0                     0                   0           0
             0                 0          0       0          0             0      48244.120           0    77                       0                 0              0                0                0                    0          0     0          0      0         0                  0                 0                139            0      492       50      0                  0                   0                     0                   0           0
             0                 0          0       0          0             0      48244.120           0    78                       0                 0              0                0                0                    0          0     0          0      0         0                  0                 0                139            0      492       50      0                  0                   0                     0                   0           0
             0                 0          0       0          0             0      48244.120           0    79                       0                 0              0                0                0                    0          0     0          0      0         0                  0                 0                139            0      492       50      0                  0                   0                     0                   0           0
             0                 0          0       0          0             0      48244.120           0    80                       0                 0              0                0                0                    0          0     0          0      0         0                  0                 0                139            0      492       50      0                  0                   0                     0                   0           0
             0                 0          0       0          0             0      48244.120           0    81                       0                 0              0                0                0                    0          0     0          0      0         0                  0                 0                139            0      492       50      0                  0                   0                     0                   0           0
             0                 0          0       0          0             0      48244.120           0    82                       0                 0              0                0                0                    0          0     0          0      0         0                  0                 0                139            0      492       50      0                  0                   0                     0                   0           0
             0                 0          0       0          0             0      48244.120           0    83                       0                 0              0                0                0                    0          0     0          0      0         0                  0                 0                139            0      492       50      0                  0                   0                     0                   0           0
             0                 0          0       0          0             0      48244.120           0    84                       0                 0              0                0                0                    0          0     0          0      0         0                  0                 0                139            0      492       50      0                  0                   0                     0                   0           0
             0                 0          0       0          0             0      48244.120           0    85                       0                 0              0                0                0                    0          0     0          0      0         0                  0                 0                139            0      492       50      0                  0                   0                     0                   0           0
             0                 0          0       0          0             0      48244.120           0    86                       0                 0              0                0                0                    0          0     0          0      0         0                  0                 0                139            0      492       50      0                  0                   0                     0                   0           0
             0                 0          0       0          0             0      48244.120           0    87                       0                 0              0                0                0                    0          0     0          0      0         0                  0                 0                139            0      492       50      0                  0                   0                     0                   0           0
             0                 0          0       0          0             0      48244.120           0    88                       0                 0              0                0                0                    0          0     0          0      0         0                  0                 0                139            0      492       50      0                  0                   0                     0                   0           0
             0                 0          0       0          0             0      48244.120           0    89                       0                 0              0                0                0                    0          0     0          0      0         0                  0                 0                139            0      492       50      0                  0                   0                     0                   0           0
             0                 0          0       0          0             0      48244.120           0    90                       0                 0              0                0                0                    0          0     0          0      0         0                  0                 0                139            0      492       50      0                  0                   0                     0                   0           0
             0                 0          0       0          0             0      48244.120           0    91                       0                 0              0                0                0                    0          0     0          0      0         0                  0                 0                139            0      492       50      0                  0                   0                     0                   0           0
             0                 0          0       0          0             0      48244.120           0    92                       0                 0              0                0                0                    0          0     0          0      0         0                  0                 0                139            0      492       50      0                  0                   0                     0                   0           0
             0                 0          0       0          0             0      48244.120           0    93                       0                 0              0                0                0                    0          0     0          0      0         0                  0                 0                139            0      492       50      0                  0                   0                     0                   0           0
             0                 0          0       0          0             0      48244.120           0    94                       0                 0              0                0                0                    0          0     0          0      0         0                  0                 0                139            0      492       50      0                  0                   0                     0                   0           0
             0                 0          0       0          0             0      48244.120           0    95                       0                 0              0                0                0                    0          0     0          0      0         0                  0                 0                139            0      492       50      0                  0                   0                     0                   0           0
             0                 0          0       0          0             0      48244.120           0    96                       0                 0              0                0                0                    0          0     0          0      0         0                  0                 0                139            0      492       50      0                  0                   0                     0                   0           0
             0                 0          0       0          0             0      48244.120           0    97                       0                 0              0                0                0                    0          0     0          0      0         0                  0                 0                139            0      492       50      0                  0                   0                     0                   0           0
             0                 0          0       0          0             0      48244.120           0    98                       0                 0              0                0                0                    0          0     0          0      0         0                  0                 0                139            0      492       50      0                  0                   0                     0                   0           0
             0                 0          0       0          0             0      48244.120           0    99                       0                 0              0                0                0                    0          0     0          0      0         0                  0                 0                139            0      492       50      0                  0                   0                     0                   0           0
#pos runNum=0 0@(1.00000,1.00000)@0 1@(1.17701,1.04641)@853 2@(1.37252,0.97217)@731 3@(1.32269,1.01463)@853 4@(1.04769,1.15455)@731 5@(1.10985,1.10984)@568 6@(1.25161,1.09922)@1584 7@(1.27686,1.02946)@1299 8@(0.90621,1.18999)@1024 9@(1.20430,1.20645)@1462 10@(1.33672,0.94998)@1299 11@(1.01878,0.93806)@1208 12@(1.23191,1.31796)@1493 13@(0.95665,1.03439)@1136 14@(1.12914,1.25920)@1584 15@(1.18673,1.10617)@1706 16@(1.34940,1.09173)@1299 17@(1.42211,0.93894)@1462 18@(1.12515,1.17905)@1584 19@(0.89169,0.99365)@1208 20@(0.99355,1.20674)@2030 21@(0.96159,1.25474)@2030 22@(1.00095,1.06055)@568 23@(1.15433,1.24806)@2061 24@(1.33096,1.28106)@2152 25@(1.09876,1.02431)@1493 26@(0.93649,1.10970)@1592 27@(1.15692,1.30393)@1848 28@(1.07378,1.09698)@1208 29@(0.78778,1.08119)@568 30@(0.97814,1.16175)@1136 31@(1.06730,0.91675)@1421 32@(1.10323,0.96278)@640 33@(1.30750,0.88725)@1421 34@(0.90585,1.00649)@1776 35@(0.99567,0.76080)@1584 36@(1.38227,0.90006)@1299 37@(1.12020,0.73490)@853 38@(1.06331,1.45617)@1877 39@(1.37223,1.03294)@1365 40@(1.44012,0.95473)@1299 41@(1.20504,1.14021)@1024 42@(0.79870,1.20513)@640 43@(1.18807,0.80011)@1421 44@(1.24034,1.08053)@2096 45@(1.41316,0.75518)@2030 46@(1.33203,1.04123)@2315 47@(0.88158,1.24163)@1421 48@(0.96680,1.40436)@2598 49@(1.26144,0.92386)@1299
#links runNum=0 6-16@-84dBm@0.974 20-48@-87dBm@0.940 15-31@-97dBm@0.045 9-14@-81dBm@0.985 9-33@-91dBm@0.758 33-43@-94dBm@0.517 4-8@-85dBm@0.960 16-25@-93dBm@0.642 14-20@-85dBm@0.965 2-7@-88dBm@0.934 9-20@-88dBm@0.901 10-19@-95dBm@0.215 2-33@-97dBm@0.026 8-26@-82dBm@0.980 4-14@-93dBm@0.639 35-45@-95dBm@0.316 9-41@-80dBm@0.989 3-7@-85dBm@0.960 21-48@-86dBm@0.954 4-49@-95dBm@0.218 9-16@-86dBm@0.958 32-36@-93dBm@0.616 5-6@-89dBm@0.887 6-15@-91dBm@0.743 5-27@-94dBm@0.410 29-32@-95dBm@0.262 16-41@-87dBm@0.949 20-34@-92dBm@0.679 5-9@-92dBm@0.683 0-15@-94dBm@0.343 16-23@-89dBm@0.875 6-9@-94dBm@0.510 39-45@-95dBm@0.315 7-37@-92dBm@0.673 37-44@-95dBm@0.299 2-4@-92dBm@0.674 11-43@-94dBm@0.508 7-33@-91dBm@0.732 21-47@-91dBm@0.730 1-8@-91dBm@0.797 11-18@-97dBm@0.053 5-47@-92dBm@0.665 0-2@-92dBm@0.708 13-28@-94dBm@0.508 0-43@-95dBm@0.244 21-35@-97dBm@0.045 12-46@-90dBm@0.855 8-22@-87dBm@0.939 10-44@-87dBm@0.941 20-23@-88dBm@0.911 6-12@-91dBm@0.790 1-4@-85dBm@0.964 23-24@-90dBm@0.865 10-33@-85dBm@0.965 2-15@-88dBm@0.934 11-13@-93dBm@0.524 23-26@-92dBm@0.672 1-5@-90dBm@0.861 19-42@-92dBm@0.692 34-45@-97dBm@0.062 38-48@-90dBm@0.852 17-40@-80dBm@0.989 13-31@-90dBm@0.861 0-42@-90dBm@0.861 5-13@-88dBm@0.915 14-25@-94dBm@0.491 18-20@-93dBm@0.653 6-17@-96dBm@0.090 19-35@-91dBm@0.750 6-25@-88dBm@0.922 0-22@-88dBm@0.934 29-47@-86dBm@0.957 5-11@-90dBm@0.863 15-26@-89dBm@0.865 19-34@-82dBm@0.980 11-20@-96dBm@0.166 2-17@-91dBm@0.731 7-32@-93dBm@0.659 20-47@-87dBm@0.949 14-24@-86dBm@0.953 3-39@-77dBm@1.000 40-44@-88dBm@0.933 24-47@-96dBm@0.132 13-22@-75dBm@1.000 6-7@-80dBm@0.994 6-13@-94dBm@0.466 9-39@-94dBm@0.355 18-25@-85dBm@0.964 1-12@-89dBm@0.867 21-30@-87dBm@0.947 1-41@-96dBm@0.104 32-38@-94dBm@0.342 14-27@-96dBm@0.189 13-38@-93dBm@0.617 22-29@-89dBm@0.866 5-22@-96dBm@0.129 16-33@-91dBm@0.790 39-46@-80dBm@0.990 6-49@-87dBm@0.944 3-41@-93dBm@0.656 6-44@-68dBm@1.000 43-45@-92dBm@0.677 16-39@-95dBm@0.318 18-31@-89dBm@0.866 32-44@-92dBm@0.703 1-18@-92dBm@0.700 18-24@-88dBm@0.928 22-27@-95dBm@0.210 0-13@-94dBm@0.381 2-6@-92dBm@0.680 2-30@-94dBm@0.490 16-45@-91dBm@0.757 4-29@-91dBm@0.736 25-31@-83dBm@0.976 7-25@-89dBm@0.865 31-41@-91dBm@0.728 9-21@-88dBm@0.906 15-23@-87dBm@0.944 37-43@-87dBm@0.941 0-12@-95dBm@0.208 18-42@-97dBm@0.070 12-23@-85dBm@0.959 5-28@-89dBm@0.872 21-23@-96dBm@0.098 26-46@-96dBm@0.118 6-11@-90dBm@0.862 8-25@-91dBm@0.723 15-49@-94dBm@0.514 7-17@-86dBm@0.954 6-10@-91dBm@0.801 13-18@-89dBm@0.901 27-42@-95dBm@0.308 4-41@-96dBm@0.183 20-21@-75dBm@1.000 21-27@-94dBm@0.435 3-10@-86dBm@0.957 6-18@-87dBm@0.940 3-43@-94dBm@0.516 13-14@-93dBm@0.536 4-6@-89dBm@0.870 20-27@-93dBm@0.637 18-28@-81dBm@0.986 41-44@-85dBm@0.961 32-39@-97dBm@0.044 15-30@-96dBm@0.126 2-43@-94dBm@0.336 13-20@-92dBm@0.662 8-35@-97dBm@0.016 5-15@-83dBm@0.974 8-39@-94dBm@0.335 33-49@-85dBm@0.963 20-29@-91dBm@0.778 10-15@-96dBm@0.184 0-5@-85dBm@0.962 43-46@-89dBm@0.869 31-45@-95dBm@0.271 1-2@-89dBm@0.881 21-24@-94dBm@0.397 0-4@-91dBm@0.776 22-26@-97dBm@0.031 2-49@-85dBm@0.962 23-27@-82dBm@0.983 34-37@-92dBm@0.699 19-47@-89dBm@0.900 46-49@-86dBm@0.957 1-25@-89dBm@0.866 25-44@-94dBm@0.370 1-47@-96dBm@0.152 26-34@-91dBm@0.747 33-45@-90dBm@0.860 23-41@-93dBm@0.557 7-21@-94dBm@0.475 7-44@-80dBm@0.993 26-44@-95dBm@0.202 0-8@-93dBm@0.527 5-12@-97dBm@0.006 25-33@-96dBm@0.180 15-39@-86dBm@0.953 0-37@-93dBm@0.648 44-46@-89dBm@0.866 7-29@-95dBm@0.200 7-8@-97dBm@0.067 1-49@-97dBm@0.066 32-34@-92dBm@0.689 18-27@-83dBm@0.974 1-16@-97dBm@0.044 34-35@-94dBm@0.350 11-49@-89dBm@0.877 13-27@-95dBm@0.301 4-42@-93dBm@0.572 22-34@-91dBm@0.787 1-35@-91dBm@0.727 8-38@-93dBm@0.658 2-36@-84dBm@0.969 9-10@-96dBm@0.178 11-21@-93dBm@0.647 47-49@-96dBm@0.100 9-18@-91dBm@0.720 30-38@-93dBm@0.568 12-13@-94dBm@0.360 31-43@-88dBm@0.906 5-19@-90dBm@0.809 18-19@-92dBm@0.667 18-39@-91dBm@0.745 6-46@-91dBm@0.739 36-49@-93dBm@0.601 10-43@-95dBm@0.290 44-45@-97dBm@0.054 20-26@-83dBm@0.974 1-33@-87dBm@0.939 11-25@-92dBm@0.695 6-36@-90dBm@0.835 2-16@-84dBm@0.969 13-19@-81dBm@0.985 2-5@-91dBm@0.773 4-9@-91dBm@0.732 26-35@-93dBm@0.638 3-17@-93dBm@0.645 25-34@-94dBm@0.358 22-33@-95dBm@0.230 9-11@-94dBm@0.518 7-43@-96dBm@0.164 41-49@-97dBm@0.009 17-36@-89dBm@0.874 26-45@-96dBm@0.141 22-42@-95dBm@0.313 1-15@-78dBm@1.000 5-25@-93dBm@0.646 0-32@-90dBm@0.865 12-15@-95dBm@0.203 24-25@-93dBm@0.650 10-46@-79dBm@0.997 20-28@-88dBm@0.910 0-29@-88dBm@0.933 0-3@-92dBm@0.679 27-41@-88dBm@0.935 2-3@-83dBm@0.979 5-43@-92dBm@0.700 22-30@-86dBm@0.958 25-28@-92dBm@0.691 18-41@-86dBm@0.955 3-40@-92dBm@0.677 22-28@-85dBm@0.960 26-27@-94dBm@0.434 1-31@-88dBm@0.935 25-26@-89dBm@0.868 29-42@-94dBm@0.380 2-40@-86dBm@0.957 16-22@-97dBm@0.022 0-41@-93dBm@0.587 0-1@-93dBm@0.638 9-32@-95dBm@0.251 30-34@-89dBm@0.882 33-36@-81dBm@0.987 0-6@-95dBm@0.237 12-30@-93dBm@0.552 7-9@-88dBm@0.904 25-46@-89dBm@0.866 10-39@-84dBm@0.974 37-40@-95dBm@0.274 15-18@-92dBm@0.712 9-12@-93dBm@0.543 15-46@-91dBm@0.723 35-37@-90dBm@0.862 24-39@-94dBm@0.363 1-3@-84dBm@0.974 22-38@-95dBm@0.197 19-23@-92dBm@0.685 31-44@-96dBm@0.115 35-49@-92dBm@0.691 12-18@-88dBm@0.919 4-13@-91dBm@0.785 33-37@-92dBm@0.669 2-10@-85dBm@0.966 14-26@-92dBm@0.683 33-44@-93dBm@0.659 21-22@-96dBm@0.140 2-32@-92dBm@0.708 8-28@-86dBm@0.952 5-14@-88dBm@0.937 32-43@-88dBm@0.933 14-28@-88dBm@0.935 6-34@-95dBm@0.201 14-46@-91dBm@0.801 5-29@-96dBm@0.182 15-44@-89dBm@0.895 42-47@-81dBm@0.986 10-30@-93dBm@0.551
#aveChargePerCycle runNum=0 0@154.33 1@36.59 2@57.18 3@10.17 4@28.30 5@36.76 6@9.92 7@1.30 8@24.83 9@18.23 10@1.30 11@2.59 12@7.98 13@2.59 14@10.01 15@1.94 16@7.08 17@1.30 18@1.30 19@10.10 20@7.08 21@1.30 22@6.84 23@1.30 24@1.30 25@1.30 26@1.30 27@2.59 28@2.59 29@1.30 30@1.30 31@1.30 32@1.30 33@1.30 34@1.30 35@1.94 36@1.30 37@1.30 38@3.24 39@1.30 40@1.30 41@1.30 42@1.30 43@1.94 44@1.30 45@1.94 46@1.30 47@3.24 48@1.30 49@1.30