## dioPeriod = 1.0
## startTime = 1502276497.33
## numMotes = 50
## otfHousekeepingPeriod = 1.0
## slotframeLength = 101
## squareSide = 2.0
## cpuID = 29
## sixtopPdrThreshold = 1.5
## slotDuration = 0.01
## sixtopNoHousekeeping = 0
## pkPeriodVar = 0.05
## numCyclesPerRun = 100
## numRuns = 1
## otfThreshold = 1
## sixtopNoRemoveWorstCell = 0
## burstTimestamp = 20
## simDataDir = simData
## numChans = 16
## minRssi = -97
## noInterference = 0
## algorithm = local_voting
## numPacketsBurst = 5
## gui = False
## pkPeriod = None
## combinationKeys = ['algorithm', 'numMotes', 'otfThreshold']
## sixtopHousekeepingPeriod = 1.0


# appGenerated appReachesDagroot appRelayed aveHops aveLatency aveQueueDelay chargeConsumed collidedTxs cycle droppedAppFailedEnqueue droppedMacRetries droppedNoRoute droppedNoTxCells droppedQueueFull effectiveCollidedTxs numRxCells numTx numTxCells otfAdd otfRemove probableCollisions rplChurnParentSet rplChurnPrefParent rplChurnRank rplRxDIO rplTxDIO runNum scheduleCollisions topRxRelocatedCells topTxRelocatedBundles topTxRelocatedCells txQueueFill
             0                 0          0       0          0             0              0           0     0                       0                 0              0                0                0                    0          0     0          0      0         0                  0                 0                  0            0        0        0      0                  0                   0                     0                   0           0
             0                 0          0       0          0             0              0           0     1                       0                 0              0                0                0                    0          0     0          0      0         0                  0               139                 62            6      444       50      0                  0                   0                     0                   0           0
             0                 0          0       0          0             0              0           0     2                       0                 0              0                0                0                    0          0     0          0      0         0                  0                 0                 85            0      444       50      0                  0                   0                     0                   0           0
             0                 0          0       0          0             0              0           0     3                       0                 0              0                0                0                    0          0     0          0      0         0                  0                 0                 85            0      444       50      0                  0                   0                     0                   0           0
             0                 0          0       0          0             0              0           0     4                       0                 0              0                0                0                    0          0     0          0      0         0                  0                 0                 85            0      444       50      0                  0                   0                     0                   0           0
             0                 0          0       0          0             0              0           0     5                       0                 0              0                0                0                    0          0     0          0      0         0                  0                 0                 85            0      444       50      0                  0                   0                     0                   0           0
             0                 0          0       0          0             0              0           0     6                       0                 0              0                0                0                    0          0     0          0      0         0                  0                 0                 85            0      444       50      0                  0                   0                     0                   0           0
             0                 0          0       0          0             0              0           0     7                       0                 0              0                0                0                    0          0     0          0      0         0                  0                 0                 85            0      444       50      0                  0                   0                     0                   0           0
             0                 0          0       0          0             0              0           0     8                       0                 0              0                0                0                    0          0     0          0      0         0                  0                 0                 85            0      444       50      0                  0                   0                     0                   0           0
             0                 0          0       0          0             0              0           0     9                       0                 0              0                0                0                    0          0     0          0      0         0                  0                 0                 85            0      444       50      0                  0                   0                     0                   0           0
             0                 0          0       0          0             0              0           0    10                       0                 0              0                0                0                    0          0     0          0      0         0                  0                 0                 85            0      444       50      0                  0                   0                     0                   0           0
             0                 0          0       0          0             0              0           0    11                       0                 0              0                0                0                    0          0     0          0      0         0                  0                 0                 85            0      444       50      0                  0                   0                     0                   0           0
             0                 0          0       0          0             0              0           0    12                       0                 0              0                0                0                    0          0     0          0      0         0                  0                 0                 85            0      444       50      0                  0                   0                     0                   0           0
             0                 0          0       0          0             0              0           0    13                       0                 0              0                0                0                    0          0     0          0      0         0                  0                 0                 85            0      444       50      0                  0                   0                     0                   0           0
             0                 0          0       0          0             0              0           0    14                       0                 0              0                0                0                    0          0     0          0      0         0                  0                 0                 85            0      444       50      0                  0                   0                     0                   0           0
             0                 0          0       0          0             0              0           0    15                       0                 0              0                0                0                    0          0     0          0      0         0                  0                 0                 85            0      444       50      0                  0                   0                     0                   0           0
             0                 0          0       0          0             0              0           0    16                       0                 0              0                0                0                    0          0     0          0      0         0                  0                 0                 85            0      444       50      0                  0                   0                     0                   0           0
             0                 0          0       0          0             0              0           0    17                       0                 0              0                0                0                    0          0     0          0      0         0                  0                 0                 85            0      444       50      0                  0                   0                     0                   0           0
             0                 0          0       0          0             0              0           0    18                       0                 0              0                0                0                    0          0     0          0      0         0                  0                 0                 85            0      444       50      0                  0                   0                     0                   0           0
            49                 2          5   1.000      2.500        65.000       1016.640           0    19                       0                 0              0                0                0                    0         69     7         69      0         0                  0                 0                 85            0      444       50      0                  0                   0                     0                   0          47
             0                26         32   1.769     86.269      2319.405      13745.980          31    20                       0                 0              0                0                2                    9        272    65        272      0         0                  0                 3                 87           12      444       50      0                 16                   0                     0                   0          21
             0                18          7   2.167    161.889      1305.808      21842.700           0    21                       0                 0              0                0                1                    0        101    27        101      0         0                  0                 9                 77           50      444       50      0                  0                   1                     0                   0           3
             0                 3          1   2.333    235.000       216.000      23934.780           0    22                       0                 0              0                0                0                    0         38     1         38      0         0                  0                 4                 75           45      443       50      0                  0                   0                     0                   0           0
             0                 0          0       0          0             0      24254.580           0    23                       0                 0              0                0                0                    0          0     0          0      0         0                  0                 1                 70           21      444       50      0                  0                   0                     0                   0           0
             0                 0          0       0          0             0      24254.580           0    24                       0                 0              0                0                0                    0          0     0          0      0         0                  0                 1                 76            5      444       50      0                  0                   0                     0                   0           0
             0                 0          0       0          0             0      24254.580           0    25                       0                 0              0                0                0                    0          0     0          0      0         0                  0                 0                 76            0      444       50      0                  0                   0                     0                   0           0
             0                 0          0       0          0             0      24254.580           0    26                       0                 0              0                0                0                    0          0     0          0      0         0                  0                 0                 76            0      444       50      0                  0                   0                     0                   0           0
             0                 0          0       0          0             0      24254.580           0    27                       0                 0              0                0                0                    0          0     0          0      0         0                  0                 0                 76            0      444       50      0                  0                   0                     0                   0           0
             0                 0          0       0          0             0      24254.580           0    28                       0                 0              0                0                0                    0          0     0          0      0         0                  0                 0                 76            0      444       50      0                  0                   0                     0                   0           0
             0                 0          0       0          0             0      24254.580           0    29                       0                 0              0                0                0                    0          0     0          0      0         0                  0                 0                 76            0      444       50      0                  0                   0                     0                   0           0
             0                 0          0       0          0             0      24254.580           0    30                       0                 0              0                0                0                    0          0     0          0      0         0                  0                 0                 76            0      444       50      0                  0                   0                     0                   0           0
             0                 0          0       0          0             0      24254.580           0    31                       0                 0              0                0                0                    0          0     0          0      0         0                  0                 0                 76            0      444       50      0                  0                   0                     0                   0           0
             0                 0          0       0          0             0      24254.580           0    32                       0                 0              0                0                0                    0          0     0          0      0         0                  0                 0                 76            0      444       50      0                  0                   0                     0                   0           0
             0                 0          0       0          0             0      24254.580           0    33                       0                 0              0                0                0                    0          0     0          0      0         0                  0                 0                 76            0      444       50      0                  0                   0                     0                   0           0
             0                 0          0       0          0             0      24254.580           0    34                       0                 0              0                0                0                    0          0     0          0      0         0                  0                 0                 76            0      444       50      0                  0                   0                     0                   0           0
             0                 0          0       0          0             0      24254.580           0    35                       0                 0              0                0                0                    0          0     0          0      0         0                  0                 0                 76            0      444       50      0                  0                   0                     0                   0           0
             0                 0          0       0          0             0      24254.580           0    36                       0                 0              0                0                0                    0          0     0          0      0         0                  0                 0                 76            0      444       50      0                  0                   0                     0                   0           0
             0                 0          0       0          0             0      24254.580           0    37                       0                 0              0                0                0                    0          0     0          0      0         0                  0                 0                 76            0      444       50      0                  0                   0                     0                   0           0
             0                 0          0       0          0             0      24254.580           0    38                       0                 0              0                0                0                    0          0     0          0      0         0                  0                 0                 76            0      444       50      0                  0                   0                     0                   0           0
             0                 0          0       0          0             0      24254.580           0    39                       0                 0              0                0                0                    0          0     0          0      0         0                  0                 0                 76            0      444       50      0                  0                   0                     0                   0           0
             0                 0          0       0          0             0      24254.580           0    40                       0                 0              0                0                0                    0          0     0          0      0         0                  0                 0                 76            0      444       50      0                  0                   0                     0                   0           0
             0                 0          0       0          0             0      24254.580           0    41                       0                 0              0                0                0                    0          0     0          0      0         0                  0                 0                 76            0      444       50      0                  0                   0                     0                   0           0
             0                 0          0       0          0             0      24254.580           0    42                       0                 0              0                0                0                    0          0     0          0      0         0                  0                 0                 76            0      444       50      0                  0                   0                     0                   0           0
             0                 0          0       0          0             0      24254.580           0    43                       0                 0              0                0                0                    0          0     0          0      0         0                  0                 0                 76            0      444       50      0                  0                   0                     0                   0           0
             0                 0          0       0          0             0      24254.580           0    44                       0                 0              0                0                0                    0          0     0          0      0         0                  0                 0                 76            0      444       50      0                  0                   0                     0                   0           0
             0                 0          0       0          0             0      24254.580           0    45                       0                 0              0                0                0                    0          0     0          0      0         0                  0                 0                 76            0      444       50      0                  0                   0                     0                   0           0
             0                 0          0       0          0             0      24254.580           0    46                       0                 0              0                0                0                    0          0     0          0      0         0                  0                 0                 76            0      444       50      0                  0                   0                     0                   0           0
             0                 0          0       0          0             0      24254.580           0    47                       0                 0              0                0                0                    0          0     0          0      0         0                  0                 0                 76            0      444       50      0                  0                   0                     0                   0           0
             0                 0          0       0          0             0      24254.580           0    48                       0                 0              0                0                0                    0          0     0          0      0         0                  0                 0                 76            0      444       50      0                  0                   0                     0                   0           0
             0                 0          0       0          0             0      24254.580           0    49                       0                 0              0                0                0                    0          0     0          0      0         0                  0                 0                 76            0      444       50      0                  0                   0                     0                   0           0
             0                 0          0       0          0             0      24254.580           0    50                       0                 0              0                0                0                    0          0     0          0      0         0                  0                 0                 76            0      444       50      0                  0                   0                     0                   0           0
             0                 0          0       0          0             0      24254.580           0    51                       0                 0              0                0                0                    0          0     0          0      0         0                  0                 0                 76            0      444       50      0                  0                   0                     0                   0           0
             0                 0          0       0          0             0      24254.580           0    52                       0                 0              0                0                0                    0          0     0          0      0         0                  0                 0                 76            0      444       50      0                  0                   0                     0                   0           0
             0                 0          0       0          0             0      24254.580           0    53                       0                 0              0                0                0                    0          0     0          0      0         0                  0                 0                 76            0      444       50      0                  0                   0                     0                   0           0
             0                 0          0       0          0             0      24254.580           0    54                       0                 0              0                0                0                    0          0     0          0      0         0                  0                 0                 76            0      444       50      0                  0                   0                     0                   0           0
             0                 0          0       0          0             0      24254.580           0    55                       0                 0              0                0                0                    0          0     0          0      0         0                  0                 0                 76            0      444       50      0                  0                   0                     0                   0           0
             0                 0          0       0          0             0      24254.580           0    56                       0                 0              0                0                0                    0          0     0          0      0         0                  0                 0                 76            0      444       50      0                  0                   0                     0                   0           0
             0                 0          0       0          0             0      24254.580           0    57                       0                 0              0                0                0                    0          0     0          0      0         0                  0                 0                 76            0      444       50      0                  0                   0                     0                   0           0
             0                 0          0       0          0             0      24254.580           0    58                       0                 0              0                0                0                    0          0     0          0      0         0                  0                 0                 76            0      444       50      0                  0                   0                     0                   0           0
            49                 5         14   1.200     32.800       541.000      28049.580          22    59                       0                 0              0                0                0                    7        162    25        162      0         0                  0                 0                 76            0      444       50      0                 11                   0                     0                   0          44
             0                43         31   2.023    110.047      2862.917      43872.340          10    60                       0                 0              0                0                0                    4        205    78        205      0         0                  4                 3                 85           28      444       50      0                  5                   2                     0                   0           1
             0                 0          1       0          0       182.000      45431.880           0    61                       0                 0              0                0                0                    0          0     0          0      0         0                  0                 5                 81           52      444       50      0                  0                   0                     0                   0           1
             0                 1          0   2.000    274.000        92.000      47738.400           0    62                       0                 0              0                0                0                    0        101     1        101      0         0                  0                 3                 84           47      444       50      0                  0                   0                     0                   0           0
             0                 0          0       0          0             0      47935.200           0    63                       0                 0              0                0                0                    0          0     0          0      0         0                  0                 4                 82            5      444       50      0                  0                   0                     0                   0           0
             0                 0          0       0          0             0      47935.200           0    64                       0                 0              0                0                0                    0          0     0          0      0         0                  0                 0                 78            5      444       50      0                  0                   0                     0                   0           0
             0                 0          0       0          0             0      47935.200           0    65                       0                 0              0                0                0                    0          0     0          0      0         0                  0                 0                 76            0      444       50      0                  0                   0                     0                   0           0
             0                 0          0       0          0             0      47935.200           0    66                       0                 0              0                0                0                    0          0     0          0      0         0                  0                 0                 76            0      444       50      0                  0                   0                     0                   0           0
             0                 0          0       0          0             0      47935.200           0    67                       0                 0              0                0                0                    0          0     0          0      0         0                  0                 0                 76            0      444       50      0                  0                   0                     0                   0           0
             0                 0          0       0          0             0      47935.200           0    68                       0                 0              0                0                0                    0          0     0          0      0         0                  0                 0                 76            0      444       50      0                  0                   0                     0                   0           0
             0                 0          0       0          0             0      47935.200           0    69                       0                 0              0                0                0                    0          0     0          0      0         0                  0                 0                 76            0      444       50      0                  0                   0                     0                   0           0
             0                 0          0       0          0             0      47935.200           0    70                       0                 0              0                0                0                    0          0     0          0      0         0                  0                 0                 76            0      444       50      0                  0                   0                     0                   0           0
             0                 0          0       0          0             0      47935.200           0    71                       0                 0              0                0                0                    0          0     0          0      0         0                  0                 0                 76            0      444       50      0                  0                   0                     0                   0           0
             0                 0          0       0          0             0      47935.200           0    72                       0                 0              0                0                0                    0          0     0          0      0         0                  0                 0                 76            0      444       50      0                  0                   0                     0                   0           0
             0                 0          0       0          0             0      47935.200           0    73                       0                 0              0                0                0                    0          0     0          0      0         0                  0                 0                 76            0      444       50      0                  0                   0                     0                   0           0
             0                 0          0       0          0             0      47935.200           0    74                       0                 0              0                0                0                    0          0     0          0      0         0                  0                 0                 76            0      444       50      0                  0                   0                     0                   0           0
             0                 0          0       0          0             0      47935.200           0    75                       0                 0              0                0                0                    0          0     0          0      0         0                  0                 0                 76            0      444       50      0                  0                   0                     0                   0           0
             0                 0          0       0          0             0      47935.200           0    76                       0                 0              0                0                0                    0          0     0          0      0         0                  0                 0                 76            0      444       50      0                  0                   0                     0                   0           0
             0                 0          0       0          0             0      47935.200           0    77                       0                 0              0                0                0                    0          0     0          0      0         0                  0                 0                 76            0      444       50      0                  0                   0                     0                   0           0
             0                 0          0       0          0             0      47935.200           0    78                       0                 0              0                0                0                    0          0     0          0      0         0                  0                 0                 76            0      444       50      0                  0                   0                     0                   0           0
             0                 0          0       0          0             0      47935.200           0    79                       0                 0              0                0                0                    0          0     0          0      0         0                  0                 0                 76            0      444       50      0                  0                   0                     0                   0           0
             0                 0          0       0          0             0      47935.200           0    80                       0                 0              0                0                0                    0          0     0          0      0         0                  0                 0                 76            0      444       50      0                  0                   0                     0                   0           0
             0                 0          0       0          0             0      47935.200           0    81                       0                 0              0                0                0                    0          0     0          0      0         0                  0                 0                 76            0      444       50      0                  0                   0                     0                   0           0
             0                 0          0       0          0             0      47935.200           0    82                       0                 0              0                0                0                    0          0     0          0      0         0                  0                 0                 76            0      444       50      0                  0                   0                     0                   0           0
             0                 0          0       0          0             0      47935.200           0    83                       0                 0              0                0                0                    0          0     0          0      0         0                  0                 0                 76            0      444       50      0                  0                   0                     0                   0           0
             0                 0          0       0          0             0      47935.200           0    84                       0                 0              0                0                0                    0          0     0          0      0         0                  0                 0                 76            0      444       50      0                  0                   0                     0                   0           0
             0                 0          0       0          0             0      47935.200           0    85                       0                 0              0                0                0                    0          0     0          0      0         0                  0                 0                 76            0      444       50      0                  0                   0                     0                   0           0
             0                 0          0       0          0             0      47935.200           0    86                       0                 0              0                0                0                    0          0     0          0      0         0                  0                 0                 76            0      444       50      0                  0                   0                     0                   0           0
             0                 0          0       0          0             0      47935.200           0    87                       0                 0              0                0                0                    0          0     0          0      0         0                  0                 0                 76            0      444       50      0                  0                   0                     0                   0           0
             0                 0          0       0          0             0      47935.200           0    88                       0                 0              0                0                0                    0          0     0          0      0         0                  0                 0                 76            0      444       50      0                  0                   0                     0                   0           0
             0                 0          0       0          0             0      47935.200           0    89                       0                 0              0                0                0                    0          0     0          0      0         0                  0                 0                 76            0      444       50      0                  0                   0                     0                   0           0
             0                 0          0       0          0             0      47935.200           0    90                       0                 0              0                0                0                    0          0     0          0      0         0                  0                 0                 76            0      444       50      0                  0                   0                     0                   0           0
             0                 0          0       0          0             0      47935.200           0    91                       0                 0              0                0                0                    0          0     0          0      0         0                  0                 0                 76            0      444       50      0                  0                   0                     0                   0           0
             0                 0          0       0          0             0      47935.200           0    92                       0                 0              0                0                0                    0          0     0          0      0         0                  0                 0                 76            0      444       50      0                  0                   0                     0                   0           0
             0                 0          0       0          0             0      47935.200           0    93                       0                 0              0                0                0                    0          0     0          0      0         0                  0                 0                 76            0      444       50      0                  0                   0                     0                   0           0
             0                 0          0       0          0             0      47935.200           0    94                       0                 0              0                0                0                    0          0     0          0      0         0                  0                 0                 76            0      444       50      0                  0                   0                     0                   0           0
             0                 0          0       0          0             0      47935.200           0    95                       0                 0              0                0                0                    0          0     0          0      0         0                  0                 0                 76            0      444       50      0                  0                   0                     0                   0           0
             0                 0          0       0          0             0      47935.200           0    96                       0                 0              0                0                0                    0          0     0          0      0         0                  0                 0                 76            0      444       50      0                  0                   0                     0                   0           0
             0                 0          0       0          0             0      47935.200           0    97                       0                 0              0                0                0                    0          0     0          0      0         0                  0                 0                 76            0      444       50      0                  0                   0                     0                   0           0
             0                 0          0       0          0             0      47935.200           0    98                       0                 0              0                0                0                    0          0     0          0      0         0                  0                 0                 76            0      444       50      0                  0                   0                     0                   0           0
             0                 0          0       0          0             0      47935.200           0    99                       0                 0              0                0                0                    0          0     0          0      0         0                  0                 0                 76            0      444       50      0                  0                   0                     0                   0           0
#pos runNum=0 0@(1.00000,1.00000)@0 1@(1.07422,1.03137)@568 2@(0.94063,0.93176)@640 3@(1.20261,0.84921)@640 4@(0.92357,1.00552)@640 5@(1.17029,0.97954)@1421 6@(0.99234,0.81605)@853 7@(1.16476,0.96157)@1136 8@(0.98477,1.05694)@853 9@(1.43711,0.71561)@1493 10@(0.88585,1.01990)@1208 11@(0.88494,1.01787)@1208 12@(1.17521,1.17435)@1136 13@(0.65392,0.80234)@1706 14@(1.41029,1.01500)@1421 15@(0.81085,1.04163)@1208 16@(1.42831,0.83983)@1776 17@(0.81105,0.76327)@1493 18@(1.38853,0.89176)@1989 19@(1.35589,0.91249)@1208 20@(0.96240,1.15902)@568 21@(1.02091,0.84521)@1136 22@(1.06122,1.21791)@1136 23@(1.23562,0.89064)@1848 24@(1.08679,1.33876)@1371 25@(0.96803,0.97875)@568 26@(1.65542,0.76601)@2507 27@(1.14307,1.10137)@568 28@(1.03380,0.97037)@1371 29@(1.16174,1.15921)@1208 30@(0.94422,0.83134)@1280 31@(0.78427,0.86532)@640 32@(1.03127,1.18456)@1136 33@(1.34128,0.87474)@1867 34@(1.02647,0.93608)@1136 35@(1.03810,1.26937)@731 36@(1.02384,1.31950)@1208 37@(1.29089,1.15898)@1299 38@(1.11298,0.80435)@1299 39@(1.33040,1.17672)@1421 40@(0.95287,0.87315)@1421 41@(0.75516,0.70394)@1664 42@(0.77468,0.97426)@1584 43@(0.91423,1.04946)@1208 44@(1.18433,1.32059)@1299 45@(1.66907,0.72313)@2445 46@(1.28762,1.03418)@1136 47@(1.26761,1.23035)@1867 48@(1.09777,1.11813)@1989 49@(0.95788,0.88133)@1280
#links runNum=0 4-15@-88dBm@0.933 4-49@-85dBm@0.960 12-39@-96dBm@0.102 21-43@-91dBm@0.730 5-15@-93dBm@0.562 16-45@-92dBm@0.679 9-18@-94dBm@0.504 4-8@-79dBm@0.998 31-38@-96dBm@0.160 0-35@-92dBm@0.706 11-15@-95dBm@0.271 16-19@-90dBm@0.862 7-27@-88dBm@0.920 35-36@-94dBm@0.480 3-7@-85dBm@0.960 12-33@-91dBm@0.721 1-14@-92dBm@0.697 37-47@-87dBm@0.939 2-23@-95dBm@0.299 4-33@-96dBm@0.152 1-25@-93dBm@0.654 12-27@-84dBm@0.970 15-38@-95dBm@0.249 5-9@-93dBm@0.658 7-21@-96dBm@0.178 8-21@-94dBm@0.409 9-45@-96dBm@0.163 38-48@-94dBm@0.384 9-19@-92dBm@0.713 18-23@-89dBm@0.900 2-4@-88dBm@0.931 1-7@-85dBm@0.961 0-25@-81dBm@0.986 8-30@-90dBm@0.861 1-8@-89dBm@0.884 29-36@-90dBm@0.861 19-49@-96dBm@0.086 6-30@-89dBm@0.866 1-49@-94dBm@0.377 32-37@-96dBm@0.150 22-47@-91dBm@0.753 2-25@-79dBm@1.000 22-24@-83dBm@0.974 8-22@-90dBm@0.861 3-15@-95dBm@0.296 30-42@-90dBm@0.865 2-36@-96dBm@0.170 15-20@-96dBm@0.097 20-40@-93dBm@0.657 8-15@-93dBm@0.535 19-44@-93dBm@0.635 1-4@-86dBm@0.958 10-15@-83dBm@0.974 17-46@-95dBm@0.214 10-22@-96dBm@0.166 28-29@-88dBm@0.934 1-5@-93dBm@0.645 19-38@-91dBm@0.744 17-22@-96dBm@0.155 7-20@-92dBm@0.663 7-48@-93dBm@0.654 4-43@-77dBm@1.000 11-13@-92dBm@0.674 16-26@-91dBm@0.796 0-20@-88dBm@0.908 13-17@-91dBm@0.734 12-48@-87dBm@0.948 22-32@-80dBm@0.990 4-31@-96dBm@0.182 12-24@-90dBm@0.862 26-46@-96dBm@0.087 30-34@-96dBm@0.170 21-49@-94dBm@0.336 33-47@-93dBm@0.609 1-37@-91dBm@0.751 4-46@-97dBm@0.067 32-49@-91dBm@0.742 10-48@-88dBm@0.934 1-40@-93dBm@0.632 7-38@-94dBm@0.515 4-11@-85dBm@0.959 22-37@-90dBm@0.820 1-2@-92dBm@0.715 35-37@-97dBm@0.004 22-29@-89dBm@0.896 18-29@-92dBm@0.710 1-46@-88dBm@0.935 6-13@-92dBm@0.672 32-39@-95dBm@0.216 1-12@-87dBm@0.942 17-21@-92dBm@0.691 1-36@-90dBm@0.862 18-19@-95dBm@0.215 22-48@-89dBm@0.869 22-25@-90dBm@0.828 19-33@-78dBm@1.000 15-32@-93dBm@0.646 40-49@-81dBm@0.985 1-28@-96dBm@0.137 0-9@-95dBm@0.238 9-27@-95dBm@0.274 3-19@-88dBm@0.934 11-42@-97dBm@0.070 6-8@-93dBm@0.634 25-43@-89dBm@0.878 6-25@-95dBm@0.212 11-29@-93dBm@0.648 2-49@-89dBm@0.869 2-6@-86dBm@0.957 25-34@-80dBm@0.990 7-49@-91dBm@0.747 44-47@-95dBm@0.226 0-6@-92dBm@0.670 0-27@-88dBm@0.935 33-49@-96dBm@0.124 1-39@-93dBm@0.649 8-42@-88dBm@0.904 2-20@-90dBm@0.856 5-6@-91dBm@0.737 4-35@-91dBm@0.719 25-38@-91dBm@0.719 3-46@-90dBm@0.838 23-32@-91dBm@0.736 7-16@-90dBm@0.828 34-47@-96dBm@0.088 4-28@-91dBm@0.755 6-10@-88dBm@0.920 32-34@-93dBm@0.604 17-30@-90dBm@0.855 28-30@-93dBm@0.556 5-14@-93dBm@0.542 20-24@-96dBm@0.171 8-11@-93dBm@0.543 15-48@-94dBm@0.368 7-39@-96dBm@0.121 42-43@-96dBm@0.171 18-39@-91dBm@0.785 20-30@-95dBm@0.230 39-48@-92dBm@0.665 23-46@-89dBm@0.885 33-45@-92dBm@0.673 29-47@-85dBm@0.962 11-30@-86dBm@0.950 30-40@-88dBm@0.933 1-21@-88dBm@0.915 20-44@-92dBm@0.707 6-23@-93dBm@0.654 15-30@-94dBm@0.331 12-40@-97dBm@0.012 19-26@-94dBm@0.508 27-47@-86dBm@0.955 12-29@-96dBm@0.163 28-35@-91dBm@0.735 20-29@-89dBm@0.893 1-43@-90dBm@0.847 0-4@-90dBm@0.843 37-39@-90dBm@0.835 5-20@-93dBm@0.653 6-47@-96dBm@0.130 11-22@-89dBm@0.869 19-47@-94dBm@0.371 5-27@-95dBm@0.252 6-7@-90dBm@0.827 22-35@-79dBm@0.998 34-36@-97dBm@0.071 18-33@-83dBm@0.978 0-15@-95dBm@0.314 24-28@-94dBm@0.381 34-40@-95dBm@0.211 4-24@-92dBm@0.702 14-46@-87dBm@0.943 3-35@-95dBm@0.259 20-32@-80dBm@0.992 0-8@-92dBm@0.696 34-37@-92dBm@0.675 30-49@-95dBm@0.318 4-23@-91dBm@0.754 31-49@-86dBm@0.958 10-11@-60dBm@1.000 1-22@-88dBm@0.929 8-20@-90dBm@0.842 20-25@-86dBm@0.958 10-40@-87dBm@0.938 24-27@-90dBm@0.853 21-35@-97dBm@0.018 0-2@-90dBm@0.853 44-48@-93dBm@0.653 20-31@-91dBm@0.766 10-13@-92dBm@0.681 11-43@-93dBm@0.533 24-44@-89dBm@0.878 9-16@-93dBm@0.556 14-45@-93dBm@0.565 6-11@-96dBm@0.182 10-32@-88dBm@0.933 6-37@-96dBm@0.164 7-12@-90dBm@0.847 28-49@-85dBm@0.962 2-15@-86dBm@0.951 8-40@-91dBm@0.742 5-7@-67dBm@1.000 8-10@-89dBm@0.892 4-25@-82dBm@0.983 21-23@-96dBm@0.144 2-10@-81dBm@0.985 3-27@-91dBm@0.725 12-49@-93dBm@0.618 29-34@-93dBm@0.649 5-46@-83dBm@0.974 12-18@-93dBm@0.634 2-5@-93dBm@0.632 28-44@-95dBm@0.269 38-40@-85dBm@0.959 7-18@-92dBm@0.662 5-31@-93dBm@0.658 17-41@-91dBm@0.757 3-5@-91dBm@0.754 24-32@-97dBm@0.009 8-46@-93dBm@0.606 42-48@-93dBm@0.562 25-40@-95dBm@0.234 11-41@-91dBm@0.718 2-17@-92dBm@0.697 20-28@-88dBm@0.934 1-27@-95dBm@0.199 21-28@-91dBm@0.740 20-35@-96dBm@0.158 15-39@-96dBm@0.150 23-28@-91dBm@0.728 12-35@-88dBm@0.935 32-35@-84dBm@0.971 6-21@-81dBm@0.985 0-3@-90dBm@0.862 27-30@-92dBm@0.670 2-3@-93dBm@0.535 7-23@-86dBm@0.953 4-20@-96dBm@0.172 3-9@-93dBm@0.657 3-16@-95dBm@0.289 0-31@-90dBm@0.864 18-48@-95dBm@0.216 1-6@-94dBm@0.386 11-17@-89dBm@0.882 5-37@-88dBm@0.937 15-42@-79dBm@1.000 16-18@-82dBm@0.983 28-34@-71dBm@1.000 36-43@-95dBm@0.207 3-30@-91dBm@0.725 42-49@-94dBm@0.437 0-1@-85dBm@0.962 7-14@-90dBm@0.864 4-32@-94dBm@0.378 11-12@-93dBm@0.640 2-30@-89dBm@0.886 17-32@-96dBm@0.141 7-9@-92dBm@0.696 8-25@-91dBm@0.743 4-34@-95dBm@0.240 31-36@-97dBm@0.074 9-21@-94dBm@0.500 1-3@-89dBm@0.896 18-26@-91dBm@0.773 0-37@-95dBm@0.269 6-42@-92dBm@0.715 24-36@-92dBm@0.677 21-25@-86dBm@0.958 11-44@-95dBm@0.260 5-35@-92dBm@0.679 10-18@-96dBm@0.138 11-40@-94dBm@0.453 40-43@-96dBm@0.130 11-49@-91dBm@0.726 23-36@-96dBm@0.180 4-41@-93dBm@0.529 16-33@-88dBm@0.926 15-25@-89dBm@0.866 12-44@-93dBm@0.588 1-23@-94dBm@0.478 14-16@-90dBm@0.810
#aveChargePerCycle runNum=0 0@144.00 1@98.09 2@25.77 3@15.31 4@22.05 5@2.59 6@13.03 7@21.89 8@1.94 9@1.30 10@1.30 11@1.94 12@7.49 13@1.30 14@8.96 15@5.19 16@10.68 17@1.94 18@3.89 19@1.30 20@20.87 21@1.30 22@6.59 23@3.89 24@1.30 25@11.39 26@1.94 27@1.30 28@3.24 29@1.30 30@1.30 31@1.30 32@1.30 33@1.30 34@1.30 35@2.59 36@3.24 37@1.30 38@1.30 39@3.89 40@1.94 41@2.59 42@1.94 43@1.30 44@1.30 45@1.94 46@1.94 47@1.30 48@1.30 49@1.94