## dioPeriod = 1.0
## startTime = 1502276496.47
## numMotes = 50
## otfHousekeepingPeriod = 1.0
## slotframeLength = 101
## squareSide = 2.0
## cpuID = 79
## sixtopPdrThreshold = 1.5
## slotDuration = 0.01
## sixtopNoHousekeeping = 0
## pkPeriodVar = 0.05
## numCyclesPerRun = 100
## numRuns = 1
## otfThreshold = 1
## sixtopNoRemoveWorstCell = 0
## burstTimestamp = 20
## simDataDir = simData
## numChans = 16
## minRssi = -97
## noInterference = 0
## algorithm = local_voting
## numPacketsBurst = 5
## gui = False
## pkPeriod = None
## combinationKeys = ['algorithm', 'numMotes', 'otfThreshold']
## sixtopHousekeepingPeriod = 1.0


# appGenerated appReachesDagroot appRelayed aveHops aveLatency aveQueueDelay chargeConsumed collidedTxs cycle droppedAppFailedEnqueue droppedMacRetries droppedNoRoute droppedNoTxCells droppedQueueFull effectiveCollidedTxs numRxCells numTx numTxCells otfAdd otfRemove probableCollisions rplChurnParentSet rplChurnPrefParent rplChurnRank rplRxDIO rplTxDIO runNum scheduleCollisions topRxRelocatedCells topTxRelocatedBundles topTxRelocatedCells txQueueFill
             0                 0          0       0          0             0              0           0     0                       0                 0              0                0                0                    0          0     0          0      0         0                  0                 0                  0            0        0        0      0                  0                   0                     0                   0           0
             0                 0          0       0          0             0              0           0     1                       0                 0              0                0                0                    0          0     0          0      0         0                  0               136                100            2      502       50      0                  0                   0                     0                   0           0
             0                 0          0       0          0             0              0           0     2                       0                 0              0                0                0                    0          0     0          0      0         0                  0                 0                145            1      502       50      0                  0                   0                     0                   0           0
             0                 0          0       0          0             0              0           0     3                       0                 0              0                0                0                    0          0     0          0      0         0                  0                 0                144            0      502       50      0                  0                   0                     0                   0           0
             0                 0          0       0          0             0              0           0     4                       0                 0              0                0                0                    0          0     0          0      0         0                  0                 0                144            0      502       50      0                  0                   0                     0                   0           0
             0                 0          0       0          0             0              0           0     5                       0                 0              0                0                0                    0          0     0          0      0         0                  0                 0                144            0      502       50      0                  0                   0                     0                   0           0
             0                 0          0       0          0             0              0           0     6                       0                 0              0                0                0                    0          0     0          0      0         0                  0                 0                144            0      502       50      0                  0                   0                     0                   0           0
             0                 0          0       0          0             0              0           0     7                       0                 0              0                0                0                    0          0     0          0      0         0                  0                 0                144            0      502       50      0                  0                   0                     0                   0           0
             0                 0          0       0          0             0              0           0     8                       0                 0              0                0                0                    0          0     0          0      0         0                  0                 0                144            0      502       50      0                  0                   0                     0                   0           0
             0                 0          0       0          0             0              0           0     9                       0                 0              0                0                0                    0          0     0          0      0         0                  0                 0                144            0      502       50      0                  0                   0                     0                   0           0
             0                 0          0       0          0             0              0           0    10                       0                 0              0                0                0                    0          0     0          0      0         0                  0                 0                144            0      502       50      0                  0                   0                     0                   0           0
             0                 0          0       0          0             0              0           0    11                       0                 0              0                0                0                    0          0     0          0      0         0                  0                 0                144            0      502       50      0                  0                   0                     0                   0           0
             0                 0          0       0          0             0              0           0    12                       0                 0              0                0                0                    0          0     0          0      0         0                  0                 0                144            0      502       50      0                  0                   0                     0                   0           0
             0                 0          0       0          0             0              0           0    13                       0                 0              0                0                0                    0          0     0          0      0         0                  0                 0                144            0      502       50      0                  0                   0                     0                   0           0
             0                 0          0       0          0             0              0           0    14                       0                 0              0                0                0                    0          0     0          0      0         0                  0                 0                144            0      502       50      0                  0                   0                     0                   0           0
             0                 0          0       0          0             0              0           0    15                       0                 0              0                0                0                    0          0     0          0      0         0                  0                 0                144            0      502       50      0                  0                   0                     0                   0           0
             0                 0          0       0          0             0              0           0    16                       0                 0              0                0                0                    0          0     0          0      0         0                  0                 0                144            0      502       50      0                  0                   0                     0                   0           0
             0                 0          0       0          0             0              0           0    17                       0                 0              0                0                0                    0          0     0          0      0         0                  0                 0                144            0      502       50      0                  0                   0                     0                   0           0
             0                 0          0       0          0             0              0           0    18                       0                 0              0                0                0                    0          0     0          0      0         0                  0                 0                144            0      502       50      0                  0                   0                     0                   0           0
            49                 1          5   1.000      1.000        69.000       1053.760           0    19                       0                 0              0                0                0                    0         53     8         53      0         0                  0                 0                144            0      502       50      0                  0                   0                     0                   0          48
             0                25         36   1.760     74.400      2487.000      15226.100          32    20                       0                 0              0                0                8                    9        285    84        285      0         0                  2                 1                145           22      502       50      0                 16                   0                     0                   0          23
             0                23          8   2.304    169.217      1259.300      23804.020           2    21                       0                 0              0                0                6                    1        120    32        120      0         0                  0                 5                154           50      501       50      0                  1                   0                     0                   0           0
             0                 0          0       0          0             0      26067.220           0    22                       0                 0              0                0                0                    0          0     0          0      0         0                  0                 3                140           43      502       50      0                  0                   0                     0                   0           0
             0                 0          0       0          0             0      26067.220           0    23                       0                 0              0                0                0                    0          0     0          0      0         0                  0                 3                138           27      502       50      0                  0                   0                     0                   0           0
             0                 0          0       0          0             0      26067.220           0    24                       0                 0              0                0                0                    0          0     0          0      0         0                  0                 3                138            0      502       50      0                  0                   0                     0                   0           0
             0                 0          0       0          0             0      26067.220           0    25                       0                 0              0                0                0                    0          0     0          0      0         0                  0                 0                138            0      502       50      0                  0                   0                     0                   0           0
             0                 0          0       0          0             0      26067.220           0    26                       0                 0              0                0                0                    0          0     0          0      0         0                  0                 0                138            0      502       50      0                  0                   0                     0                   0           0
             0                 0          0       0          0             0      26067.220           0    27                       0                 0              0                0                0                    0          0     0          0      0         0                  0                 0                138            0      502       50      0                  0                   0                     0                   0           0
             0                 0          0       0          0             0      26067.220           0    28                       0                 0              0                0                0                    0          0     0          0      0         0                  0                 0                138            0      502       50      0                  0                   0                     0                   0           0
             0                 0          0       0          0             0      26067.220           0    29                       0                 0              0                0                0                    0          0     0          0      0         0                  0                 0                138            0      502       50      0                  0                   0                     0                   0           0
             0                 0          0       0          0             0      26067.220           0    30                       0                 0              0                0                0                    0          0     0          0      0         0                  0                 0                138            0      502       50      0                  0                   0                     0                   0           0
             0                 0          0       0          0             0      26067.220           0    31                       0                 0              0                0                0                    0          0     0          0      0         0                  0                 0                138            0      502       50      0                  0                   0                     0                   0           0
             0                 0          0       0          0             0      26067.220           0    32                       0                 0              0                0                0                    0          0     0          0      0         0                  0                 0                138            0      502       50      0                  0                   0                     0                   0           0
             0                 0          0       0          0             0      26067.220           0    33                       0                 0              0                0                0                    0          0     0          0      0         0                  0                 0                138            0      502       50      0                  0                   0                     0                   0           0
             0                 0          0       0          0             0      26067.220           0    34                       0                 0              0                0                0                    0          0     0          0      0         0                  0                 0                138            0      502       50      0                  0                   0                     0                   0           0
             0                 0          0       0          0             0      26067.220           0    35                       0                 0              0                0                0                    0          0     0          0      0         0                  0                 0                138            0      502       50      0                  0                   0                     0                   0           0
             0                 0          0       0          0             0      26067.220           0    36                       0                 0              0                0                0                    0          0     0          0      0         0                  0                 0                138            0      502       50      0                  0                   0                     0                   0           0
             0                 0          0       0          0             0      26067.220           0    37                       0                 0              0                0                0                    0          0     0          0      0         0                  0                 0                138            0      502       50      0                  0                   0                     0                   0           0
             0                 0          0       0          0             0      26067.220           0    38                       0                 0              0                0                0                    0          0     0          0      0         0                  0                 0                138            0      502       50      0                  0                   0                     0                   0           0
             0                 0          0       0          0             0      26067.220           0    39                       0                 0              0                0                0                    0          0     0          0      0         0                  0                 0                138            0      502       50      0                  0                   0                     0                   0           0
             0                 0          0       0          0             0      26067.220           0    40                       0                 0              0                0                0                    0          0     0          0      0         0                  0                 0                138            0      502       50      0                  0                   0                     0                   0           0
             0                 0          0       0          0             0      26067.220           0    41                       0                 0              0                0                0                    0          0     0          0      0         0                  0                 0                138            0      502       50      0                  0                   0                     0                   0           0
             0                 0          0       0          0             0      26067.220           0    42                       0                 0              0                0                0                    0          0     0          0      0         0                  0                 0                138            0      502       50      0                  0                   0                     0                   0           0
             0                 0          0       0          0             0      26067.220           0    43                       0                 0              0                0                0                    0          0     0          0      0         0                  0                 0                138            0      502       50      0                  0                   0                     0                   0           0
             0                 0          0       0          0             0      26067.220           0    44                       0                 0              0                0                0                    0          0     0          0      0         0                  0                 0                138            0      502       50      0                  0                   0                     0                   0           0
             0                 0          0       0          0             0      26067.220           0    45                       0                 0              0                0                0                    0          0     0          0      0         0                  0                 0                138            0      502       50      0                  0                   0                     0                   0           0
             0                 0          0       0          0             0      26067.220           0    46                       0                 0              0                0                0                    0          0     0          0      0         0                  0                 0                138            0      502       50      0                  0                   0                     0                   0           0
             0                 0          0       0          0             0      26067.220           0    47                       0                 0              0                0                0                    0          0     0          0      0         0                  0                 0                138            0      502       50      0                  0                   0                     0                   0           0
             0                 0          0       0          0             0      26067.220           0    48                       0                 0              0                0                0                    0          0     0          0      0         0                  0                 0                138            0      502       50      0                  0                   0                     0                   0           0
             0                 0          0       0          0             0      26067.220           0    49                       0                 0              0                0                0                    0          0     0          0      0         0                  0                 0                138            0      502       50      0                  0                   0                     0                   0           0
             0                 0          0       0          0             0      26067.220           0    50                       0                 0              0                0                0                    0          0     0          0      0         0                  0                 0                138            0      502       50      0                  0                   0                     0                   0           0
             0                 0          0       0          0             0      26067.220           0    51                       0                 0              0                0                0                    0          0     0          0      0         0                  0                 0                138            0      502       50      0                  0                   0                     0                   0           0
             0                 0          0       0          0             0      26067.220           0    52                       0                 0              0                0                0                    0          0     0          0      0         0                  0                 0                138            0      502       50      0                  0                   0                     0                   0           0
             0                 0          0       0          0             0      26067.220           0    53                       0                 0              0                0                0                    0          0     0          0      0         0                  0                 0                138            0      502       50      0                  0                   0                     0                   0           0
             0                 0          0       0          0             0      26067.220           0    54                       0                 0              0                0                0                    0          0     0          0      0         0                  0                 0                138            0      502       50      0                  0                   0                     0                   0           0
             0                 0          0       0          0             0      26067.220           0    55                       0                 0              0                0                0                    0          0     0          0      0         0                  0                 0                138            0      502       50      0                  0                   0                     0                   0           0
             0                 0          0       0          0             0      26067.220           0    56                       0                 0              0                0                0                    0          0     0          0      0         0                  0                 0                138            0      502       50      0                  0                   0                     0                   0           0
             0                 0          0       0          0             0      26067.220           0    57                       0                 0              0                0                0                    0          0     0          0      0         0                  0                 0                138            0      502       50      0                  0                   0                     0                   0           0
             0                 0          0       0          0             0      26067.220           0    58                       0                 0              0                0                0                    0          0     0          0      0         0                  0                 0                138            0      502       50      0                  0                   0                     0                   0           0
            49                 7         11   1.143     37.429       664.500      29905.980          12    59                       0                 0              0                0                0                    5        134    28        134      0         0                  2                 0                138            0      502       50      0                  6                   0                     0                   0          42
             0                31         34   2.000    113.581      2608.274      45578.920          28    60                       0                 0              0                0                4                    7        224    81        224      0         0                  1                 5                140           44      501       50      0                 14                   2                     0                   0          11
             0                 9          5   2.667    193.667       544.389      50014.020           0    61                       0                 0              0                0                0                    0        128    29        128      0         0                  0                 7                133           52      501       50      0                  0                   0                     0                   0           2
             0                 2          0   2.500    282.500       182.000      52536.060           0    62                       0                 0              0                0                0                    0         56     6         56      0         0                  0                 2                131           44      502       50      0                  0                   0                     0                   0           0
             0                 0          0       0          0             0      52757.460           0    63                       0                 0              0                0                0                    0          6     4          6      0         0                  0                 8                123           38      502       50      0                  0                   0                     0                   0           0
             0                 0          0       0          0             0      52905.060           0    64                       0                 0              0                0                0                    0          6     4          6      0         0                  0                 4                125           15      502       50      0                  0                   0                     0                   0           0
             0                 0          0       0          0             0      53052.660           0    65                       0                 0              0                0                0                    0          6     4          6      0         0                  0                 1                125            0      502       50      0                  0                   0                     0                   0           0
             0                 0          0       0          0             0      53200.260           0    66                       0                 0              0                0                0                    0          6     4          6      0         0                  0                 0                125            0      502       50      0                  0                   0                     0                   0           0
             0                 0          0       0          0             0      53347.860           0    67                       0                 0              0                0                0                    0          6     4          6      0         0                  0                 0                125            0      502       50      0                  0                   0                     0                   0           0
             0                 0          0       0          0             0      53495.460           0    68                       0                 0              0                0                0                    0          6     4          6      0         0                  0                 0                125            0      502       50      0                  0                   0                     0                   0           0
             0                 0          0       0          0             0      53643.060           0    69                       0                 0              0                0                0                    0          6     4          6      0         0                  0                 0                125            0      502       50      0                  0                   0                     0                   0           0
             0                 0          0       0          0             0      53790.660           0    70                       0                 0              0                0                0                    0          6     4          6      0         0                  0                 0                125            0      502       50      0                  0                   0                     0                   0           0
             0                 0          0       0          0             0      53938.260           0    71                       0                 0              0                0                0                    0          6     4          6      0         0                  0                 0                125            0      502       50      0                  0                   0                     0                   0           0
             0                 0          0       0          0             0      54085.860           0    72                       0                 0              0                0                0                    0          6     4          6      0         0                  0                 0                125            0      502       50      0                  0                   0                     0                   0           0
             0                 0          0       0          0             0      54233.460           0    73                       0                 0              0                0                0                    0          6     4          6      0         0                  0                 0                125            0      502       50      0                  0                   0                     0                   0           0
             0                 0          0       0          0             0      54381.060           0    74                       0                 0              0                0                0                    0          6     4          6      0         0                  0                 0                125            0      502       50      0                  0                   0                     0                   0           0
             0                 0          0       0          0             0      54528.660           0    75                       0                 0              0                0                0                    0          6     4          6      0         0                  0                 0                125            0      502       50      0                  0                   0                     0                   0           0
             0                 0          0       0          0             0      54676.260           0    76                       0                 0              0                0                0                    0          6     4          6      0         0                  0                 0                125            0      502       50      0                  0                   0                     0                   0           0
             0                 0          0       0          0             0      54823.860           0    77                       0                 0              0                0                0                    0          6     4          6      0         0                  0                 0                125            0      502       50      0                  0                   0                     0                   0           0
             0                 0          0       0          0             0      54971.460           0    78                       0                 0              0                0                0                    0          6     4          6      0         0                  0                 0                125            0      502       50      0                  0                   0                     0                   0           0
             0                 0          0       0          0             0      55119.060           0    79                       0                 0              0                0                0                    0          6     4          6      0         0                  0                 0                125            0      502       50      0                  0                   0                     0                   0           0
             0                 0          0       0          0             0      55266.660           0    80                       0                 0              0                0                0                    0          6     4          6      0         0                  0                 0                125            0      502       50      0                  0                   0                     0                   0           0
             0                 0          0       0          0             0      55414.260           0    81                       0                 0              0                0                0                    0          6     4          6      0         0                  0                 0                125            0      502       50      0                  0                   0                     0                   0           0
             0                 0          0       0          0             0      55561.860           0    82                       0                 0              0                0                0                    0          6     4          6      0         0                  0                 0                125            0      502       50      0                  0                   0                     0                   0           0
             0                 0          0       0          0             0      55709.460           0    83                       0                 0              0                0                0                    0          6     4          6      0         0                  0                 0                125            0      502       50      0                  0                   0                     0                   0           0
             0                 0          0       0          0             0      55857.060           0    84                       0                 0              0                0                0                    0          6     4          6      0         0                  0                 0                125            0      502       50      0                  0                   0                     0                   0           0
             0                 0          0       0          0             0      56004.660           0    85                       0                 0              0                0                0                    0          6     4          6      0         0                  0                 0                125            0      502       50      0                  0                   0                     0                   0           0
             0                 0          0       0          0             0      56152.260           0    86                       0                 0              0                0                0                    0          6     4          6      0         0                  0                 0                125            0      502       50      0                  0                   0                     0                   0           0
             0                 0          0       0          0             0      56299.860           0    87                       0                 0              0                0                0                    0          6     4          6      0         0                  0                 0                125            0      502       50      0                  0                   0                     0                   0           0
             0                 0          0       0          0             0      56447.460           0    88                       0                 0              0                0                0                    0          6     4          6      0         0                  0                 0                125            0      502       50      0                  0                   0                     0                   0           0
             0                 0          0       0          0             0      56595.060           0    89                       0                 0              0                0                0                    0          6     4          6      0         0                  0                 0                125            0      502       50      0                  0                   0                     0                   0           0
             0                 0          0       0          0             0      56742.660           0    90                       0                 0              0                0                0                    0          6     4          6      0         0                  0                 0                125            0      502       50      0                  0                   0                     0                   0           0
             0                 0          0       0          0             0      56890.260           0    91                       0                 0              0                0                0                    0          6     4          6      0         0                  0                 0                125            0      502       50      0                  0                   0                     0                   0           0
             0                 0          0       0          0             0      57037.860           0    92                       0                 0              0                0                0                    0          6     4          6      0         0                  0                 0                125            0      502       50      0                  0                   0                     0                   0           0
             0                 0          0       0          0             0      57185.460           0    93                       0                 0              0                0                0                    0          6     4          6      0         0                  0                 0                125            0      502       50      0                  0                   0                     0                   0           0
             0                 0          0       0          0             0      57333.060           0    94                       0                 0              0                0                0                    0          6     4          6      0         0                  0                 0                125            0      502       50      0                  0                   0                     0                   0           0
             0                 0          0       0          0             0      57480.660           0    95                       0                 0              0                0                0                    0          6     4          6      0         0                  0                 0                125            0      502       50      0                  0                   0                     0                   0           0
             0                 0          0       0          0             0      57628.260           0    96                       0                 0              0                0                0                    0          6     4          6      0         0                  0                 0                125            0      502       50      0                  0                   0                     0                   0           0
             0                 0          0       0          0             0      57775.860           0    97                       0                 0              0                0                0                    0          6     4          6      0         0                  0                 0                125            0      502       50      0                  0                   0                     0                   0           0
             0                 0          0       0          0             0      57923.460           0    98                       0                 0              0                0                0                    0          6     4          6      0         0                  0                 0                125            0      502       50      0                  0                   0                     0                   0           0
             0                 0          0       0          0             0      58071.060           0    99                       0                 0              0                0                0                    0          6     4          6      0         0                  0                 0                125            0      502       50      0                  0                   0                     0                   0           0
#pos runNum=0 0@(1.00000,1.00000)@0 1@(0.91753,0.93523)@568 2@(1.00964,0.93741)@853 3@(0.96575,0.97552)@568 4@(0.76085,1.05637)@1208 5@(0.90101,0.85750)@1208 6@(0.73268,1.00615)@1208 7@(0.89507,0.94052)@853 8@(0.91188,0.89459)@731 9@(0.87145,0.81033)@1421 10@(1.05884,0.87181)@1208 11@(0.93763,0.79599)@1136 12@(1.05766,1.02571)@1208 13@(0.96821,0.90540)@1421 14@(1.05000,0.65657)@1706 15@(1.06781,0.92901)@1136 16@(0.82853,1.12241)@1776 17@(1.05757,1.03247)@512 18@(1.00261,0.51463)@2061 19@(1.04067,0.90527)@568 20@(0.77262,1.07948)@1776 21@(1.00486,0.88411)@1421 22@(0.97564,1.03711)@853 23@(1.05381,1.01021)@1493 24@(0.86856,0.90565)@1136 25@(0.85211,1.00285)@1136 26@(0.77277,1.21686)@1421 27@(0.86364,0.82843)@1136 28@(0.84332,1.20748)@1152 29@(1.02132,0.85751)@1493 30@(0.82147,0.68627)@1208 31@(1.03604,0.88383)@1848 32@(1.18196,1.18877)@1939 33@(1.09129,0.65614)@1706 34@(0.80888,0.84001)@2160 35@(0.92194,0.90567)@1080 36@(1.07853,0.77364)@1136 37@(0.63410,1.28516)@2232 38@(0.89149,1.04489)@1848 39@(0.65134,0.91324)@1299 40@(1.22022,0.71548)@1776 41@(0.83116,0.69960)@1584 42@(0.82332,0.92414)@1706 43@(1.23968,1.17813)@1421 44@(1.10893,0.64348)@2011 45@(1.02153,0.49883)@2274 46@(0.94912,1.16770)@853 47@(0.65250,1.29430)@1883 48@(0.92320,0.64856)@1208 49@(1.20313,0.64831)@1776
#links runNum=0 3-22@-89dBm@0.869 16-42@-91dBm@0.739 14-34@-96dBm@0.160 7-26@-92dBm@0.677 22-23@-89dBm@0.867 31-44@-92dBm@0.695 16-25@-85dBm@0.961 9-22@-94dBm@0.446 9-11@-81dBm@0.988 1-10@-89dBm@0.872 4-22@-88dBm@0.906 38-42@-94dBm@0.456 0-16@-97dBm@0.047 13-45@-93dBm@0.637 1-11@-88dBm@0.907 7-19@-94dBm@0.479 15-31@-89dBm@0.867 21-33@-89dBm@0.870 12-19@-89dBm@0.866 31-36@-92dBm@0.668 10-15@-82dBm@0.985 2-23@-90dBm@0.835 27-30@-89dBm@0.869 10-19@-75dBm@1.000 1-25@-80dBm@0.993 24-25@-96dBm@0.186 21-39@-92dBm@0.711 15-38@-89dBm@0.870 22-34@-96dBm@0.089 15-40@-90dBm@0.861 21-25@-97dBm@0.061 4-17@-92dBm@0.677 33-49@-85dBm@0.959 27-42@-81dBm@0.985 2-13@-86dBm@0.958 5-21@-96dBm@0.171 2-4@-91dBm@0.758 24-34@-80dBm@0.995 1-7@-75dBm@1.000 21-31@-81dBm@0.986 15-34@-93dBm@0.565 10-13@-83dBm@0.974 17-28@-90dBm@0.825 30-41@-76dBm@1.000 1-8@-75dBm@1.000 11-18@-90dBm@0.862 7-13@-86dBm@0.950 11-45@-94dBm@0.385 25-39@-95dBm@0.199 2-14@-93dBm@0.654 23-26@-91dBm@0.724 42-48@-93dBm@0.639 16-35@-89dBm@0.871 13-27@-92dBm@0.709 7-15@-89dBm@0.868 1-35@-73dBm@1.000 44-49@-86dBm@0.950 14-45@-95dBm@0.214 3-8@-80dBm@0.991 25-27@-93dBm@0.577 10-36@-91dBm@0.774 1-4@-90dBm@0.862 20-46@-94dBm@0.428 8-33@-92dBm@0.707 19-36@-85dBm@0.959 6-26@-93dBm@0.530 2-19@-94dBm@0.437 1-5@-89dBm@0.869 15-26@-96dBm@0.182 14-33@-80dBm@0.993 5-30@-94dBm@0.360 27-35@-84dBm@0.973 26-42@-90dBm@0.865 22-36@-96dBm@0.104 11-13@-93dBm@0.653 2-12@-86dBm@0.954 10-16@-95dBm@0.205 14-25@-95dBm@0.192 16-29@-95dBm@0.225 2-33@-92dBm@0.682 8-35@-89dBm@0.887 14-18@-92dBm@0.694 4-39@-86dBm@0.957 3-17@-91dBm@0.720 32-38@-94dBm@0.348 25-34@-88dBm@0.937 5-11@-96dBm@0.104 13-24@-89dBm@0.870 34-42@-85dBm@0.966 4-21@-96dBm@0.181 24-35@-95dBm@0.258 40-41@-95dBm@0.266 23-30@-97dBm@0.051 7-27@-95dBm@0.233 6-16@-84dBm@0.970 39-44@-95dBm@0.242 23-24@-92dBm@0.685 0-1@-81dBm@0.985 30-44@-96dBm@0.158 2-9@-90dBm@0.858 25-38@-95dBm@0.262 0-47@-96dBm@0.114 28-32@-93dBm@0.637 6-39@-94dBm@0.365 7-25@-80dBm@0.989 8-44@-94dBm@0.433 13-16@-90dBm@0.857 15-32@-91dBm@0.729 10-31@-69dBm@1.000 14-48@-95dBm@0.294 2-29@-89dBm@0.887 2-6@-91dBm@0.726 8-22@-94dBm@0.491 10-37@-96dBm@0.179 11-16@-92dBm@0.685 38-43@-95dBm@0.296 25-43@-96dBm@0.083 6-25@-94dBm@0.394 32-42@-95dBm@0.256 21-29@-85dBm@0.962 25-29@-91dBm@0.787 29-33@-95dBm@0.280 5-23@-93dBm@0.642 19-45@-97dBm@0.061 29-44@-96dBm@0.123 1-9@-92dBm@0.688 35-38@-91dBm@0.719 6-43@-95dBm@0.254 10-17@-91dBm@0.730 24-42@-88dBm@0.918 8-14@-92dBm@0.694 18-36@-89dBm@0.869 4-38@-90dBm@0.863 2-46@-88dBm@0.935 0-12@-94dBm@0.375 19-31@-83dBm@0.974 4-35@-95dBm@0.315 31-35@-83dBm@0.975 21-24@-91dBm@0.792 15-43@-92dBm@0.706 7-16@-92dBm@0.667 9-39@-95dBm@0.234 10-29@-74dBm@1.000 24-36@-97dBm@0.071 2-42@-92dBm@0.693 28-47@-91dBm@0.732 15-28@-96dBm@0.116 2-3@-82dBm@0.985 35-40@-97dBm@0.041 19-20@-92dBm@0.700 8-11@-87dBm@0.948 3-13@-87dBm@0.947 32-43@-89dBm@0.868 5-29@-85dBm@0.967 4-6@-93dBm@0.639 9-12@-92dBm@0.682 9-35@-96dBm@0.112 0-17@-78dBm@1.000 15-27@-95dBm@0.230 20-37@-93dBm@0.626 10-21@-84dBm@0.974 12-23@-80dBm@0.990 3-33@-95dBm@0.269 19-24@-86dBm@0.959 2-22@-88dBm@0.935 41-45@-93dBm@0.657 17-20@-95dBm@0.269 26-28@-88dBm@0.934 4-37@-94dBm@0.518 9-13@-85dBm@0.966 5-8@-92dBm@0.696 3-31@-94dBm@0.479 29-41@-88dBm@0.933 1-2@-87dBm@0.941 33-36@-87dBm@0.949 8-48@-93dBm@0.645 9-30@-90dBm@0.862 4-9@-92dBm@0.705 11-25@-94dBm@0.380 42-47@-93dBm@0.658 23-27@-93dBm@0.558 18-49@-97dBm@0.013 3-24@-87dBm@0.939 5-27@-93dBm@0.653 10-18@-92dBm@0.700 24-41@-92dBm@0.696 22-35@-94dBm@0.478 17-34@-94dBm@0.460 9-42@-90dBm@0.860 13-35@-76dBm@1.000 22-44@-93dBm@0.644 7-31@-90dBm@0.823 7-21@-84dBm@0.974 10-47@-96dBm@0.124 4-42@-93dBm@0.596 0-8@-92dBm@0.712 13-39@-96dBm@0.155 8-27@-84dBm@0.972 15-35@-91dBm@0.719 26-46@-86dBm@0.952 0-7@-93dBm@0.650 1-22@-90dBm@0.817 12-40@-94dBm@0.439 13-15@-91dBm@0.787 8-12@-92dBm@0.679 37-41@-96dBm@0.086 14-31@-89dBm@0.865 0-2@-92dBm@0.678 23-29@-93dBm@0.656 1-15@-87dBm@0.938 2-8@-95dBm@0.193 8-42@-82dBm@0.984 36-40@-84dBm@0.974 27-45@-94dBm@0.383 25-42@-88dBm@0.934 20-24@-96dBm@0.081 6-37@-90dBm@0.863 35-44@-94dBm@0.477 13-21@-88dBm@0.915 12-42@-90dBm@0.864 7-24@-95dBm@0.207 1-17@-89dBm@0.869 28-35@-96dBm@0.155 11-14@-90dBm@0.827 5-7@-82dBm@0.985 18-45@-68dBm@1.000 8-29@-87dBm@0.948 45-49@-90dBm@0.811 22-42@-91dBm@0.736 19-29@-82dBm@0.985 44-45@-92dBm@0.711 7-17@-93dBm@0.641 1-39@-91dBm@0.750 21-37@-95dBm@0.254 16-26@-84dBm@0.972 2-5@-85dBm@0.965 22-28@-91dBm@0.737 3-12@-89dBm@0.868 43-49@-96dBm@0.083 38-46@-95dBm@0.227 0-22@-93dBm@0.643 17-27@-94dBm@0.464 34-41@-90dBm@0.863 3-5@-92dBm@0.673 11-44@-89dBm@0.881 6-10@-92dBm@0.713 0-19@-86dBm@0.951 31-40@-88dBm@0.914 17-26@-95dBm@0.298 7-10@-93dBm@0.615 21-41@-96dBm@0.131 10-20@-93dBm@0.650 27-38@-90dBm@0.863 1-27@-86dBm@0.950 14-21@-89dBm@0.870 3-4@-88dBm@0.919 1-30@-89dBm@0.869 37-47@-73dBm@1.000 2-39@-91dBm@0.724 0-39@-94dBm@0.333 31-48@-95dBm@0.212 3-29@-89dBm@0.867 3-9@-94dBm@0.442 17-42@-91dBm@0.762 18-27@-92dBm@0.692 5-22@-90dBm@0.862 20-21@-96dBm@0.099 1-6@-89dBm@0.870 11-19@-95dBm@0.224 6-44@-95dBm@0.284 9-27@-86dBm@0.955 0-46@-92dBm@0.667 20-27@-97dBm@0.032 1-48@-90dBm@0.865 1-18@-97dBm@0.064 36-49@-90dBm@0.865 1-46@-88dBm@0.914 27-49@-96dBm@0.125 1-29@-96dBm@0.120 41-44@-91dBm@0.762 17-32@-95dBm@0.243 13-20@-94dBm@0.458 19-42@-92dBm@0.684 18-33@-92dBm@0.699 10-32@-91dBm@0.766 2-41@-91dBm@0.720 6-20@-94dBm@0.375 5-17@-96dBm@0.155 30-42@-91dBm@0.724 26-33@-97dBm@0.004 1-3@-88dBm@0.932 0-3@-80dBm@0.988 9-24@-88dBm@0.921 8-49@-94dBm@0.371 22-30@-96dBm@0.173 9-14@-93dBm@0.558 22-25@-92dBm@0.673 5-35@-84dBm@0.974 30-48@-82dBm@0.985 16-30@-95dBm@0.290 18-21@-95dBm@0.213 12-17@-66dBm@1.000 2-21@-83dBm@0.975 12-30@-95dBm@0.229 4-20@-80dBm@0.992 3-43@-93dBm@0.657 7-8@-89dBm@0.868 8-38@-93dBm@0.636 15-21@-96dBm@0.078
#aveChargePerCycle runNum=0 0@147.93 1@111.57 2@46.19 3@21.79 4@16.44 5@1.30 6@7.64 7@1.30 8@70.01 9@5.83 10@14.39 11@9.71 12@5.83 13@5.67 14@1.94 15@14.48 16@1.30 17@9.43 18@1.94 19@7.33 20@1.30 21@1.30 22@1.30 23@1.94 24@1.94 25@1.30 26@1.30 27@3.24 28@10.19 29@1.30 30@1.30 31@1.30 32@1.30 33@2.59 34@1.94 35@1.30 36@1.30 37@2.59 38@2.59 39@4.54 40@1.30 41@2.59 42@2.59 43@3.24 44@1.30 45@5.83 46@9.52 47@1.94 48@1.30 49@3.24