## dioPeriod = 1.0
## startTime = 1502276498.03
## numMotes = 50
## otfHousekeepingPeriod = 1.0
## slotframeLength = 101
## squareSide = 2.0
## cpuID = 67
## sixtopPdrThreshold = 1.5
## slotDuration = 0.01
## sixtopNoHousekeeping = 0
## pkPeriodVar = 0.05
## numCyclesPerRun = 100
## numRuns = 1
## otfThreshold = 1
## sixtopNoRemoveWorstCell = 0
## burstTimestamp = 20
## simDataDir = simData
## numChans = 16
## minRssi = -97
## noInterference = 0
## algorithm = local_voting
## numPacketsBurst = 5
## gui = False
## pkPeriod = None
## combinationKeys = ['algorithm', 'numMotes', 'otfThreshold']
## sixtopHousekeepingPeriod = 1.0


# appGenerated appReachesDagroot appRelayed aveHops aveLatency aveQueueDelay chargeConsumed collidedTxs cycle droppedAppFailedEnqueue droppedMacRetries droppedNoRoute droppedNoTxCells droppedQueueFull effectiveCollidedTxs numRxCells numTx numTxCells otfAdd otfRemove probableCollisions rplChurnParentSet rplChurnPrefParent rplChurnRank rplRxDIO rplTxDIO runNum scheduleCollisions topRxRelocatedCells topTxRelocatedBundles topTxRelocatedCells txQueueFill
             0                 0          0       0          0             0              0           0     0                       0                 0              0                0                0                    0          0     0          0      0         0                  0                 0                  0            0        0        0      0                  0                   0                     0                   0           0
             0                 0          0       0          0             0              0           0     1                       0                 0              0                0                0                    0          0     0          0      0         0                  0               151                 97            9      521       50      0                  0                   0                     0                   0           0
             0                 0          0       0          0             0              0           0     2                       0                 0              0                0                0                    0          0     0          0      0         0                  0                 0                160            0      521       50      0                  0                   0                     0                   0           0
             0                 0          0       0          0             0              0           0     3                       0                 0              0                0                0                    0          0     0          0      0         0                  0                 0                160            0      521       50      0                  0                   0                     0                   0           0
             0                 0          0       0          0             0              0           0     4                       0                 0              0                0                0                    0          0     0          0      0         0                  0                 0                160            0      521       50      0                  0                   0                     0                   0           0
             0                 0          0       0          0             0              0           0     5                       0                 0              0                0                0                    0          0     0          0      0         0                  0                 0                160            0      521       50      0                  0                   0                     0                   0           0
             0                 0          0       0          0             0              0           0     6                       0                 0              0                0                0                    0          0     0          0      0         0                  0                 0                160            0      521       50      0                  0                   0                     0                   0           0
             0                 0          0       0          0             0              0           0     7                       0                 0              0                0                0                    0          0     0          0      0         0                  0                 0                160            0      521       50      0                  0                   0                     0                   0           0
             0                 0          0       0          0             0              0           0     8                       0                 0              0                0                0                    0          0     0          0      0         0                  0                 0                160            0      521       50      0                  0                   0                     0                   0           0
             0                 0          0       0          0             0              0           0     9                       0                 0              0                0                0                    0          0     0          0      0         0                  0                 0                160            0      521       50      0                  0                   0                     0                   0           0
             0                 0          0       0          0             0              0           0    10                       0                 0              0                0                0                    0          0     0          0      0         0                  0                 0                160            0      521       50      0                  0                   0                     0                   0           0
             0                 0          0       0          0             0              0           0    11                       0                 0              0                0                0                    0          0     0          0      0         0                  0                 0                160            0      521       50      0                  0                   0                     0                   0           0
             0                 0          0       0          0             0              0           0    12                       0                 0              0                0                0                    0          0     0          0      0         0                  0                 0                160            0      521       50      0                  0                   0                     0                   0           0
             0                 0          0       0          0             0              0           0    13                       0                 0              0                0                0                    0          0     0          0      0         0                  0                 0                160            0      521       50      0                  0                   0                     0                   0           0
             0                 0          0       0          0             0              0           0    14                       0                 0              0                0                0                    0          0     0          0      0         0                  0                 0                160            0      521       50      0                  0                   0                     0                   0           0
             0                 0          0       0          0             0              0           0    15                       0                 0              0                0                0                    0          0     0          0      0         0                  0                 0                160            0      521       50      0                  0                   0                     0                   0           0
             0                 0          0       0          0             0              0           0    16                       0                 0              0                0                0                    0          0     0          0      0         0                  0                 0                160            0      521       50      0                  0                   0                     0                   0           0
             0                 0          0       0          0             0              0           0    17                       0                 0              0                0                0                    0          0     0          0      0         0                  0                 0                160            0      521       50      0                  0                   0                     0                   0           0
             0                 0          0       0          0             0              0           0    18                       0                 0              0                0                0                    0          0     0          0      0         0                  0                 0                160            0      521       50      0                  0                   0                     0                   0           0
            49                 0          1       0          0        18.000        141.720           2    19                       0                 0              0                0                0                    0         50     1         50      0         0                  0                 0                160            0      521       50      0                  1                   0                     0                   0          49
             0                22         41   1.727     89.545      3267.933      14486.260          49    20                       0                 0              0                0                6                    8        328    86        328      0         0                  0                 1                161            2      521       50      0                 25                   0                     0                   0          27
             0                27         10   2.333    159.630       842.755      25681.140           0    21                       0                 0              0                0                1                    0        111    59        111      0         0                  0                 8                170           53      521       50      0                  0                   1                     0                   0           0
             0                 0          0       0          0             0      27058.740           0    22                       0                 0              0                0                0                    0          0     0          0      0         0                  0                 9                150           54      521       50      0                  0                   0                     0                   0           0
             0                 0          0       0          0             0      27058.740           0    23                       0                 0              0                0                0                    0          0     0          0      0         0                  0                 2                162           29      521       50      0                  0                   0                     0                   0           0
             0                 0          0       0          0             0      27058.740           0    24                       0                 0              0                0                0                    0          0     0          0      0         0                  0                 2                160            0      521       50      0                  0                   0                     0                   0           0
             0                 0          0       0          0             0      27058.740           0    25                       0                 0              0                0                0                    0          0     0          0      0         0                  0                 0                160            0      521       50      0                  0                   0                     0                   0           0
             0                 0          0       0          0             0      27058.740           0    26                       0                 0              0                0                0                    0          0     0          0      0         0                  0                 0                160            0      521       50      0                  0                   0                     0                   0           0
             0                 0          0       0          0             0      27058.740           0    27                       0                 0              0                0                0                    0          0     0          0      0         0                  0                 0                160            0      521       50      0                  0                   0                     0                   0           0
             0                 0          0       0          0             0      27058.740           0    28                       0                 0              0                0                0                    0          0     0          0      0         0                  0                 0                160            0      521       50      0                  0                   0                     0                   0           0
             0                 0          0       0          0             0      27058.740           0    29                       0                 0              0                0                0                    0          0     0          0      0         0                  0                 0                160            0      521       50      0                  0                   0                     0                   0           0
             0                 0          0       0          0             0      27058.740           0    30                       0                 0              0                0                0                    0          0     0          0      0         0                  0                 0                160            0      521       50      0                  0                   0                     0                   0           0
             0                 0          0       0          0             0      27058.740           0    31                       0                 0              0                0                0                    0          0     0          0      0         0                  0                 0                160            0      521       50      0                  0                   0                     0                   0           0
             0                 0          0       0          0             0      27058.740           0    32                       0                 0              0                0                0                    0          0     0          0      0         0                  0                 0                160            0      521       50      0                  0                   0                     0                   0           0
             0                 0          0       0          0             0      27058.740           0    33                       0                 0              0                0                0                    0          0     0          0      0         0                  0                 0                160            0      521       50      0                  0                   0                     0                   0           0
             0                 0          0       0          0             0      27058.740           0    34                       0                 0              0                0                0                    0          0     0          0      0         0                  0                 0                160            0      521       50      0                  0                   0                     0                   0           0
             0                 0          0       0          0             0      27058.740           0    35                       0                 0              0                0                0                    0          0     0          0      0         0                  0                 0                160            0      521       50      0                  0                   0                     0                   0           0
             0                 0          0       0          0             0      27058.740           0    36                       0                 0              0                0                0                    0          0     0          0      0         0                  0                 0                160            0      521       50      0                  0                   0                     0                   0           0
             0                 0          0       0          0             0      27058.740           0    37                       0                 0              0                0                0                    0          0     0          0      0         0                  0                 0                160            0      521       50      0                  0                   0                     0                   0           0
             0                 0          0       0          0             0      27058.740           0    38                       0                 0              0                0                0                    0          0     0          0      0         0                  0                 0                160            0      521       50      0                  0                   0                     0                   0           0
             0                 0          0       0          0             0      27058.740           0    39                       0                 0              0                0                0                    0          0     0          0      0         0                  0                 0                160            0      521       50      0                  0                   0                     0                   0           0
             0                 0          0       0          0             0      27058.740           0    40                       0                 0              0                0                0                    0          0     0          0      0         0                  0                 0                160            0      521       50      0                  0                   0                     0                   0           0
             0                 0          0       0          0             0      27058.740           0    41                       0                 0              0                0                0                    0          0     0          0      0         0                  0                 0                160            0      521       50      0                  0                   0                     0                   0           0
             0                 0          0       0          0             0      27058.740           0    42                       0                 0              0                0                0                    0          0     0          0      0         0                  0                 0                160            0      521       50      0                  0                   0                     0                   0           0
             0                 0          0       0          0             0      27058.740           0    43                       0                 0              0                0                0                    0          0     0          0      0         0                  0                 0                160            0      521       50      0                  0                   0                     0                   0           0
             0                 0          0       0          0             0      27058.740           0    44                       0                 0              0                0                0                    0          0     0          0      0         0                  0                 0                160            0      521       50      0                  0                   0                     0                   0           0
             0                 0          0       0          0             0      27058.740           0    45                       0                 0              0                0                0                    0          0     0          0      0         0                  0                 0                160            0      521       50      0                  0                   0                     0                   0           0
             0                 0          0       0          0             0      27058.740           0    46                       0                 0              0                0                0                    0          0     0          0      0         0                  0                 0                160            0      521       50      0                  0                   0                     0                   0           0
             0                 0          0       0          0             0      27058.740           0    47                       0                 0              0                0                0                    0          0     0          0      0         0                  0                 0                160            0      521       50      0                  0                   0                     0                   0           0
             0                 0          0       0          0             0      27058.740           0    48                       0                 0              0                0                0                    0          0     0          0      0         0                  0                 0                160            0      521       50      0                  0                   0                     0                   0           0
             0                 0          0       0          0             0      27058.740           0    49                       0                 0              0                0                0                    0          0     0          0      0         0                  0                 0                160            0      521       50      0                  0                   0                     0                   0           0
             0                 0          0       0          0             0      27058.740           0    50                       0                 0              0                0                0                    0          0     0          0      0         0                  0                 0                160            0      521       50      0                  0                   0                     0                   0           0
             0                 0          0       0          0             0      27058.740           0    51                       0                 0              0                0                0                    0          0     0          0      0         0                  0                 0                160            0      521       50      0                  0                   0                     0                   0           0
             0                 0          0       0          0             0      27058.740           0    52                       0                 0              0                0                0                    0          0     0          0      0         0                  0                 0                160            0      521       50      0                  0                   0                     0                   0           0
             0                 0          0       0          0             0      27058.740           0    53                       0                 0              0                0                0                    0          0     0          0      0         0                  0                 0                160            0      521       50      0                  0                   0                     0                   0           0
             0                 0          0       0          0             0      27058.740           0    54                       0                 0              0                0                0                    0          0     0          0      0         0                  0                 0                160            0      521       50      0                  0                   0                     0                   0           0
             0                 0          0       0          0             0      27058.740           0    55                       0                 0              0                0                0                    0          0     0          0      0         0                  0                 0                160            0      521       50      0                  0                   0                     0                   0           0
             0                 0          0       0          0             0      27058.740           0    56                       0                 0              0                0                0                    0          0     0          0      0         0                  0                 0                160            0      521       50      0                  0                   0                     0                   0           0
             0                 0          0       0          0             0      27058.740           0    57                       0                 0              0                0                0                    0          0     0          0      0         0                  0                 0                160            0      521       50      0                  0                   0                     0                   0           0
             0                 0          0       0          0             0      27058.740           0    58                       0                 0              0                0                0                    0          0     0          0      0         0                  0                 0                160            0      521       50      0                  0                   0                     0                   0           0
            49                 9         12   1.333     47.111       764.000      30940.380          24    59                       0                 0              0                0                0                    7        216    27        216      0         0                  0                 0                160            0      521       50      0                 12                   0                     0                   0          40
             0                27         38   2.074    110.296      2675.967      49226.300          41    60                       0                 0              0                0                8                   14        260    75        260      0         0                  3                 7                162           47      521       50      0                 21                   0                     0                   0          13
             0                13          2   2.538    185.000       159.500      54333.760           0    61                       0                 0              0                0                1                    0          0     0          0      0         0                  0                 5                160           56      521       50      0                  0                   1                     0                   0           0
             0                 0          0       0          0             0      54333.760           0    62                       0                 0              0                0                0                    0          0     0          0      0         0                  0                 4                162           40      521       50      0                  0                   0                     0                   0           0
             0                 0          0       0          0             0      54333.760           0    63                       0                 0              0                0                0                    0          0     0          0      0         0                  0                 1                160            0      521       50      0                  0                   0                     0                   0           0
             0                 0          0       0          0             0      54333.760           0    64                       0                 0              0                0                0                    0          0     0          0      0         0                  0                 0                160            0      521       50      0                  0                   0                     0                   0           0
             0                 0          0       0          0             0      54333.760           0    65                       0                 0              0                0                0                    0          0     0          0      0         0                  0                 0                160            0      521       50      0                  0                   0                     0                   0           0
             0                 0          0       0          0             0      54333.760           0    66                       0                 0              0                0                0                    0          0     0          0      0         0                  0                 0                160            0      521       50      0                  0                   0                     0                   0           0
             0                 0          0       0          0             0      54333.760           0    67                       0                 0              0                0                0                    0          0     0          0      0         0                  0                 0                160            0      521       50      0                  0                   0                     0                   0           0
             0                 0          0       0          0             0      54333.760           0    68                       0                 0              0                0                0                    0          0     0          0      0         0                  0                 0                160            0      521       50      0                  0                   0                     0                   0           0
             0                 0          0       0          0             0      54333.760           0    69                       0                 0              0                0                0                    0          0     0          0      0         0                  0                 0                160            0      521       50      0                  0                   0                     0                   0           0
             0                 0          0       0          0             0      54333.760           0    70                       0                 0              0                0                0                    0          0     0          0      0         0                  0                 0                160            0      521       50      0                  0                   0                     0                   0           0
             0                 0          0       0          0             0      54333.760           0    71                       0                 0              0                0                0                    0          0     0          0      0         0                  0                 0                160            0      521       50      0                  0                   0                     0                   0           0
             0                 0          0       0          0             0      54333.760           0    72                       0                 0              0                0                0                    0          0     0          0      0         0                  0                 0                160            0      521       50      0                  0                   0                     0                   0           0
             0                 0          0       0          0             0      54333.760           0    73                       0                 0              0                0                0                    0          0     0          0      0         0                  0                 0                160            0      521       50      0                  0                   0                     0                   0           0
             0                 0          0       0          0             0      54333.760           0    74                       0                 0              0                0                0                    0          0     0          0      0         0                  0                 0                160            0      521       50      0                  0                   0                     0                   0           0
             0                 0          0       0          0             0      54333.760           0    75                       0                 0              0                0                0                    0          0     0          0      0         0                  0                 0                160            0      521       50      0                  0                   0                     0                   0           0
             0                 0          0       0          0             0      54333.760           0    76                       0                 0              0                0                0                    0          0     0          0      0         0                  0                 0                160            0      521       50      0                  0                   0                     0                   0           0
             0                 0          0       0          0             0      54333.760           0    77                       0                 0              0                0                0                    0          0     0          0      0         0                  0                 0                160            0      521       50      0                  0                   0                     0                   0           0
             0                 0          0       0          0             0      54333.760           0    78                       0                 0              0                0                0                    0          0     0          0      0         0                  0                 0                160            0      521       50      0                  0                   0                     0                   0           0
             0                 0          0       0          0             0      54333.760           0    79                       0                 0              0                0                0                    0          0     0          0      0         0                  0                 0                160            0      521       50      0                  0                   0                     0                   0           0
             0                 0          0       0          0             0      54333.760           0    80                       0                 0              0                0                0                    0          0     0          0      0         0                  0                 0                160            0      521       50      0                  0                   0                     0                   0           0
             0                 0          0       0          0             0      54333.760           0    81                       0                 0              0                0                0                    0          0     0          0      0         0                  0                 0                160            0      521       50      0                  0                   0                     0                   0           0
             0                 0          0       0          0             0      54333.760           0    82                       0                 0              0                0                0                    0          0     0          0      0         0                  0                 0                160            0      521       50      0                  0                   0                     0                   0           0
             0                 0          0       0          0             0      54333.760           0    83                       0                 0              0                0                0                    0          0     0          0      0         0                  0                 0                160            0      521       50      0                  0                   0                     0                   0           0
             0                 0          0       0          0             0      54333.760           0    84                       0                 0              0                0                0                    0          0     0          0      0         0                  0                 0                160            0      521       50      0                  0                   0                     0                   0           0
             0                 0          0       0          0             0      54333.760           0    85                       0                 0              0                0                0                    0          0     0          0      0         0                  0                 0                160            0      521       50      0                  0                   0                     0                   0           0
             0                 0          0       0          0             0      54333.760           0    86                       0                 0              0                0                0                    0          0     0          0      0         0                  0                 0                160            0      521       50      0                  0                   0                     0                   0           0
             0                 0          0       0          0             0      54333.760           0    87                       0                 0              0                0                0                    0          0     0          0      0         0                  0                 0                160            0      521       50      0                  0                   0                     0                   0           0
             0                 0          0       0          0             0      54333.760           0    88                       0                 0              0                0                0                    0          0     0          0      0         0                  0                 0                160            0      521       50      0                  0                   0                     0                   0           0
             0                 0          0       0          0             0      54333.760           0    89                       0                 0              0                0                0                    0          0     0          0      0         0                  0                 0                160            0      521       50      0                  0                   0                     0                   0           0
             0                 0          0       0          0             0      54333.760           0    90                       0                 0              0                0                0                    0          0     0          0      0         0                  0                 0                160            0      521       50      0                  0                   0                     0                   0           0
             0                 0          0       0          0             0      54333.760           0    91                       0                 0              0                0                0                    0          0     0          0      0         0                  0                 0                160            0      521       50      0                  0                   0                     0                   0           0
             0                 0          0       0          0             0      54333.760           0    92                       0                 0              0                0                0                    0          0     0          0      0         0                  0                 0                160            0      521       50      0                  0                   0                     0                   0           0
             0                 0          0       0          0             0      54333.760           0    93                       0                 0              0                0                0                    0          0     0          0      0         0                  0                 0                160            0      521       50      0                  0                   0                     0                   0           0
             0                 0          0       0          0             0      54333.760           0    94                       0                 0              0                0                0                    0          0     0          0      0         0                  0                 0                160            0      521       50      0                  0                   0                     0                   0           0
             0                 0          0       0          0             0      54333.760           0    95                       0                 0              0                0                0                    0          0     0          0      0         0                  0                 0                160            0      521       50      0                  0                   0                     0                   0           0
             0                 0          0       0          0             0      54333.760           0    96                       0                 0              0                0                0                    0          0     0          0      0         0                  0                 0                160            0      521       50      0                  0                   0                     0                   0           0
             0                 0          0       0          0             0      54333.760           0    97                       0                 0              0                0                0                    0          0     0          0      0         0                  0                 0                160            0      521       50      0                  0                   0                     0                   0           0
             0                 0          0       0          0             0      54333.760           0    98                       0                 0              0                0                0                    0          0     0          0      0         0                  0                 0                160            0      521       50      0                  0                   0                     0                   0           0
             0                 0          0       0          0             0      54333.760           0    99                       0                 0              0                0                0                    0          0     0          0      0         0                  0                 0                160            0      521       50      0                  0                   0                     0                   0           0
#pos runNum=0 0@(1.00000,1.00000)@0 1@(0.99735,0.64180)@853 2@(0.91156,0.70376)@1024 3@(0.96818,0.61929)@853 4@(1.08901,0.68178)@1421 5@(0.90803,0.72728)@1584 6@(0.78014,0.67048)@1421 7@(0.86364,0.74472)@1536 8@(0.91014,0.42311)@1877 9@(0.73165,0.67260)@1421 10@(0.90697,0.74235)@1592 11@(0.95773,0.62203)@1877 12@(0.95652,0.75180)@1421 13@(1.02838,0.61987)@1989 14@(1.03547,0.83757)@568 15@(1.22662,0.90887)@853 16@(0.93962,0.77485)@568 17@(0.98175,1.04652)@512 18@(1.11426,0.72807)@2061 19@(0.96365,0.77435)@1136 20@(0.82995,0.78862)@1755 21@(0.87621,0.61619)@1664 22@(1.08204,0.79968)@853 23@(1.00018,0.61922)@1877 24@(0.97004,0.90136)@1080 25@(0.65380,0.43534)@2061 26@(0.72864,0.69388)@1989 27@(1.28557,0.99108)@2152 28@(0.90041,0.46348)@2061 29@(0.88891,0.71960)@1592 30@(0.89688,0.76249)@1243 31@(0.85727,0.58380)@1421 32@(1.05021,1.14741)@1208 33@(0.79041,0.55976)@1706 34@(1.29719,0.96282)@1421 35@(0.74883,0.33880)@1706 36@(1.18932,0.86202)@1152 37@(0.93278,0.56909)@1421 38@(0.75005,0.39538)@2730 39@(0.59711,0.70832)@2048 40@(0.73385,0.76761)@1536 41@(0.70318,0.71171)@1584 42@(0.55678,0.65983)@2267 43@(1.24557,0.66039)@1706 44@(0.90234,0.82118)@1136 45@(0.89103,1.09668)@2437 46@(0.81694,0.52002)@1493 47@(0.94134,0.52176)@2517 48@(1.02311,0.63761)@1421 49@(1.38636,0.85174)@2152
#links runNum=0 18-40@-96dBm@0.171 4-49@-91dBm@0.732 6-33@-96dBm@0.131 10-26@-97dBm@0.034 7-13@-88dBm@0.918 21-26@-92dBm@0.716 29-44@-96dBm@0.174 4-8@-91dBm@0.722 18-31@-96dBm@0.179 2-7@-77dBm@1.000 12-41@-96dBm@0.140 1-10@-95dBm@0.233 6-30@-93dBm@0.572 5-33@-87dBm@0.940 0-16@-89dBm@0.901 26-40@-80dBm@0.990 37-46@-85dBm@0.961 8-26@-93dBm@0.642 18-22@-85dBm@0.962 20-37@-97dBm@0.048 15-27@-93dBm@0.523 5-6@-84dBm@0.974 7-44@-95dBm@0.223 12-28@-96dBm@0.170 7-26@-91dBm@0.777 14-43@-93dBm@0.659 21-44@-90dBm@0.831 12-20@-90dBm@0.810 10-40@-97dBm@0.022 26-48@-93dBm@0.649 19-21@-89dBm@0.875 26-41@-96dBm@0.174 3-33@-93dBm@0.657 25-48@-96dBm@0.153 2-4@-93dBm@0.653 21-40@-86dBm@0.951 11-14@-92dBm@0.692 3-11@-89dBm@0.868 9-14@-93dBm@0.655 13-23@-77dBm@1.000 9-36@-95dBm@0.215 26-43@-95dBm@0.209 3-4@-87dBm@0.945 41-42@-94dBm@0.369 0-14@-88dBm@0.936 9-20@-96dBm@0.168 38-41@-96dBm@0.179 7-9@-89dBm@0.866 16-21@-90dBm@0.862 33-38@-88dBm@0.925 4-13@-84dBm@0.974 2-25@-96dBm@0.089 7-23@-90dBm@0.817 5-45@-93dBm@0.602 1-35@-92dBm@0.682 18-47@-92dBm@0.714 28-41@-92dBm@0.681 5-9@-93dBm@0.639 3-8@-92dBm@0.672 21-29@-88dBm@0.905 24-48@-95dBm@0.290 1-4@-83dBm@0.979 11-19@-86dBm@0.950 16-46@-95dBm@0.216 15-49@-91dBm@0.718 6-26@-88dBm@0.910 11-38@-92dBm@0.696 1-5@-91dBm@0.749 24-43@-96dBm@0.173 5-30@-96dBm@0.096 9-31@-86dBm@0.958 23-48@-77dBm@1.000 21-22@-91dBm@0.730 1-17@-93dBm@0.525 5-13@-91dBm@0.741 21-41@-93dBm@0.523 17-30@-91dBm@0.732 0-5@-95dBm@0.202 8-35@-89dBm@0.870 11-13@-81dBm@0.985 15-30@-96dBm@0.124 21-33@-90dBm@0.851 6-25@-90dBm@0.828 21-37@-91dBm@0.779 4-24@-93dBm@0.654 24-36@-94dBm@0.381 15-34@-87dBm@0.944 28-47@-94dBm@0.336 14-19@-84dBm@0.974 4-21@-92dBm@0.681 11-29@-83dBm@0.974 4-11@-85dBm@0.966 1-43@-92dBm@0.676 20-31@-89dBm@0.868 9-29@-96dBm@0.178 6-23@-93dBm@0.651 22-29@-95dBm@0.286 11-23@-92dBm@0.669 5-48@-89dBm@0.896 21-48@-85dBm@0.959 7-14@-86dBm@0.955 8-25@-90dBm@0.810 1-12@-88dBm@0.923 10-43@-97dBm@0.034 5-43@-93dBm@0.614 17-36@-91dBm@0.800 19-48@-84dBm@0.969 15-32@-93dBm@0.524 8-37@-84dBm@0.968 20-24@-87dBm@0.938 17-40@-93dBm@0.566 2-29@-83dBm@0.974 6-14@-94dBm@0.339 3-19@-94dBm@0.407 25-39@-91dBm@0.735 12-36@-91dBm@0.736 39-42@-81dBm@0.988 41-47@-96dBm@0.145 20-26@-84dBm@0.973 46-48@-94dBm@0.398 5-16@-94dBm@0.402 19-44@-84dBm@0.970 26-37@-97dBm@0.058 9-48@-95dBm@0.258 12-30@-93dBm@0.646 18-34@-95dBm@0.250 40-41@-95dBm@0.226 2-6@-87dBm@0.944 11-12@-85dBm@0.961 30-44@-76dBm@1.000 23-34@-95dBm@0.232 19-38@-94dBm@0.461 21-28@-85dBm@0.962 7-16@-93dBm@0.639 22-33@-95dBm@0.263 11-48@-79dBm@0.998 2-12@-96dBm@0.160 3-31@-83dBm@0.974 27-34@-92dBm@0.700 2-20@-91dBm@0.737 0-2@-93dBm@0.526 2-23@-82dBm@0.982 8-31@-89dBm@0.870 26-46@-94dBm@0.381 7-31@-88dBm@0.906 3-46@-90dBm@0.839 41-46@-90dBm@0.864 1-32@-97dBm@0.042 35-46@-89dBm@0.869 4-28@-90dBm@0.861 40-46@-92dBm@0.702 10-16@-93dBm@0.604 8-46@-88dBm@0.932 31-44@-96dBm@0.159 5-14@-90dBm@0.809 20-21@-94dBm@0.398 9-46@-94dBm@0.420 36-49@-93dBm@0.635 5-29@-82dBm@0.984 18-21@-97dBm@0.014 4-6@-93dBm@0.550 13-30@-93dBm@0.649 14-32@-90dBm@0.851 0-17@-74dBm@1.000 29-31@-97dBm@0.070 29-43@-96dBm@0.075 9-28@-93dBm@0.659 4-40@-93dBm@0.530 41-48@-92dBm@0.699 14-15@-87dBm@0.946 16-41@-95dBm@0.223 8-33@-91dBm@0.721 2-33@-97dBm@0.016 2-46@-94dBm@0.363 1-2@-81dBm@0.985 19-43@-96dBm@0.143 13-38@-95dBm@0.245 29-39@-96dBm@0.100 7-30@-73dBm@1.000 24-42@-97dBm@0.014 23-27@-94dBm@0.504 7-29@-80dBm@0.990 0-15@-92dBm@0.698 11-37@-96dBm@0.190 6-7@-93dBm@0.534 22-30@-86dBm@0.953 25-44@-96dBm@0.146 24-32@-90dBm@0.861 16-23@-91dBm@0.795 2-11@-93dBm@0.625 25-35@-94dBm@0.442 26-39@-92dBm@0.687 7-21@-83dBm@0.975 4-42@-97dBm@0.041 26-44@-89dBm@0.868 16-19@-73dBm@1.000 17-24@-87dBm@0.947 4-23@-91dBm@0.768 35-38@-94dBm@0.519 37-47@-85dBm@0.964 16-42@-97dBm@0.006 2-35@-93dBm@0.544 10-17@-93dBm@0.608 4-16@-85dBm@0.960 28-33@-93dBm@0.643 10-23@-96dBm@0.144 16-37@-88dBm@0.937 20-44@-84dBm@0.968 5-18@-88dBm@0.916 9-13@-91dBm@0.746 28-38@-85dBm@0.966 20-28@-94dBm@0.455 5-21@-85dBm@0.963 11-31@-84dBm@0.974 2-8@-92dBm@0.697 10-29@-84dBm@0.974 19-46@-93dBm@0.552 25-42@-93dBm@0.566 27-36@-88dBm@0.933 9-10@-86dBm@0.958 37-48@-82dBm@0.985 17-34@-91dBm@0.731 19-26@-89dBm@0.895 11-41@-95dBm@0.228 0-11@-97dBm@0.073 40-42@-92dBm@0.711 42-48@-96dBm@0.174 3-37@-85dBm@0.964 5-7@-78dBm@1.000 8-10@-95dBm@0.212 20-23@-95dBm@0.294 14-44@-83dBm@0.974 5-35@-97dBm@0.046 4-18@-89dBm@0.874 6-40@-82dBm@0.983 19-41@-89dBm@0.866 2-5@-83dBm@0.975 29-45@-92dBm@0.686 10-45@-92dBm@0.695 14-22@-91dBm@0.774 0-22@-93dBm@0.657 12-16@-71dBm@1.000 26-35@-95dBm@0.224 10-44@-82dBm@0.984 9-11@-96dBm@0.127 10-31@-97dBm@0.044 18-23@-89dBm@0.871 33-39@-96dBm@0.167 6-28@-88dBm@0.906 38-46@-93dBm@0.649 10-20@-82dBm@0.982 14-21@-93dBm@0.657 12-22@-86dBm@0.958 10-18@-90dBm@0.861 2-28@-97dBm@0.052 5-10@-80dBm@0.991 4-27@-91dBm@0.726 24-47@-94dBm@0.435 33-41@-90dBm@0.854 0-3@-92dBm@0.673 2-3@-92dBm@0.693 8-28@-74dBm@1.000 1-41@-91dBm@0.739 3-9@-88dBm@0.935 7-11@-93dBm@0.647 11-46@-86dBm@0.955 0-31@-96dBm@0.111 5-41@-97dBm@0.018 1-6@-87dBm@0.944 5-39@-91dBm@0.771 5-37@-85dBm@0.963 33-37@-93dBm@0.568 13-48@-84dBm@0.974 11-47@-90dBm@0.863 1-48@-88dBm@0.911 12-15@-93dBm@0.659 47-48@-95dBm@0.242 0-1@-93dBm@0.656 18-46@-96dBm@0.125 16-17@-97dBm@0.034 21-39@-91dBm@0.746 20-25@-92dBm@0.676 22-34@-94dBm@0.502 16-29@-82dBm@0.982 19-31@-90dBm@0.847 3-20@-93dBm@0.636 34-44@-93dBm@0.553 39-41@-85dBm@0.962 2-41@-97dBm@0.036 1-23@-93dBm@0.556 33-48@-95dBm@0.315 6-24@-94dBm@0.377 10-39@-90dBm@0.833 24-34@-95dBm@0.256 1-3@-80dBm@0.991 2-39@-93dBm@0.553 6-21@-87dBm@0.939 4-5@-93dBm@0.626 1-16@-92dBm@0.671 2-10@-81dBm@0.986 7-39@-93dBm@0.660 24-30@-85dBm@0.959 28-29@-96dBm@0.136 15-44@-93dBm@0.652 10-19@-85dBm@0.966 34-49@-88dBm@0.935 16-44@-90dBm@0.812 2-21@-89dBm@0.869 11-21@-96dBm@0.089 4-34@-93dBm@0.652 10-12@-82dBm@0.980 20-30@-94dBm@0.338
#aveChargePerCycle runNum=0 0@126.78 1@107.22 2@57.14 3@31.10 4@29.76 5@9.09 6@13.03 7@1.30 8@2.59 9@1.30 10@1.30 11@13.34 12@1.30 13@1.30 14@21.36 15@12.07 16@1.30 17@38.59 18@1.94 19@1.94 20@1.30 21@1.30 22@1.94 23@1.30 24@1.94 25@3.24 26@1.94 27@1.94 28@1.30 29@1.30 30@1.30 31@1.30 32@1.30 33@2.59 34@1.30 35@1.30 36@1.30 37@1.30 38@3.24 39@1.94 40@15.80 41@1.94 42@1.30 43@3.89 44@1.30 45@2.59 46@1.30 47@2.59 48@3.24 49@1.30