## dioPeriod = 1.0
## startTime = 1502276497.57
## numMotes = 50
## otfHousekeepingPeriod = 1.0
## slotframeLength = 101
## squareSide = 2.0
## cpuID = 36
## sixtopPdrThreshold = 1.5
## slotDuration = 0.01
## sixtopNoHousekeeping = 0
## pkPeriodVar = 0.05
## numCyclesPerRun = 100
## numRuns = 1
## otfThreshold = 1
## sixtopNoRemoveWorstCell = 0
## burstTimestamp = 20
## simDataDir = simData
## numChans = 16
## minRssi = -97
## noInterference = 0
## algorithm = local_voting
## numPacketsBurst = 5
## gui = False
## pkPeriod = None
## combinationKeys = ['algorithm', 'numMotes', 'otfThreshold']
## sixtopHousekeepingPeriod = 1.0


# appGenerated appReachesDagroot appRelayed aveHops aveLatency aveQueueDelay chargeConsumed collidedTxs cycle droppedAppFailedEnqueue droppedMacRetries droppedNoRoute droppedNoTxCells droppedQueueFull effectiveCollidedTxs numRxCells numTx numTxCells otfAdd otfRemove probableCollisions rplChurnParentSet rplChurnPrefParent rplChurnRank rplRxDIO rplTxDIO runNum scheduleCollisions topRxRelocatedCells topTxRelocatedBundles topTxRelocatedCells txQueueFill
             0                 0          0       0          0             0              0           0     0                       0                 0              0                0                0                    0          0     0          0      0         0                  0                 0                  0            0        0        0      0                  0                   0                     0                   0           0
             0                 0          0       0          0             0              0           0     1                       0                 0              0                0                0                    0          0     0          0      0         0                  0               142                 91            5      481       50      0                  0                   0                     0                   0           0
             0                 0          0       0          0             0              0           0     2                       0                 0              0                0                0                    0          0     0          0      0         0                  0                 0                139            0      481       50      0                  0                   0                     0                   0           0
             0                 0          0       0          0             0              0           0     3                       0                 0              0                0                0                    0          0     0          0      0         0                  0                 0                139            0      481       50      0                  0                   0                     0                   0           0
             0                 0          0       0          0             0              0           0     4                       0                 0              0                0                0                    0          0     0          0      0         0                  0                 0                139            0      481       50      0                  0                   0                     0                   0           0
             0                 0          0       0          0             0              0           0     5                       0                 0              0                0                0                    0          0     0          0      0         0                  0                 0                139            0      481       50      0                  0                   0                     0                   0           0
             0                 0          0       0          0             0              0           0     6                       0                 0              0                0                0                    0          0     0          0      0         0                  0                 0                139            0      481       50      0                  0                   0                     0                   0           0
             0                 0          0       0          0             0              0           0     7                       0                 0              0                0                0                    0          0     0          0      0         0                  0                 0                139            0      481       50      0                  0                   0                     0                   0           0
             0                 0          0       0          0             0              0           0     8                       0                 0              0                0                0                    0          0     0          0      0         0                  0                 0                139            0      481       50      0                  0                   0                     0                   0           0
             0                 0          0       0          0             0              0           0     9                       0                 0              0                0                0                    0          0     0          0      0         0                  0                 0                139            0      481       50      0                  0                   0                     0                   0           0
             0                 0          0       0          0             0              0           0    10                       0                 0              0                0                0                    0          0     0          0      0         0                  0                 0                139            0      481       50      0                  0                   0                     0                   0           0
             0                 0          0       0          0             0              0           0    11                       0                 0              0                0                0                    0          0     0          0      0         0                  0                 0                139            0      481       50      0                  0                   0                     0                   0           0
             0                 0          0       0          0             0              0           0    12                       0                 0              0                0                0                    0          0     0          0      0         0                  0                 0                139            0      481       50      0                  0                   0                     0                   0           0
             0                 0          0       0          0             0              0           0    13                       0                 0              0                0                0                    0          0     0          0      0         0                  0                 0                139            0      481       50      0                  0                   0                     0                   0           0
             0                 0          0       0          0             0              0           0    14                       0                 0              0                0                0                    0          0     0          0      0         0                  0                 0                139            0      481       50      0                  0                   0                     0                   0           0
             0                 0          0       0          0             0              0           0    15                       0                 0              0                0                0                    0          0     0          0      0         0                  0                 0                139            0      481       50      0                  0                   0                     0                   0           0
             0                 0          0       0          0             0              0           0    16                       0                 0              0                0                0                    0          0     0          0      0         0                  0                 0                139            0      481       50      0                  0                   0                     0                   0           0
             0                 0          0       0          0             0              0           0    17                       0                 0              0                0                0                    0          0     0          0      0         0                  0                 0                139            0      481       50      0                  0                   0                     0                   0           0
             0                 0          0       0          0             0              0           0    18                       0                 0              0                0                0                    0          0     0          0      0         0                  0                 0                139            0      481       50      0                  0                   0                     0                   0           0
            49                 1          4   1.000     15.000        56.000        936.640           2    19                       0                 0              0                0                0                    0         59     7         59      0         0                  0                 0                139            0      481       50      0                  1                   0                     0                   0          48
             0                31         21   1.452     85.419      2703.583      11993.360          30    20                       0                 0              0                0                0                    6        241    58        241      0         0                  1                 1                141           10      481       50      0                 16                   0                     0                   0          17
             0                17          4   1.882    166.235      1303.833      19280.740           0    21                       0                 0              0                0                0                    0        101    29        101      0         0                  0                11                135           48      481       50      0                  0                   0                     0                   0           0
             0                 0          0       0          0             0      20461.540           0    22                       0                 0              0                0                0                    0          0     0          0      0         0                  0                 9                149           49      481       50      0                  0                   0                     0                   0           0
             0                 0          0       0          0             0      20461.540           0    23                       0                 0              0                0                0                    0          0     0          0      0         0                  0                 4                146           18      481       50      0                  0                   0                     0                   0           0
             0                 0          0       0          0             0      20461.540           0    24                       0                 0              0                0                0                    0          0     0          0      0         0                  0                 1                146            0      481       50      0                  0                   0                     0                   0           0
             0                 0          0       0          0             0      20461.540           0    25                       0                 0              0                0                0                    0          0     0          0      0         0                  0                 0                146            0      481       50      0                  0                   0                     0                   0           0
             0                 0          0       0          0             0      20461.540           0    26                       0                 0              0                0                0                    0          0     0          0      0         0                  0                 0                146            0      481       50      0                  0                   0                     0                   0           0
             0                 0          0       0          0             0      20461.540           0    27                       0                 0              0                0                0                    0          0     0          0      0         0                  0                 0                146            0      481       50      0                  0                   0                     0                   0           0
             0                 0          0       0          0             0      20461.540           0    28                       0                 0              0                0                0                    0          0     0          0      0         0                  0                 0                146            0      481       50      0                  0                   0                     0                   0           0
             0                 0          0       0          0             0      20461.540           0    29                       0                 0              0                0                0                    0          0     0          0      0         0                  0                 0                146            0      481       50      0                  0                   0                     0                   0           0
             0                 0          0       0          0             0      20461.540           0    30                       0                 0              0                0                0                    0          0     0          0      0         0                  0                 0                146            0      481       50      0                  0                   0                     0                   0           0
             0                 0          0       0          0             0      20461.540           0    31                       0                 0              0                0                0                    0          0     0          0      0         0                  0                 0                146            0      481       50      0                  0                   0                     0                   0           0
             0                 0          0       0          0             0      20461.540           0    32                       0                 0              0                0                0                    0          0     0          0      0         0                  0                 0                146            0      481       50      0                  0                   0                     0                   0           0
             0                 0          0       0          0             0      20461.540           0    33                       0                 0              0                0                0                    0          0     0          0      0         0                  0                 0                146            0      481       50      0                  0                   0                     0                   0           0
             0                 0          0       0          0             0      20461.540           0    34                       0                 0              0                0                0                    0          0     0          0      0         0                  0                 0                146            0      481       50      0                  0                   0                     0                   0           0
             0                 0          0       0          0             0      20461.540           0    35                       0                 0              0                0                0                    0          0     0          0      0         0                  0                 0                146            0      481       50      0                  0                   0                     0                   0           0
             0                 0          0       0          0             0      20461.540           0    36                       0                 0              0                0                0                    0          0     0          0      0         0                  0                 0                146            0      481       50      0                  0                   0                     0                   0           0
             0                 0          0       0          0             0      20461.540           0    37                       0                 0              0                0                0                    0          0     0          0      0         0                  0                 0                146            0      481       50      0                  0                   0                     0                   0           0
             0                 0          0       0          0             0      20461.540           0    38                       0                 0              0                0                0                    0          0     0          0      0         0                  0                 0                146            0      481       50      0                  0                   0                     0                   0           0
             0                 0          0       0          0             0      20461.540           0    39                       0                 0              0                0                0                    0          0     0          0      0         0                  0                 0                146            0      481       50      0                  0                   0                     0                   0           0
             0                 0          0       0          0             0      20461.540           0    40                       0                 0              0                0                0                    0          0     0          0      0         0                  0                 0                146            0      481       50      0                  0                   0                     0                   0           0
             0                 0          0       0          0             0      20461.540           0    41                       0                 0              0                0                0                    0          0     0          0      0         0                  0                 0                146            0      481       50      0                  0                   0                     0                   0           0
             0                 0          0       0          0             0      20461.540           0    42                       0                 0              0                0                0                    0          0     0          0      0         0                  0                 0                146            0      481       50      0                  0                   0                     0                   0           0
             0                 0          0       0          0             0      20461.540           0    43                       0                 0              0                0                0                    0          0     0          0      0         0                  0                 0                146            0      481       50      0                  0                   0                     0                   0           0
             0                 0          0       0          0             0      20461.540           0    44                       0                 0              0                0                0                    0          0     0          0      0         0                  0                 0                146            0      481       50      0                  0                   0                     0                   0           0
             0                 0          0       0          0             0      20461.540           0    45                       0                 0              0                0                0                    0          0     0          0      0         0                  0                 0                146            0      481       50      0                  0                   0                     0                   0           0
             0                 0          0       0          0             0      20461.540           0    46                       0                 0              0                0                0                    0          0     0          0      0         0                  0                 0                146            0      481       50      0                  0                   0                     0                   0           0
             0                 0          0       0          0             0      20461.540           0    47                       0                 0              0                0                0                    0          0     0          0      0         0                  0                 0                146            0      481       50      0                  0                   0                     0                   0           0
             0                 0          0       0          0             0      20461.540           0    48                       0                 0              0                0                0                    0          0     0          0      0         0                  0                 0                146            0      481       50      0                  0                   0                     0                   0           0
             0                 0          0       0          0             0      20461.540           0    49                       0                 0              0                0                0                    0          0     0          0      0         0                  0                 0                146            0      481       50      0                  0                   0                     0                   0           0
             0                 0          0       0          0             0      20461.540           0    50                       0                 0              0                0                0                    0          0     0          0      0         0                  0                 0                146            0      481       50      0                  0                   0                     0                   0           0
             0                 0          0       0          0             0      20461.540           0    51                       0                 0              0                0                0                    0          0     0          0      0         0                  0                 0                146            0      481       50      0                  0                   0                     0                   0           0
             0                 0          0       0          0             0      20461.540           0    52                       0                 0              0                0                0                    0          0     0          0      0         0                  0                 0                146            0      481       50      0                  0                   0                     0                   0           0
             0                 0          0       0          0             0      20461.540           0    53                       0                 0              0                0                0                    0          0     0          0      0         0                  0                 0                146            0      481       50      0                  0                   0                     0                   0           0
             0                 0          0       0          0             0      20461.540           0    54                       0                 0              0                0                0                    0          0     0          0      0         0                  0                 0                146            0      481       50      0                  0                   0                     0                   0           0
             0                 0          0       0          0             0      20461.540           0    55                       0                 0              0                0                0                    0          0     0          0      0         0                  0                 0                146            0      481       50      0                  0                   0                     0                   0           0
             0                 0          0       0          0             0      20461.540           0    56                       0                 0              0                0                0                    0          0     0          0      0         0                  0                 0                146            0      481       50      0                  0                   0                     0                   0           0
             0                 0          0       0          0             0      20461.540           0    57                       0                 0              0                0                0                    0          0     0          0      0         0                  0                 0                146            0      481       50      0                  0                   0                     0                   0           0
             0                 0          0       0          0             0      20461.540           0    58                       0                 0              0                0                0                    0          0     0          0      0         0                  0                 0                146            0      481       50      0                  0                   0                     0                   0           0
            49                 8         15   1.375     43.500       763.500      24953.060          20    59                       0                 0              0                0                0                    2        183    31        183      0         0                  0                 0                146            0      481       50      0                 10                   0                     0                   0          41
             0                33         15   1.576    107.879      2617.750      37187.160           9    60                       0                 0              0                0                0                    3        144    50        144      0         0                  0                 3                144           26      481       50      0                  5                   0                     0                   0           8
             0                 8          0   2.000    179.500       292.750      40597.400           0    61                       0                 0              0                0                0                    0         73     9         73      0         0                  0                 8                146           49      481       50      0                  0                   0                     0                   0           0
             0                 0          0       0          0             0      41064.800           0    62                       0                 0              0                0                0                    0          0     0          0      0         0                  0                 4                148           33      481       50      0                  0                   0                     0                   0           0
             0                 0          0       0          0             0      41064.800           0    63                       0                 0              0                0                0                    0          0     0          0      0         0                  0                 3                146            5      481       50      0                  0                   0                     0                   0           0
             0                 0          0       0          0             0      41064.800           0    64                       0                 0              0                0                0                    0          0     0          0      0         0                  0                 0                146            0      481       50      0                  0                   0                     0                   0           0
             0                 0          0       0          0             0      41064.800           0    65                       0                 0              0                0                0                    0          0     0          0      0         0                  0                 0                146            0      481       50      0                  0                   0                     0                   0           0
             0                 0          0       0          0             0      41064.800           0    66                       0                 0              0                0                0                    0          0     0          0      0         0                  0                 0                146            0      481       50      0                  0                   0                     0                   0           0
             0                 0          0       0          0             0      41064.800           0    67                       0                 0              0                0                0                    0          0     0          0      0         0                  0                 0                146            0      481       50      0                  0                   0                     0                   0           0
             0                 0          0       0          0             0      41064.800           0    68                       0                 0              0                0                0                    0          0     0          0      0         0                  0                 0                146            0      481       50      0                  0                   0                     0                   0           0
             0                 0          0       0          0             0      41064.800           0    69                       0                 0              0                0                0                    0          0     0          0      0         0                  0                 0                146            0      481       50      0                  0                   0                     0                   0           0
             0                 0          0       0          0             0      41064.800           0    70                       0                 0              0                0                0                    0          0     0          0      0         0                  0                 0                146            0      481       50      0                  0                   0                     0                   0           0
             0                 0          0       0          0             0      41064.800           0    71                       0                 0              0                0                0                    0          0     0          0      0         0                  0                 0                146            0      481       50      0                  0                   0                     0                   0           0
             0                 0          0       0          0             0      41064.800           0    72                       0                 0              0                0                0                    0          0     0          0      0         0                  0                 0                146            0      481       50      0                  0                   0                     0                   0           0
             0                 0          0       0          0             0      41064.800           0    73                       0                 0              0                0                0                    0          0     0          0      0         0                  0                 0                146            0      481       50      0                  0                   0                     0                   0           0
             0                 0          0       0          0             0      41064.800           0    74                       0                 0              0                0                0                    0          0     0          0      0         0                  0                 0                146            0      481       50      0                  0                   0                     0                   0           0
             0                 0          0       0          0             0      41064.800           0    75                       0                 0              0                0                0                    0          0     0          0      0         0                  0                 0                146            0      481       50      0                  0                   0                     0                   0           0
             0                 0          0       0          0             0      41064.800           0    76                       0                 0              0                0                0                    0          0     0          0      0         0                  0                 0                146            0      481       50      0                  0                   0                     0                   0           0
             0                 0          0       0          0             0      41064.800           0    77                       0                 0              0                0                0                    0          0     0          0      0         0                  0                 0                146            0      481       50      0                  0                   0                     0                   0           0
             0                 0          0       0          0             0      41064.800           0    78                       0                 0              0                0                0                    0          0     0          0      0         0                  0                 0                146            0      481       50      0                  0                   0                     0                   0           0
             0                 0          0       0          0             0      41064.800           0    79                       0                 0              0                0                0                    0          0     0          0      0         0                  0                 0                146            0      481       50      0                  0                   0                     0                   0           0
             0                 0          0       0          0             0      41064.800           0    80                       0                 0              0                0                0                    0          0     0          0      0         0                  0                 0                146            0      481       50      0                  0                   0                     0                   0           0
             0                 0          0       0          0             0      41064.800           0    81                       0                 0              0                0                0                    0          0     0          0      0         0                  0                 0                146            0      481       50      0                  0                   0                     0                   0           0
             0                 0          0       0          0             0      41064.800           0    82                       0                 0              0                0                0                    0          0     0          0      0         0                  0                 0                146            0      481       50      0                  0                   0                     0                   0           0
             0                 0          0       0          0             0      41064.800           0    83                       0                 0              0                0                0                    0          0     0          0      0         0                  0                 0                146            0      481       50      0                  0                   0                     0                   0           0
             0                 0          0       0          0             0      41064.800           0    84                       0                 0              0                0                0                    0          0     0          0      0         0                  0                 0                146            0      481       50      0                  0                   0                     0                   0           0
             0                 0          0       0          0             0      41064.800           0    85                       0                 0              0                0                0                    0          0     0          0      0         0                  0                 0                146            0      481       50      0                  0                   0                     0                   0           0
             0                 0          0       0          0             0      41064.800           0    86                       0                 0              0                0                0                    0          0     0          0      0         0                  0                 0                146            0      481       50      0                  0                   0                     0                   0           0
             0                 0          0       0          0             0      41064.800           0    87                       0                 0              0                0                0                    0          0     0          0      0         0                  0                 0                146            0      481       50      0                  0                   0                     0                   0           0
             0                 0          0       0          0             0      41064.800           0    88                       0                 0              0                0                0                    0          0     0          0      0         0                  0                 0                146            0      481       50      0                  0                   0                     0                   0           0
             0                 0          0       0          0             0      41064.800           0    89                       0                 0              0                0                0                    0          0     0          0      0         0                  0                 0                146            0      481       50      0                  0                   0                     0                   0           0
             0                 0          0       0          0             0      41064.800           0    90                       0                 0              0                0                0                    0          0     0          0      0         0                  0                 0                146            0      481       50      0                  0                   0                     0                   0           0
             0                 0          0       0          0             0      41064.800           0    91                       0                 0              0                0                0                    0          0     0          0      0         0                  0                 0                146            0      481       50      0                  0                   0                     0                   0           0
             0                 0          0       0          0             0      41064.800           0    92                       0                 0              0                0                0                    0          0     0          0      0         0                  0                 0                146            0      481       50      0                  0                   0                     0                   0           0
             0                 0          0       0          0             0      41064.800           0    93                       0                 0              0                0                0                    0          0     0          0      0         0                  0                 0                146            0      481       50      0                  0                   0                     0                   0           0
             0                 0          0       0          0             0      41064.800           0    94                       0                 0              0                0                0                    0          0     0          0      0         0                  0                 0                146            0      481       50      0                  0                   0                     0                   0           0
             0                 0          0       0          0             0      41064.800           0    95                       0                 0              0                0                0                    0          0     0          0      0         0                  0                 0                146            0      481       50      0                  0                   0                     0                   0           0
             0                 0          0       0          0             0      41064.800           0    96                       0                 0              0                0                0                    0          0     0          0      0         0                  0                 0                146            0      481       50      0                  0                   0                     0                   0           0
             0                 0          0       0          0             0      41064.800           0    97                       0                 0              0                0                0                    0          0     0          0      0         0                  0                 0                146            0      481       50      0                  0                   0                     0                   0           0
             0                 0          0       0          0             0      41064.800           0    98                       0                 0              0                0                0                    0          0     0          0      0         0                  0                 0                146            0      481       50      0                  0                   0                     0                   0           0
             0                 0          0       0          0             0      41064.800           0    99                       0                 0              0                0                0                    0          0     0          0      0         0                  0                 0                146            0      481       50      0                  0                   0                     0                   0           0
#pos runNum=0 0@(1.00000,1.00000)@0 1@(0.93628,0.80113)@640 2@(0.79900,1.10594)@1024 3@(0.78508,1.14010)@640 4@(0.73710,0.89317)@731 5@(0.93220,0.82817)@640 6@(0.79396,1.11251)@1493 7@(0.79540,1.04238)@1536 8@(0.79083,1.02710)@640 9@(0.86357,0.83967)@568 10@(0.87603,0.70190)@1024 11@(0.92856,1.14656)@1877 12@(0.66807,1.03727)@1592 13@(0.96623,1.24516)@1371 14@(0.64477,0.68970)@1493 15@(0.81715,1.23496)@1208 16@(0.76915,1.09471)@731 17@(0.82629,0.69754)@1299 18@(0.68425,0.92403)@731 19@(0.47754,0.93310)@1755 20@(0.97389,1.03900)@568 21@(0.84993,1.03834)@1280 22@(1.01806,1.04488)@568 23@(0.87638,0.92777)@568 24@(0.87888,1.10824)@731 25@(0.98556,1.39567)@1493 26@(0.88010,0.96937)@1706 27@(0.90279,0.98387)@1877 28@(0.88270,1.06027)@568 29@(1.01253,1.17483)@1136 30@(0.49873,0.96290)@1664 31@(0.74886,0.73383)@1208 32@(0.80835,0.63712)@1664 33@(1.16903,0.96827)@1706 34@(1.13086,0.93462)@1877 35@(0.99341,1.22767)@640 36@(1.04217,0.61891)@1592 37@(0.66377,0.86665)@1299 38@(0.86654,0.45500)@1664 39@(0.37505,0.87435)@1584 40@(0.77212,0.59500)@1493 41@(1.02768,0.82411)@1493 42@(1.10477,0.86157)@1584 43@(0.62989,1.39456)@1920 44@(0.76943,0.77404)@731 45@(0.83083,0.99409)@1208 46@(1.04516,1.25241)@1208 47@(1.06647,1.11509)@853 48@(0.81660,1.45597)@1848 49@(0.79356,1.13126)@1371
#links runNum=0 8-19@-95dBm@0.205 13-41@-96dBm@0.184 6-22@-89dBm@0.869 23-26@-82dBm@0.980 19-48@-97dBm@0.015 18-31@-89dBm@0.901 26-28@-94dBm@0.342 0-35@-90dBm@0.809 21-47@-95dBm@0.226 13-35@-73dBm@1.000 1-10@-91dBm@0.789 5-33@-93dBm@0.654 0-16@-91dBm@0.721 3-7@-86dBm@0.958 1-14@-92dBm@0.700 8-32@-93dBm@0.557 18-49@-88dBm@0.934 3-45@-85dBm@0.962 20-23@-89dBm@0.868 3-49@-86dBm@0.954 14-45@-94dBm@0.342 4-17@-88dBm@0.936 2-13@-94dBm@0.420 10-34@-93dBm@0.657 12-16@-92dBm@0.700 0-44@-91dBm@0.745 31-39@-94dBm@0.499 22-25@-92dBm@0.670 17-18@-94dBm@0.515 22-28@-97dBm@0.013 7-18@-95dBm@0.246 37-44@-93dBm@0.651 3-4@-91dBm@0.747 12-43@-96dBm@0.191 6-30@-96dBm@0.097 15-48@-89dBm@0.868 20-35@-94dBm@0.513 1-49@-91dBm@0.718 9-17@-95dBm@0.240 16-21@-90dBm@0.816 2-5@-92dBm@0.661 8-41@-92dBm@0.667 20-41@-93dBm@0.605 9-22@-95dBm@0.214 15-21@-89dBm@0.893 5-37@-91dBm@0.775 3-15@-85dBm@0.963 35-44@-95dBm@0.194 6-12@-87dBm@0.947 23-28@-85dBm@0.967 19-39@-89dBm@0.877 4-19@-93dBm@0.593 27-37@-97dBm@0.032 6-28@-88dBm@0.934 2-7@-77dBm@1.000 7-33@-96dBm@0.162 28-45@-88dBm@0.936 33-38@-96dBm@0.156 0-23@-88dBm@0.937 25-49@-90dBm@0.821 25-43@-93dBm@0.635 8-40@-93dBm@0.637 35-46@-89dBm@0.868 2-12@-86dBm@0.956 8-33@-97dBm@0.022 2-16@-82dBm@0.983 5-8@-89dBm@0.882 25-47@-90dBm@0.864 1-26@-86dBm@0.958 12-17@-97dBm@0.037 2-27@-92dBm@0.689 11-22@-87dBm@0.943 3-30@-93dBm@0.574 37-40@-94dBm@0.424 14-31@-85dBm@0.961 0-10@-93dBm@0.574 1-40@-92dBm@0.664 8-45@-80dBm@0.995 21-34@-92dBm@0.710 32-44@-92dBm@0.679 3-23@-95dBm@0.207 0-32@-96dBm@0.168 16-45@-90dBm@0.858 30-44@-90dBm@0.809 26-44@-96dBm@0.116 22-29@-84dBm@0.974 7-19@-92dBm@0.698 6-7@-89dBm@0.866 7-14@-93dBm@0.584 18-24@-96dBm@0.161 15-45@-95dBm@0.226 0-47@-93dBm@0.658 38-44@-95dBm@0.209 3-16@-91dBm@0.745 0-18@-92dBm@0.713 19-47@-96dBm@0.090 17-36@-89dBm@0.865 33-42@-87dBm@0.946 8-37@-88dBm@0.908 29-33@-92dBm@0.707 45-49@-93dBm@0.628 0-9@-88dBm@0.904 7-45@-97dBm@0.025 8-22@-91dBm@0.784 27-36@-93dBm@0.650 10-27@-93dBm@0.567 43-48@-91dBm@0.794 6-8@-87dBm@0.940 15-41@-95dBm@0.298 7-34@-96dBm@0.157 20-21@-91dBm@0.768 25-29@-93dBm@0.546 27-34@-92dBm@0.699 2-49@-74dBm@1.000 2-6@-70dBm@1.000 30-41@-96dBm@0.157 1-9@-82dBm@0.985 7-49@-91dBm@0.774 16-41@-94dBm@0.424 11-15@-86dBm@0.957 8-30@-90dBm@0.808 3-6@-83dBm@0.974 0-20@-87dBm@0.941 12-14@-92dBm@0.675 31-40@-89dBm@0.891 1-47@-93dBm@0.647 13-29@-91dBm@0.751 26-49@-94dBm@0.509 12-27@-91dBm@0.801 10-36@-86dBm@0.954 6-11@-91dBm@0.729 17-49@-95dBm@0.248 3-21@-90dBm@0.829 19-22@-96dBm@0.120 17-20@-93dBm@0.642 26-29@-89dBm@0.865 2-3@-82dBm@0.985 22-49@-96dBm@0.085 5-20@-94dBm@0.324 8-11@-86dBm@0.957 3-13@-92dBm@0.684 11-35@-86dBm@0.950 14-30@-95dBm@0.229 7-26@-90dBm@0.861 23-39@-94dBm@0.346 10-22@-95dBm@0.302 5-24@-91dBm@0.788 11-24@-82dBm@0.980 8-44@-97dBm@0.052 13-28@-96dBm@0.161 9-14@-93dBm@0.650 12-33@-96dBm@0.174 4-37@-81dBm@0.985 0-5@-90dBm@0.861 10-28@-97dBm@0.035 1-2@-92dBm@0.713 11-12@-93dBm@0.601 27-40@-93dBm@0.534 0-4@-91dBm@0.780 15-26@-90dBm@0.804 13-25@-94dBm@0.449 0-13@-94dBm@0.472 13-49@-94dBm@0.324 6-47@-94dBm@0.469 20-46@-90dBm@0.863 3-24@-93dBm@0.540 31-32@-91dBm@0.734 9-23@-83dBm@0.978 29-48@-94dBm@0.323 21-24@-81dBm@0.985 2-20@-96dBm@0.107 28-42@-95dBm@0.203 2-11@-92dBm@0.699 17-38@-90dBm@0.863 25-35@-85dBm@0.959 5-31@-87dBm@0.946 12-35@-94dBm@0.446 12-18@-97dBm@0.048 18-19@-92dBm@0.707 0-8@-90dBm@0.859 6-9@-90dBm@0.839 7-15@-87dBm@0.946 24-42@-92dBm@0.677 34-47@-93dBm@0.539 13-33@-92dBm@0.685 10-17@-88dBm@0.931 15-49@-91dBm@0.740 4-16@-95dBm@0.296 10-32@-91dBm@0.727 26-27@-73dBm@1.000 0-2@-93dBm@0.596 38-40@-91dBm@0.733 2-4@-88dBm@0.937 0-24@-91dBm@0.721 9-27@-92dBm@0.695 22-37@-95dBm@0.219 9-10@-92dBm@0.705 29-35@-86dBm@0.950 6-37@-95dBm@0.207 2-15@-94dBm@0.517 10-31@-86dBm@0.954 3-37@-95dBm@0.317 43-46@-94dBm@0.421 23-46@-97dBm@0.052 5-7@-97dBm@0.040 14-17@-90dBm@0.859 1-36@-97dBm@0.064 11-13@-83dBm@0.974 14-44@-95dBm@0.291 8-24@-89dBm@0.883 24-49@-95dBm@0.208 3-27@-88dBm@0.911 18-28@-89dBm@0.877 9-41@-90dBm@0.863 16-30@-90dBm@0.842 21-43@-96dBm@0.080 0-33@-94dBm@0.341 20-49@-92dBm@0.662 21-27@-82dBm@0.981 28-44@-90dBm@0.816 8-27@-82dBm@0.985 6-29@-90dBm@0.806 0-22@-86dBm@0.957 7-8@-79dBm@0.998 21-49@-85dBm@0.961 7-28@-83dBm@0.974 18-23@-88dBm@0.911 7-24@-94dBm@0.453 10-38@-89dBm@0.872 15-29@-92dBm@0.681 6-16@-87dBm@0.940 4-30@-96dBm@0.078 2-28@-81dBm@0.985 32-45@-91dBm@0.727 1-8@-91dBm@0.761 1-30@-96dBm@0.160 40-41@-95dBm@0.305 0-3@-90dBm@0.842 8-13@-92dBm@0.710 8-16@-91dBm@0.786 15-42@-95dBm@0.310 3-9@-96dBm@0.160 13-22@-87dBm@0.942 29-37@-96dBm@0.144 34-35@-93dBm@0.653 1-6@-92dBm@0.679 8-20@-97dBm@0.054 0-28@-86dBm@0.955 17-44@-80dBm@0.994 11-47@-92dBm@0.687 16-22@-89dBm@0.865 4-39@-93dBm@0.645 36-38@-88dBm@0.935 0-1@-89dBm@0.884 9-15@-95dBm@0.224 16-49@-79dBm@1.000 35-48@-89dBm@0.866 0-6@-96dBm@0.176 7-46@-92dBm@0.693 13-20@-87dBm@0.940 8-25@-93dBm@0.643 20-22@-74dBm@1.000 4-47@-94dBm@0.478 3-43@-94dBm@0.500 6-24@-92dBm@0.704 21-26@-79dBm@1.000 1-3@-92dBm@0.704 12-20@-95dBm@0.304 6-21@-94dBm@0.437 24-28@-75dBm@1.000 11-34@-96dBm@0.142 7-27@-88dBm@0.923 4-5@-90dBm@0.826 5-18@-90dBm@0.810 0-26@-94dBm@0.389 16-43@-91dBm@0.753 11-49@-89dBm@0.866 31-42@-97dBm@0.021 15-44@-95dBm@0.293 7-21@-75dBm@1.000 2-47@-94dBm@0.444 15-25@-89dBm@0.866 33-34@-92dBm@0.710 15-35@-90dBm@0.827 1-23@-86dBm@0.952 41-42@-80dBm@0.990 27-45@-83dBm@0.974 24-34@-95dBm@0.235 14-41@-96dBm@0.150 21-44@-92dBm@0.706 16-18@-86dBm@0.951
#aveChargePerCycle runNum=0 0@146.70 1@26.14 2@23.75 3@29.04 4@27.55 5@7.98 6@1.30 7@1.30 8@18.26 9@1.30 10@23.71 11@1.94 12@1.30 13@6.48 14@4.54 15@8.47 16@2.59 17@1.30 18@1.94 19@1.30 20@7.33 21@1.94 22@8.22 23@1.30 24@9.61 25@3.89 26@1.94 27@1.30 28@1.30 29@1.30 30@3.24 31@1.30 32@1.94 33@3.89 34@2.59 35@1.30 36@1.30 37@1.30 38@1.30 39@1.94 40@1.30 41@1.94 42@1.30 43@1.30 44@1.30 45@1.30 46@1.30 47@1.94 48@1.30 49@2.59