## dioPeriod = 1.0
## startTime = 1502276502.4
## numMotes = 50
## otfHousekeepingPeriod = 1.0
## slotframeLength = 101
## squareSide = 2.0
## cpuID = 22
## sixtopPdrThreshold = 1.5
## slotDuration = 0.01
## sixtopNoHousekeeping = 0
## pkPeriodVar = 0.05
## numCyclesPerRun = 100
## numRuns = 1
## otfThreshold = 1
## sixtopNoRemoveWorstCell = 0
## burstTimestamp = 20
## simDataDir = simData
## numChans = 16
## minRssi = -97
## noInterference = 0
## algorithm = local_voting
## numPacketsBurst = 5
## gui = False
## pkPeriod = None
## combinationKeys = ['algorithm', 'numMotes', 'otfThreshold']
## sixtopHousekeepingPeriod = 1.0


# appGenerated appReachesDagroot appRelayed aveHops aveLatency aveQueueDelay chargeConsumed collidedTxs cycle droppedAppFailedEnqueue droppedMacRetries droppedNoRoute droppedNoTxCells droppedQueueFull effectiveCollidedTxs numRxCells numTx numTxCells otfAdd otfRemove probableCollisions rplChurnParentSet rplChurnPrefParent rplChurnRank rplRxDIO rplTxDIO runNum scheduleCollisions topRxRelocatedCells topTxRelocatedBundles topTxRelocatedCells txQueueFill
             0                 0          0       0          0             0              0           0     0                       0                 0              0                0                0                    0          0     0          0      0         0                  0                 0                  0            0        0        0      0                  0                   0                     0                   0           0
             0                 0          0       0          0             0              0           0     1                       0                 0              0                0                0                    0          0     0          0      0         0                  0               144                 93            2      577       50      0                  0                   0                     0                   0           0
             0                 0          0       0          0             0              0           0     2                       0                 0              0                0                0                    0          0     0          0      0         0                  0                 0                156            0      577       50      0                  0                   0                     0                   0           0
             0                 0          0       0          0             0              0           0     3                       0                 0              0                0                0                    0          0     0          0      0         0                  0                 0                156            0      577       50      0                  0                   0                     0                   0           0
             0                 0          0       0          0             0              0           0     4                       0                 0              0                0                0                    0          0     0          0      0         0                  0                 0                156            0      577       50      0                  0                   0                     0                   0           0
             0                 0          0       0          0             0              0           0     5                       0                 0              0                0                0                    0          0     0          0      0         0                  0                 0                156            0      577       50      0                  0                   0                     0                   0           0
             0                 0          0       0          0             0              0           0     6                       0                 0              0                0                0                    0          0     0          0      0         0                  0                 0                156            0      577       50      0                  0                   0                     0                   0           0
             0                 0          0       0          0             0              0           0     7                       0                 0              0                0                0                    0          0     0          0      0         0                  0                 0                156            0      577       50      0                  0                   0                     0                   0           0
             0                 0          0       0          0             0              0           0     8                       0                 0              0                0                0                    0          0     0          0      0         0                  0                 0                156            0      577       50      0                  0                   0                     0                   0           0
             0                 0          0       0          0             0              0           0     9                       0                 0              0                0                0                    0          0     0          0      0         0                  0                 0                156            0      577       50      0                  0                   0                     0                   0           0
             0                 0          0       0          0             0              0           0    10                       0                 0              0                0                0                    0          0     0          0      0         0                  0                 0                156            0      577       50      0                  0                   0                     0                   0           0
             0                 0          0       0          0             0              0           0    11                       0                 0              0                0                0                    0          0     0          0      0         0                  0                 0                156            0      577       50      0                  0                   0                     0                   0           0
             0                 0          0       0          0             0              0           0    12                       0                 0              0                0                0                    0          0     0          0      0         0                  0                 0                156            0      577       50      0                  0                   0                     0                   0           0
             0                 0          0       0          0             0              0           0    13                       0                 0              0                0                0                    0          0     0          0      0         0                  0                 0                156            0      577       50      0                  0                   0                     0                   0           0
             0                 0          0       0          0             0              0           0    14                       0                 0              0                0                0                    0          0     0          0      0         0                  0                 0                156            0      577       50      0                  0                   0                     0                   0           0
             0                 0          0       0          0             0              0           0    15                       0                 0              0                0                0                    0          0     0          0      0         0                  0                 0                156            0      577       50      0                  0                   0                     0                   0           0
             0                 0          0       0          0             0              0           0    16                       0                 0              0                0                0                    0          0     0          0      0         0                  0                 0                156            0      577       50      0                  0                   0                     0                   0           0
             0                 0          0       0          0             0              0           0    17                       0                 0              0                0                0                    0          0     0          0      0         0                  0                 0                156            0      577       50      0                  0                   0                     0                   0           0
             0                 0          0       0          0             0              0           0    18                       0                 0              0                0                0                    0          0     0          0      0         0                  0                 0                156            0      577       50      0                  0                   0                     0                   0           0
            49                 4          5   1.250     13.500       100.000       1503.520           2    19                       0                 0              0                0                0                    0         81    11         81      0         0                  0                 0                156            0      577       50      0                  1                   0                     0                   0          45
             0                32         30   1.719     84.625      2671.333      14538.560          28    20                       0                 0              0                0                0                    9        232    73        232      0         0                  2                 1                156            9      577       50      0                 14                   0                     0                   0          13
             0                13          1   1.923    147.462       685.250      19696.040           2    21                       0                 0              0                0                0                    0        112    15        112      0         0                  0                 6                156           47      577       50      0                  1                   0                     0                   0           0
             0                 0          0       0          0             0      21811.640           0    22                       0                 0              0                0                0                    0         11     6         11      0         0                  0                 3                153           42      577       50      0                  0                   0                     0                   0           0
             0                 0          0       0          0             0      22082.240           0    23                       0                 0              0                0                0                    0         11     6         11      0         0                  0                 1                152            7      577       50      0                  0                   0                     0                   0           0
             0                 0          0       0          0             0      22352.840           0    24                       0                 0              0                0                0                    0         11     6         11      0         0                  0                 0                152            0      577       50      0                  0                   0                     0                   0           0
             0                 0          0       0          0             0      22623.440           0    25                       0                 0              0                0                0                    0         11     6         11      0         0                  0                 0                152            0      577       50      0                  0                   0                     0                   0           0
             0                 0          0       0          0             0      22894.040           0    26                       0                 0              0                0                0                    0         11     6         11      0         0                  0                 0                152            0      577       50      0                  0                   0                     0                   0           0
             0                 0          0       0          0             0      23164.640           0    27                       0                 0              0                0                0                    0         11     6         11      0         0                  0                 0                152            0      577       50      0                  0                   0                     0                   0           0
             0                 0          0       0          0             0      23435.240           0    28                       0                 0              0                0                0                    0         11     6         11      0         0                  0                 0                152            0      577       50      0                  0                   0                     0                   0           0
             0                 0          0       0          0             0      23705.840           0    29                       0                 0              0                0                0                    0         11     6         11      0         0                  0                 0                152            0      577       50      0                  0                   0                     0                   0           0
             0                 0          0       0          0             0      23976.440           0    30                       0                 0              0                0                0                    0         11     6         11      0         0                  0                 0                152            0      577       50      0                  0                   0                     0                   0           0
             0                 0          0       0          0             0      24247.040           0    31                       0                 0              0                0                0                    0         11     6         11      0         0                  0                 0                152            0      577       50      0                  0                   0                     0                   0           0
             0                 0          0       0          0             0      24517.640           0    32                       0                 0              0                0                0                    0         11     6         11      0         0                  0                 0                152            0      577       50      0                  0                   0                     0                   0           0
             0                 0          0       0          0             0      24788.240           0    33                       0                 0              0                0                0                    0         11     6         11      0         0                  0                 0                152            0      577       50      0                  0                   0                     0                   0           0
             0                 0          0       0          0             0      25058.840           0    34                       0                 0              0                0                0                    0         11     6         11      0         0                  0                 0                152            0      577       50      0                  0                   0                     0                   0           0
             0                 0          0       0          0             0      25329.440           0    35                       0                 0              0                0                0                    0         11     6         11      0         0                  0                 0                152            0      577       50      0                  0                   0                     0                   0           0
             0                 0          0       0          0             0      25600.040           0    36                       0                 0              0                0                0                    0         11     6         11      0         0                  0                 0                152            0      577       50      0                  0                   0                     0                   0           0
             0                 0          0       0          0             0      25870.640           0    37                       0                 0              0                0                0                    0         11     6         11      0         0                  0                 0                152            0      577       50      0                  0                   0                     0                   0           0
             0                 0          0       0          0             0      26141.240           0    38                       0                 0              0                0                0                    0         11     6         11      0         0                  0                 0                152            0      577       50      0                  0                   0                     0                   0           0
             0                 0          0       0          0             0      26411.840           0    39                       0                 0              0                0                0                    0         11     6         11      0         0                  0                 0                152            0      577       50      0                  0                   0                     0                   0           0
             0                 0          0       0          0             0      26682.440           0    40                       0                 0              0                0                0                    0         11     6         11      0         0                  0                 0                152            0      577       50      0                  0                   0                     0                   0           0
             0                 0          0       0          0             0      26953.040           0    41                       0                 0              0                0                0                    0         11     6         11      0         0                  0                 0                152            0      577       50      0                  0                   0                     0                   0           0
             0                 0          0       0          0             0      27223.640           0    42                       0                 0              0                0                0                    0         11     6         11      0         0                  0                 0                152            0      577       50      0                  0                   0                     0                   0           0
             0                 0          0       0          0             0      27494.240           0    43                       0                 0              0                0                0                    0         11     6         11      0         0                  0                 0                152            0      577       50      0                  0                   0                     0                   0           0
             0                 0          0       0          0             0      27764.840           0    44                       0                 0              0                0                0                    0         11     6         11      0         0                  0                 0                152            0      577       50      0                  0                   0                     0                   0           0
             0                 0          0       0          0             0      28035.440           0    45                       0                 0              0                0                0                    0         11     6         11      0         0                  0                 0                152            0      577       50      0                  0                   0                     0                   0           0
             0                 0          0       0          0             0      28306.040           0    46                       0                 0              0                0                0                    0         11     6         11      0         0                  0                 0                152            0      577       50      0                  0                   0                     0                   0           0
             0                 0          0       0          0             0      28576.640           0    47                       0                 0              0                0                0                    0         11     6         11      0         0                  0                 0                152            0      577       50      0                  0                   0                     0                   0           0
             0                 0          0       0          0             0      28847.240           0    48                       0                 0              0                0                0                    0         11     6         11      0         0                  0                 0                152            0      577       50      0                  0                   0                     0                   0           0
             0                 0          0       0          0             0      29117.840           0    49                       0                 0              0                0                0                    0         11     6         11      0         0                  0                 0                152            0      577       50      0                  0                   0                     0                   0           0
             0                 0          0       0          0             0      29388.440           0    50                       0                 0              0                0                0                    0         11     6         11      0         0                  0                 0                152            0      577       50      0                  0                   0                     0                   0           0
             0                 0          0       0          0             0      29659.040           0    51                       0                 0              0                0                0                    0         11     6         11      0         0                  0                 0                152            0      577       50      0                  0                   0                     0                   0           0
             0                 0          0       0          0             0      29929.640           0    52                       0                 0              0                0                0                    0         11     6         11      0         0                  0                 0                152            0      577       50      0                  0                   0                     0                   0           0
             0                 0          0       0          0             0      30200.240           0    53                       0                 0              0                0                0                    0         11     6         11      0         0                  0                 0                152            0      577       50      0                  0                   0                     0                   0           0
             0                 0          0       0          0             0      30470.840           0    54                       0                 0              0                0                0                    0         11     6         11      0         0                  0                 0                152            0      577       50      0                  0                   0                     0                   0           0
             0                 0          0       0          0             0      30741.440           0    55                       0                 0              0                0                0                    0         11     6         11      0         0                  0                 0                152            0      577       50      0                  0                   0                     0                   0           0
             0                 0          0       0          0             0      31012.040           0    56                       0                 0              0                0                0                    0         11     6         11      0         0                  0                 0                152            0      577       50      0                  0                   0                     0                   0           0
             0                 0          0       0          0             0      31282.640           0    57                       0                 0              0                0                0                    0         11     6         11      0         0                  0                 0                152            0      577       50      0                  0                   0                     0                   0           0
             0                 0          0       0          0             0      31553.240           0    58                       0                 0              0                0                0                    0         11     6         11      0         0                  0                 0                152            0      577       50      0                  0                   0                     0                   0           0
            49                 5         14   1.400     49.200       554.500      35511.460          14    59                       0                 0              0                0                0                    3        144    32        144      0         0                  0                 0                152            0      577       50      0                  7                   0                     0                   0          44
             0                43         22   1.791    106.233      2791.455      49437.100          10    60                       0                 0              0                0                0                    3        199    77        199      0         0                  0                 2                148           27      577       50      0                  5                   0                     0                   0           1
             0                 1          0   1.000    192.000       192.000      52439.060           0    61                       0                 0              0                0                0                    0        107    14        107      0         0                  0                 5                149           42      577       50      0                  0                   0                     0                   0           0
             0                 0          0       0          0             0      53177.060           0    62                       0                 0              0                0                0                    0         11     9         11      0         0                  0                 3                155           35      577       50      0                  0                   0                     0                   0           0
             0                 0          0       0          0             0      53447.660           0    63                       0                 0              0                0                0                    0         11     9         11      0         0                  0                 0                152            1      577       50      0                  0                   0                     0                   0           0
             0                 0          0       0          0             0      53718.260           0    64                       0                 0              0                0                0                    0         11     9         11      0         0                  0                 0                152            0      577       50      0                  0                   0                     0                   0           0
             0                 0          0       0          0             0      53988.860           0    65                       0                 0              0                0                0                    0         11     9         11      0         0                  0                 0                152            0      577       50      0                  0                   0                     0                   0           0
             0                 0          0       0          0             0      54259.460           0    66                       0                 0              0                0                0                    0         11     9         11      0         0                  0                 0                152            0      577       50      0                  0                   0                     0                   0           0
             0                 0          0       0          0             0      54530.060           0    67                       0                 0              0                0                0                    0         11     9         11      0         0                  0                 0                152            0      577       50      0                  0                   0                     0                   0           0
             0                 0          0       0          0             0      54800.660           0    68                       0                 0              0                0                0                    0         11     9         11      0         0                  0                 0                152            0      577       50      0                  0                   0                     0                   0           0
             0                 0          0       0          0             0      55071.260           0    69                       0                 0              0                0                0                    0         11     9         11      0         0                  0                 0                152            0      577       50      0                  0                   0                     0                   0           0
             0                 0          0       0          0             0      55341.860           0    70                       0                 0              0                0                0                    0         11     9         11      0         0                  0                 0                152            0      577       50      0                  0                   0                     0                   0           0
             0                 0          0       0          0             0      55612.460           0    71                       0                 0              0                0                0                    0         11     9         11      0         0                  0                 0                152            0      577       50      0                  0                   0                     0                   0           0
             0                 0          0       0          0             0      55883.060           0    72                       0                 0              0                0                0                    0         11     9         11      0         0                  0                 0                152            0      577       50      0                  0                   0                     0                   0           0
             0                 0          0       0          0             0      56153.660           0    73                       0                 0              0                0                0                    0         11     9         11      0         0                  0                 0                152            0      577       50      0                  0                   0                     0                   0           0
             0                 0          0       0          0             0      56424.260           0    74                       0                 0              0                0                0                    0         11     9         11      0         0                  0                 0                152            0      577       50      0                  0                   0                     0                   0           0
             0                 0          0       0          0             0      56694.860           0    75                       0                 0              0                0                0                    0         11     9         11      0         0                  0                 0                152            0      577       50      0                  0                   0                     0                   0           0
             0                 0          0       0          0             0      56965.460           0    76                       0                 0              0                0                0                    0         11     9         11      0         0                  0                 0                152            0      577       50      0                  0                   0                     0                   0           0
             0                 0          0       0          0             0      57236.060           0    77                       0                 0              0                0                0                    0         11     9         11      0         0                  0                 0                152            0      577       50      0                  0                   0                     0                   0           0
             0                 0          0       0          0             0      57506.660           0    78                       0                 0              0                0                0                    0         11     9         11      0         0                  0                 0                152            0      577       50      0                  0                   0                     0                   0           0
             0                 0          0       0          0             0      57777.260           0    79                       0                 0              0                0                0                    0         11     9         11      0         0                  0                 0                152            0      577       50      0                  0                   0                     0                   0           0
             0                 0          0       0          0             0      58047.860           0    80                       0                 0              0                0                0                    0         11     9         11      0         0                  0                 0                152            0      577       50      0                  0                   0                     0                   0           0
             0                 0          0       0          0             0      58318.460           0    81                       0                 0              0                0                0                    0         11     9         11      0         0                  0                 0                152            0      577       50      0                  0                   0                     0                   0           0
             0                 0          0       0          0             0      58589.060           0    82                       0                 0              0                0                0                    0         11     9         11      0         0                  0                 0                152            0      577       50      0                  0                   0                     0                   0           0
             0                 0          0       0          0             0      58859.660           0    83                       0                 0              0                0                0                    0         11     9         11      0         0                  0                 0                152            0      577       50      0                  0                   0                     0                   0           0
             0                 0          0       0          0             0      59130.260           0    84                       0                 0              0                0                0                    0         11     9         11      0         0                  0                 0                152            0      577       50      0                  0                   0                     0                   0           0
             0                 0          0       0          0             0      59400.860           0    85                       0                 0              0                0                0                    0         11     9         11      0         0                  0                 0                152            0      577       50      0                  0                   0                     0                   0           0
             0                 0          0       0          0             0      59671.460           0    86                       0                 0              0                0                0                    0         11     9         11      0         0                  0                 0                152            0      577       50      0                  0                   0                     0                   0           0
             0                 0          0       0          0             0      59942.060           0    87                       0                 0              0                0                0                    0         11     9         11      0         0                  0                 0                152            0      577       50      0                  0                   0                     0                   0           0
             0                 0          0       0          0             0      60212.660           0    88                       0                 0              0                0                0                    0         11     9         11      0         0                  0                 0                152            0      577       50      0                  0                   0                     0                   0           0
             0                 0          0       0          0             0      60483.260           0    89                       0                 0              0                0                0                    0         11     9         11      0         0                  0                 0                152            0      577       50      0                  0                   0                     0                   0           0
             0                 0          0       0          0             0      60753.860           0    90                       0                 0              0                0                0                    0         11     9         11      0         0                  0                 0                152            0      577       50      0                  0                   0                     0                   0           0
             0                 0          0       0          0             0      61024.460           0    91                       0                 0              0                0                0                    0         11     9         11      0         0                  0                 0                152            0      577       50      0                  0                   0                     0                   0           0
             0                 0          0       0          0             0      61295.060           0    92                       0                 0              0                0                0                    0         11     9         11      0         0                  0                 0                152            0      577       50      0                  0                   0                     0                   0           0
             0                 0          0       0          0             0      61565.660           0    93                       0                 0              0                0                0                    0         11     9         11      0         0                  0                 0                152            0      577       50      0                  0                   0                     0                   0           0
             0                 0          0       0          0             0      61836.260           0    94                       0                 0              0                0                0                    0         11     9         11      0         0                  0                 0                152            0      577       50      0                  0                   0                     0                   0           0
             0                 0          0       0          0             0      62106.860           0    95                       0                 0              0                0                0                    0         11     9         11      0         0                  0                 0                152            0      577       50      0                  0                   0                     0                   0           0
             0                 0          0       0          0             0      62377.460           0    96                       0                 0              0                0                0                    0         11     9         11      0         0                  0                 0                152            0      577       50      0                  0                   0                     0                   0           0
             0                 0          0       0          0             0      62648.060           0    97                       0                 0              0                0                0                    0         11     9         11      0         0                  0                 0                152            0      577       50      0                  0                   0                     0                   0           0
             0                 0          0       0          0             0      62918.660           0    98                       0                 0              0                0                0                    0         11     9         11      0         0                  0                 0                152            0      577       50      0                  0                   0                     0                   0           0
             0                 0          0       0          0             0      63189.260           0    99                       0                 0              0                0                0                    0         11     9         11      0         0                  0                 0                152            0      577       50      0                  0                   0                     0                   0           0
#pos runNum=0 0@(1.00000,1.00000)@0 1@(0.94916,1.01011)@568 2@(0.97417,1.08142)@568 3@(0.96863,1.00336)@731 4@(0.85320,1.24232)@1024 5@(0.97116,1.00693)@568 6@(0.94015,0.99767)@1208 7@(0.78347,0.82567)@1299 8@(1.20320,0.93902)@640 9@(0.98026,1.05019)@568 10@(0.86841,0.97256)@1136 11@(0.76679,1.31617)@1024 12@(0.93685,0.96616)@512 13@(0.95542,0.95970)@1243 14@(1.19001,0.98593)@640 15@(1.00312,0.99525)@512 16@(0.97234,0.95197)@1208 17@(0.93351,0.98010)@853 18@(0.89969,1.15941)@568 19@(0.83003,1.25815)@1136 20@(0.99597,1.06690)@1080 21@(0.95549,0.90804)@731 22@(0.64624,1.01065)@1584 23@(1.03693,0.90864)@1136 24@(0.81802,0.80727)@1867 25@(1.20303,0.99901)@1848 26@(0.90499,1.36854)@1299 27@(0.76867,0.88516)@1208 28@(1.15218,0.96333)@1371 29@(1.17758,1.05923)@1136 30@(1.16417,0.89967)@1280 31@(0.75289,1.30325)@1024 32@(0.92846,0.81824)@1136 33@(0.91548,1.01824)@1208 34@(0.99950,0.82603)@1584 35@(0.78534,1.07991)@1208 36@(0.94622,0.80096)@1208 37@(1.25905,0.89186)@1299 38@(1.19598,1.24130)@1371 39@(1.00456,1.35948)@1208 40@(0.98578,0.74097)@640 41@(0.83954,1.04645)@1299 42@(1.12093,1.04213)@1776 43@(0.61426,0.77633)@1848 44@(1.28227,1.21991)@2030 45@(0.87190,0.81214)@1371 46@(0.94569,1.28159)@1299 47@(0.88720,0.83343)@1299 48@(1.03274,1.03118)@1136 49@(0.93223,1.10664)@1136
#links runNum=0 0-17@-92dBm@0.662 2-48@-88dBm@0.909 4-8@-95dBm@0.194 25-49@-93dBm@0.613 1-10@-89dBm@0.901 23-40@-90dBm@0.864 32-36@-96dBm@0.143 10-35@-92dBm@0.666 12-16@-96dBm@0.124 1-15@-84dBm@0.974 22-25@-97dBm@0.039 38-39@-95dBm@0.211 11-44@-96dBm@0.188 6-12@-86dBm@0.954 3-8@-89dBm@0.868 13-24@-93dBm@0.532 1-36@-89dBm@0.866 2-37@-97dBm@0.031 5-13@-75dBm@1.000 9-49@-97dBm@0.039 35-41@-85dBm@0.961 10-21@-96dBm@0.190 10-47@-89dBm@0.867 12-15@-91dBm@0.793 12-13@-90dBm@0.827 29-35@-93dBm@0.637 13-17@-89dBm@0.898 32-41@-93dBm@0.638 6-15@-83dBm@0.974 6-49@-81dBm@0.985 3-41@-83dBm@0.974 10-40@-96dBm@0.136 2-19@-88dBm@0.923 24-42@-96dBm@0.181 21-48@-84dBm@0.974 0-40@-90dBm@0.840 6-11@-95dBm@0.216 13-15@-79dBm@1.000 1-23@-83dBm@0.974 2-32@-91dBm@0.736 4-15@-97dBm@0.037 16-42@-86dBm@0.954 19-46@-95dBm@0.212 3-12@-86dBm@0.955 36-45@-89dBm@0.869 17-34@-94dBm@0.447 6-28@-91dBm@0.735 14-17@-92dBm@0.670 6-9@-90dBm@0.841 17-47@-88dBm@0.935 0-14@-90dBm@0.853 8-12@-91dBm@0.765 8-38@-92dBm@0.703 5-19@-96dBm@0.145 24-27@-89dBm@0.869 10-32@-96dBm@0.168 2-27@-89dBm@0.868 12-32@-90dBm@0.865 34-43@-96dBm@0.177 9-11@-96dBm@0.156 30-40@-94dBm@0.440 11-31@-80dBm@0.990 13-23@-81dBm@0.988 40-47@-95dBm@0.212 2-40@-91dBm@0.754 41-43@-92dBm@0.690 9-20@-76dBm@1.000 21-28@-89dBm@0.870 21-35@-93dBm@0.635 11-28@-96dBm@0.140 16-34@-96dBm@0.183 12-14@-96dBm@0.185 18-35@-94dBm@0.471 37-45@-96dBm@0.171 5-14@-93dBm@0.655 15-25@-90dBm@0.824 6-7@-92dBm@0.684 30-46@-93dBm@0.596 17-29@-89dBm@0.869 1-21@-93dBm@0.641 34-36@-77dBm@1.000 42-49@-96dBm@0.159 1-11@-93dBm@0.629 24-40@-90dBm@0.862 11-42@-94dBm@0.397 15-48@-88dBm@0.935 5-12@-86dBm@0.957 27-40@-89dBm@0.895 23-25@-91dBm@0.802 35-43@-94dBm@0.484 14-23@-94dBm@0.362 10-23@-93dBm@0.540 30-32@-96dBm@0.175 20-27@-92dBm@0.698 34-47@-83dBm@0.974 1-5@-82dBm@0.982 28-46@-93dBm@0.639 13-31@-96dBm@0.115 3-27@-91dBm@0.796 46-48@-92dBm@0.680 6-17@-70dBm@1.000 18-38@-97dBm@0.057 7-21@-91dBm@0.720 11-20@-94dBm@0.506 35-46@-89dBm@0.884 4-10@-92dBm@0.708 20-44@-97dBm@0.005 2-9@-85dBm@0.959 1-12@-79dBm@0.995 16-25@-95dBm@0.311 15-17@-97dBm@0.041 9-33@-97dBm@0.064 18-29@-90dBm@0.863 1-46@-91dBm@0.724 12-19@-93dBm@0.652 1-29@-88dBm@0.910 0-6@-96dBm@0.134 39-47@-95dBm@0.283 4-18@-90dBm@0.829 10-28@-94dBm@0.472 0-12@-79dBm@1.000 6-10@-81dBm@0.986 2-3@-81dBm@0.986 3-10@-93dBm@0.653 3-45@-89dBm@0.870 14-32@-95dBm@0.214 3-22@-93dBm@0.653 22-42@-95dBm@0.289 6-48@-87dBm@0.939 37-40@-94dBm@0.508 10-15@-91dBm@0.733 0-5@-86dBm@0.958 0-16@-97dBm@0.065 2-49@-83dBm@0.974 24-33@-92dBm@0.713 1-47@-91dBm@0.771 15-20@-85dBm@0.967 6-41@-95dBm@0.216 27-30@-95dBm@0.222 1-16@-90dBm@0.833 2-25@-94dBm@0.403 45-48@-95dBm@0.272 4-22@-93dBm@0.650 25-42@-83dBm@0.974 24-36@-92dBm@0.686 0-11@-94dBm@0.503 38-44@-81dBm@0.985 21-34@-86dBm@0.959 31-46@-94dBm@0.503 33-42@-92dBm@0.714 9-36@-96dBm@0.095 1-37@-91dBm@0.725 4-46@-90dBm@0.863 12-45@-85dBm@0.962 10-20@-87dBm@0.939 30-37@-91dBm@0.754 11-26@-83dBm@0.974 16-36@-88dBm@0.933 45-49@-94dBm@0.446 5-43@-94dBm@0.401 25-28@-76dBm@1.000 8-37@-79dBm@1.000 1-6@-89dBm@0.867 23-44@-95dBm@0.258 5-16@-95dBm@0.209 15-23@-81dBm@0.985 13-20@-95dBm@0.289 7-16@-90dBm@0.823 17-23@-83dBm@0.978 1-19@-96dBm@0.170 2-20@-89dBm@0.900 35-49@-87dBm@0.947 25-41@-96dBm@0.107 8-24@-95dBm@0.254 28-29@-82dBm@0.983 20-42@-95dBm@0.287 31-49@-93dBm@0.658 18-22@-94dBm@0.385 33-46@-96dBm@0.166 19-42@-94dBm@0.344 1-24@-95dBm@0.254 22-32@-91dBm@0.752 25-34@-89dBm@0.889 17-41@-88dBm@0.910 14-48@-97dBm@0.002 3-13@-75dBm@1.000 36-43@-91dBm@0.798 15-33@-82dBm@0.984 2-4@-92dBm@0.709 1-7@-92dBm@0.716 10-13@-82dBm@0.985 13-33@-86dBm@0.957 5-47@-89dBm@0.866 14-16@-91dBm@0.736 7-19@-93dBm@0.527 17-18@-89dBm@0.867 17-33@-89dBm@0.875 0-21@-92dBm@0.703 29-49@-90dBm@0.863 16-27@-94dBm@0.437 15-49@-87dBm@0.946 7-24@-88dBm@0.904 27-33@-95dBm@0.302 36-47@-88dBm@0.936 5-45@-87dBm@0.939 17-36@-91dBm@0.740 3-7@-93dBm@0.640 0-31@-93dBm@0.528 21-23@-89dBm@0.868 3-20@-88dBm@0.936 14-29@-79dBm@0.998 31-35@-95dBm@0.239 10-17@-84dBm@0.973 21-29@-90dBm@0.839 1-32@-86dBm@0.957 11-49@-95dBm@0.214 12-17@-81dBm@0.986 5-27@-88dBm@0.919 8-30@-90dBm@0.840 19-30@-94dBm@0.379 6-19@-93dBm@0.649 5-8@-91dBm@0.743 1-2@-86dBm@0.958 0-4@-94dBm@0.504 3-34@-93dBm@0.660 18-49@-81dBm@0.985 12-28@-87dBm@0.946 25-44@-93dBm@0.597 18-33@-84dBm@0.974 2-11@-96dBm@0.183 3-17@-90dBm@0.863 0-44@-96dBm@0.187 19-27@-94dBm@0.512 33-49@-82dBm@0.981 23-29@-87dBm@0.946 1-35@-95dBm@0.275 9-10@-92dBm@0.711 4-19@-76dBm@1.000 7-33@-93dBm@0.650 21-32@-90dBm@0.864 23-28@-85dBm@0.960 16-38@-93dBm@0.546 32-47@-84dBm@0.974 29-34@-93dBm@0.636 28-44@-93dBm@0.582 13-44@-96dBm@0.106 16-33@-91dBm@0.749 3-28@-90dBm@0.864 19-41@-93dBm@0.590 6-16@-91dBm@0.773 18-41@-90dBm@0.806 2-35@-90dBm@0.861 10-41@-79dBm@0.996 0-3@-91dBm@0.734 2-47@-89dBm@0.892 0-18@-89dBm@0.900 29-39@-95dBm@0.214 14-28@-97dBm@0.066 1-48@-82dBm@0.984 16-24@-91dBm@0.752 7-9@-94dBm@0.377 18-28@-91dBm@0.741 13-14@-91dBm@0.756 10-27@-87dBm@0.939 16-47@-88dBm@0.917 5-41@-85dBm@0.962 19-33@-90dBm@0.822 15-31@-96dBm@0.191 24-29@-93dBm@0.537 4-12@-94dBm@0.460 13-35@-92dBm@0.676 9-37@-93dBm@0.599 35-36@-94dBm@0.391 5-6@-70dBm@1.000 0-15@-67dBm@1.000 29-42@-78dBm@1.000 3-4@-93dBm@0.616 16-29@-91dBm@0.747 4-13@-90dBm@0.864 32-34@-90dBm@0.828 6-40@-89dBm@0.869 10-33@-90dBm@0.820 13-21@-87dBm@0.945 1-17@-90dBm@0.809 2-26@-91dBm@0.730 25-30@-83dBm@0.976 4-25@-95dBm@0.243 23-48@-94dBm@0.386 2-12@-85dBm@0.967 21-42@-92dBm@0.662 24-25@-93dBm@0.632 7-27@-77dBm@1.000 0-1@-81dBm@0.985 27-49@-92dBm@0.703 2-39@-94dBm@0.451 15-21@-81dBm@0.985 7-44@-97dBm@0.072 0-9@-87dBm@0.944 0-46@-95dBm@0.226 4-39@-93dBm@0.546 2-6@-83dBm@0.974 37-44@-91dBm@0.796 23-45@-88dBm@0.934 5-49@-81dBm@0.985 17-28@-91dBm@0.735 1-20@-79dBm@1.000 25-38@-94dBm@0.491 33-45@-89dBm@0.889 16-21@-88dBm@0.908 19-25@-95dBm@0.194 36-49@-94dBm@0.373 26-39@-92dBm@0.690 10-24@-97dBm@0.073 0-8@-89dBm@0.866 10-11@-93dBm@0.576 12-27@-96dBm@0.140 13-30@-91dBm@0.727 19-39@-91dBm@0.767 9-15@-83dBm@0.974 18-39@-90dBm@0.863 18-45@-96dBm@0.141 7-20@-93dBm@0.560 17-19@-91dBm@0.744 12-48@-89dBm@0.866 4-9@-93dBm@0.651 8-28@-94dBm@0.382 3-5@-62dBm@1.000 22-43@-88dBm@0.919 20-38@-91dBm@0.803 6-45@-94dBm@0.329 18-26@-89dBm@0.895 13-16@-95dBm@0.320 29-38@-87dBm@0.944 1-28@-95dBm@0.211 22-28@-95dBm@0.228 34-45@-92dBm@0.699 16-22@-93dBm@0.562 21-41@-90dBm@0.861 6-13@-93dBm@0.630 16-45@-96dBm@0.112 5-34@-90dBm@0.865 9-12@-83dBm@0.974 1-3@-72dBm@1.000 33-41@-93dBm@0.553 36-40@-83dBm@0.974 0-2@-86dBm@0.956 1-33@-90dBm@0.863 26-31@-93dBm@0.561 6-23@-96dBm@0.097 18-32@-92dBm@0.699 10-16@-83dBm@0.974
#aveChargePerCycle runNum=0 0@146.70 1@75.56 2@248.93 3@38.25 4@1.94 5@6.34 6@1.30 7@7.89 8@16.56 9@1.30 10@1.30 11@2.59 12@1.30 13@1.30 14@1.30 15@1.30 16@7.33 17@4.54 18@3.26 19@1.30 20@1.30 21@1.30 22@3.24 23@1.30 24@1.30 25@2.59 26@1.94 27@1.30 28@1.30 29@1.30 30@1.30 31@2.59 32@1.30 33@1.30 34@1.94 35@1.30 36@1.30 37@9.77 38@1.94 39@5.83 40@1.30 41@1.94 42@1.30 43@2.59 44@2.59 45@1.30 46@1.30 47@1.30 48@1.30 49@1.30