## dioPeriod = 1.0
## startTime = 1502276501.66
## numMotes = 50
## otfHousekeepingPeriod = 1.0
## slotframeLength = 101
## squareSide = 2.0
## cpuID = 46
## sixtopPdrThreshold = 1.5
## slotDuration = 0.01
## sixtopNoHousekeeping = 0
## pkPeriodVar = 0.05
## numCyclesPerRun = 100
## numRuns = 1
## otfThreshold = 1
## sixtopNoRemoveWorstCell = 0
## burstTimestamp = 20
## simDataDir = simData
## numChans = 16
## minRssi = -97
## noInterference = 0
## algorithm = local_voting
## numPacketsBurst = 5
## gui = False
## pkPeriod = None
## combinationKeys = ['algorithm', 'numMotes', 'otfThreshold']
## sixtopHousekeepingPeriod = 1.0


# appGenerated appReachesDagroot appRelayed aveHops aveLatency aveQueueDelay chargeConsumed collidedTxs cycle droppedAppFailedEnqueue droppedMacRetries droppedNoRoute droppedNoTxCells droppedQueueFull effectiveCollidedTxs numRxCells numTx numTxCells otfAdd otfRemove probableCollisions rplChurnParentSet rplChurnPrefParent rplChurnRank rplRxDIO rplTxDIO runNum scheduleCollisions topRxRelocatedCells topTxRelocatedBundles topTxRelocatedCells txQueueFill
             0                 0          0       0          0             0              0           0     0                       0                 0              0                0                0                    0          0     0          0      0         0                  0                 0                  0            0        0        0      0                  0                   0                     0                   0           0
             0                 0          0       0          0             0              0           0     1                       0                 0              0                0                0                    0          0     0          0      0         0                  0               138                 93            4      499       50      0                  0                   0                     0                   0           0
             0                 0          0       0          0             0              0           0     2                       0                 0              0                0                0                    0          0     0          0      0         0                  0                 0                152            0      499       50      0                  0                   0                     0                   0           0
             0                 0          0       0          0             0              0           0     3                       0                 0              0                0                0                    0          0     0          0      0         0                  0                 0                152            0      499       50      0                  0                   0                     0                   0           0
             0                 0          0       0          0             0              0           0     4                       0                 0              0                0                0                    0          0     0          0      0         0                  0                 0                152            0      499       50      0                  0                   0                     0                   0           0
             0                 0          0       0          0             0              0           0     5                       0                 0              0                0                0                    0          0     0          0      0         0                  0                 0                152            0      499       50      0                  0                   0                     0                   0           0
             0                 0          0       0          0             0              0           0     6                       0                 0              0                0                0                    0          0     0          0      0         0                  0                 0                152            0      499       50      0                  0                   0                     0                   0           0
             0                 0          0       0          0             0              0           0     7                       0                 0              0                0                0                    0          0     0          0      0         0                  0                 0                152            0      499       50      0                  0                   0                     0                   0           0
             0                 0          0       0          0             0              0           0     8                       0                 0              0                0                0                    0          0     0          0      0         0                  0                 0                152            0      499       50      0                  0                   0                     0                   0           0
             0                 0          0       0          0             0              0           0     9                       0                 0              0                0                0                    0          0     0          0      0         0                  0                 0                152            0      499       50      0                  0                   0                     0                   0           0
             0                 0          0       0          0             0              0           0    10                       0                 0              0                0                0                    0          0     0          0      0         0                  0                 0                152            0      499       50      0                  0                   0                     0                   0           0
             0                 0          0       0          0             0              0           0    11                       0                 0              0                0                0                    0          0     0          0      0         0                  0                 0                152            0      499       50      0                  0                   0                     0                   0           0
             0                 0          0       0          0             0              0           0    12                       0                 0              0                0                0                    0          0     0          0      0         0                  0                 0                152            0      499       50      0                  0                   0                     0                   0           0
             0                 0          0       0          0             0              0           0    13                       0                 0              0                0                0                    0          0     0          0      0         0                  0                 0                152            0      499       50      0                  0                   0                     0                   0           0
             0                 0          0       0          0             0              0           0    14                       0                 0              0                0                0                    0          0     0          0      0         0                  0                 0                152            0      499       50      0                  0                   0                     0                   0           0
             0                 0          0       0          0             0              0           0    15                       0                 0              0                0                0                    0          0     0          0      0         0                  0                 0                152            0      499       50      0                  0                   0                     0                   0           0
             0                 0          0       0          0             0              0           0    16                       0                 0              0                0                0                    0          0     0          0      0         0                  0                 0                152            0      499       50      0                  0                   0                     0                   0           0
             0                 0          0       0          0             0              0           0    17                       0                 0              0                0                0                    0          0     0          0      0         0                  0                 0                152            0      499       50      0                  0                   0                     0                   0           0
             0                 0          0       0          0             0              0           0    18                       0                 0              0                0                0                    0          0     0          0      0         0                  0                 0                152            0      499       50      0                  0                   0                     0                   0           0
            49                 0          1       0          0        12.000        255.740           0    19                       0                 0              0                0                0                    0         53     2         53      0         0                  0                 0                152            0      499       50      0                  0                   0                     0                   0          49
             0                19         43   1.526     92.053      3354.917      14037.380          42    20                       0                 0              0                0                0                    9        292    82        292      0         0                  1                 1                153            3      499       50      0                 21                   0                     0                   0          30
             0                30          4   2.267    156.733       821.268      23276.840           6    21                       0                 0              0                0                0                    6        128    34        128      0         0                  0                12                155           49      498       50      0                  3                   1                     0                   0           0
             0                 0          0       0          0             0      25466.240           0    22                       0                 0              0                0                0                    0          0     0          0      0         0                  0                15                151           49      499       50      0                  0                   0                     0                   0           0
             0                 0          0       0          0             0      25466.240           0    23                       0                 0              0                0                0                    0          0     0          0      0         0                  0                 6                146           20      499       50      0                  0                   0                     0                   0           0
             0                 0          0       0          0             0      25466.240           0    24                       0                 0              0                0                0                    0          0     0          0      0         0                  0                 1                146            0      499       50      0                  0                   0                     0                   0           0
             0                 0          0       0          0             0      25466.240           0    25                       0                 0              0                0                0                    0          0     0          0      0         0                  0                 0                146            0      499       50      0                  0                   0                     0                   0           0
             0                 0          0       0          0             0      25466.240           0    26                       0                 0              0                0                0                    0          0     0          0      0         0                  0                 0                146            0      499       50      0                  0                   0                     0                   0           0
             0                 0          0       0          0             0      25466.240           0    27                       0                 0              0                0                0                    0          0     0          0      0         0                  0                 0                146            0      499       50      0                  0                   0                     0                   0           0
             0                 0          0       0          0             0      25466.240           0    28                       0                 0              0                0                0                    0          0     0          0      0         0                  0                 0                146            0      499       50      0                  0                   0                     0                   0           0
             0                 0          0       0          0             0      25466.240           0    29                       0                 0              0                0                0                    0          0     0          0      0         0                  0                 0                146            0      499       50      0                  0                   0                     0                   0           0
             0                 0          0       0          0             0      25466.240           0    30                       0                 0              0                0                0                    0          0     0          0      0         0                  0                 0                146            0      499       50      0                  0                   0                     0                   0           0
             0                 0          0       0          0             0      25466.240           0    31                       0                 0              0                0                0                    0          0     0          0      0         0                  0                 0                146            0      499       50      0                  0                   0                     0                   0           0
             0                 0          0       0          0             0      25466.240           0    32                       0                 0              0                0                0                    0          0     0          0      0         0                  0                 0                146            0      499       50      0                  0                   0                     0                   0           0
             0                 0          0       0          0             0      25466.240           0    33                       0                 0              0                0                0                    0          0     0          0      0         0                  0                 0                146            0      499       50      0                  0                   0                     0                   0           0
             0                 0          0       0          0             0      25466.240           0    34                       0                 0              0                0                0                    0          0     0          0      0         0                  0                 0                146            0      499       50      0                  0                   0                     0                   0           0
             0                 0          0       0          0             0      25466.240           0    35                       0                 0              0                0                0                    0          0     0          0      0         0                  0                 0                146            0      499       50      0                  0                   0                     0                   0           0
             0                 0          0       0          0             0      25466.240           0    36                       0                 0              0                0                0                    0          0     0          0      0         0                  0                 0                146            0      499       50      0                  0                   0                     0                   0           0
             0                 0          0       0          0             0      25466.240           0    37                       0                 0              0                0                0                    0          0     0          0      0         0                  0                 0                146            0      499       50      0                  0                   0                     0                   0           0
             0                 0          0       0          0             0      25466.240           0    38                       0                 0              0                0                0                    0          0     0          0      0         0                  0                 0                146            0      499       50      0                  0                   0                     0                   0           0
             0                 0          0       0          0             0      25466.240           0    39                       0                 0              0                0                0                    0          0     0          0      0         0                  0                 0                146            0      499       50      0                  0                   0                     0                   0           0
             0                 0          0       0          0             0      25466.240           0    40                       0                 0              0                0                0                    0          0     0          0      0         0                  0                 0                146            0      499       50      0                  0                   0                     0                   0           0
             0                 0          0       0          0             0      25466.240           0    41                       0                 0              0                0                0                    0          0     0          0      0         0                  0                 0                146            0      499       50      0                  0                   0                     0                   0           0
             0                 0          0       0          0             0      25466.240           0    42                       0                 0              0                0                0                    0          0     0          0      0         0                  0                 0                146            0      499       50      0                  0                   0                     0                   0           0
             0                 0          0       0          0             0      25466.240           0    43                       0                 0              0                0                0                    0          0     0          0      0         0                  0                 0                146            0      499       50      0                  0                   0                     0                   0           0
             0                 0          0       0          0             0      25466.240           0    44                       0                 0              0                0                0                    0          0     0          0      0         0                  0                 0                146            0      499       50      0                  0                   0                     0                   0           0
             0                 0          0       0          0             0      25466.240           0    45                       0                 0              0                0                0                    0          0     0          0      0         0                  0                 0                146            0      499       50      0                  0                   0                     0                   0           0
             0                 0          0       0          0             0      25466.240           0    46                       0                 0              0                0                0                    0          0     0          0      0         0                  0                 0                146            0      499       50      0                  0                   0                     0                   0           0
             0                 0          0       0          0             0      25466.240           0    47                       0                 0              0                0                0                    0          0     0          0      0         0                  0                 0                146            0      499       50      0                  0                   0                     0                   0           0
             0                 0          0       0          0             0      25466.240           0    48                       0                 0              0                0                0                    0          0     0          0      0         0                  0                 0                146            0      499       50      0                  0                   0                     0                   0           0
             0                 0          0       0          0             0      25466.240           0    49                       0                 0              0                0                0                    0          0     0          0      0         0                  0                 0                146            0      499       50      0                  0                   0                     0                   0           0
             0                 0          0       0          0             0      25466.240           0    50                       0                 0              0                0                0                    0          0     0          0      0         0                  0                 0                146            0      499       50      0                  0                   0                     0                   0           0
             0                 0          0       0          0             0      25466.240           0    51                       0                 0              0                0                0                    0          0     0          0      0         0                  0                 0                146            0      499       50      0                  0                   0                     0                   0           0
             0                 0          0       0          0             0      25466.240           0    52                       0                 0              0                0                0                    0          0     0          0      0         0                  0                 0                146            0      499       50      0                  0                   0                     0                   0           0
             0                 0          0       0          0             0      25466.240           0    53                       0                 0              0                0                0                    0          0     0          0      0         0                  0                 0                146            0      499       50      0                  0                   0                     0                   0           0
             0                 0          0       0          0             0      25466.240           0    54                       0                 0              0                0                0                    0          0     0          0      0         0                  0                 0                146            0      499       50      0                  0                   0                     0                   0           0
             0                 0          0       0          0             0      25466.240           0    55                       0                 0              0                0                0                    0          0     0          0      0         0                  0                 0                146            0      499       50      0                  0                   0                     0                   0           0
             0                 0          0       0          0             0      25466.240           0    56                       0                 0              0                0                0                    0          0     0          0      0         0                  0                 0                146            0      499       50      0                  0                   0                     0                   0           0
             0                 0          0       0          0             0      25466.240           0    57                       0                 0              0                0                0                    0          0     0          0      0         0                  0                 0                146            0      499       50      0                  0                   0                     0                   0           0
             0                 0          0       0          0             0      25466.240           0    58                       0                 0              0                0                0                    0          0     0          0      0         0                  0                 0                146            0      499       50      0                  0                   0                     0                   0           0
            49                 8         21   1.250     41.125       854.500      31525.780          32    59                       0                 0              0                0                0                    4        227    42        227      0         0                  0                 0                146            0      499       50      0                 16                   0                     0                   0          41
             0                38         27   2.026    107.711      2107.005      48089.880          29    60                       0                 0              0                0                0                   11        242    79        242      0         0                  0                11                148           45      499       50      0                 15                   2                     0                   0           3
             0                 3          0   3.333    177.000       122.500      51614.640           0    61                       0                 0              0                0                0                    0         34     5         34      0         0                  0                15                151           57      499       50      0                  0                   0                     0                   0           0
             0                 0          0       0          0             0      51688.440           0    62                       0                 0              0                0                0                    0          0     0          0      0         0                  0                 8                133           42      499       50      0                  0                   0                     0                   0           0
             0                 0          0       0          0             0      51688.440           0    63                       0                 0              0                0                0                    0          0     0          0      0         0                  0                 4                135            4      499       50      0                  0                   0                     0                   0           0
             0                 0          0       0          0             0      51688.440           0    64                       0                 0              0                0                0                    0          0     0          0      0         0                  0                 0                135            0      499       50      0                  0                   0                     0                   0           0
             0                 0          0       0          0             0      51688.440           0    65                       0                 0              0                0                0                    0          0     0          0      0         0                  0                 0                135            0      499       50      0                  0                   0                     0                   0           0
             0                 0          0       0          0             0      51688.440           0    66                       0                 0              0                0                0                    0          0     0          0      0         0                  0                 0                135            0      499       50      0                  0                   0                     0                   0           0
             0                 0          0       0          0             0      51688.440           0    67                       0                 0              0                0                0                    0          0     0          0      0         0                  0                 0                135            0      499       50      0                  0                   0                     0                   0           0
             0                 0          0       0          0             0      51688.440           0    68                       0                 0              0                0                0                    0          0     0          0      0         0                  0                 0                135            0      499       50      0                  0                   0                     0                   0           0
             0                 0          0       0          0             0      51688.440           0    69                       0                 0              0                0                0                    0          0     0          0      0         0                  0                 0                135            0      499       50      0                  0                   0                     0                   0           0
             0                 0          0       0          0             0      51688.440           0    70                       0                 0              0                0                0                    0          0     0          0      0         0                  0                 0                135            0      499       50      0                  0                   0                     0                   0           0
             0                 0          0       0          0             0      51688.440           0    71                       0                 0              0                0                0                    0          0     0          0      0         0                  0                 0                135            0      499       50      0                  0                   0                     0                   0           0
             0                 0          0       0          0             0      51688.440           0    72                       0                 0              0                0                0                    0          0     0          0      0         0                  0                 0                135            0      499       50      0                  0                   0                     0                   0           0
             0                 0          0       0          0             0      51688.440           0    73                       0                 0              0                0                0                    0          0     0          0      0         0                  0                 0                135            0      499       50      0                  0                   0                     0                   0           0
             0                 0          0       0          0             0      51688.440           0    74                       0                 0              0                0                0                    0          0     0          0      0         0                  0                 0                135            0      499       50      0                  0                   0                     0                   0           0
             0                 0          0       0          0             0      51688.440           0    75                       0                 0              0                0                0                    0          0     0          0      0         0                  0                 0                135            0      499       50      0                  0                   0                     0                   0           0
             0                 0          0       0          0             0      51688.440           0    76                       0                 0              0                0                0                    0          0     0          0      0         0                  0                 0                135            0      499       50      0                  0                   0                     0                   0           0
             0                 0          0       0          0             0      51688.440           0    77                       0                 0              0                0                0                    0          0     0          0      0         0                  0                 0                135            0      499       50      0                  0                   0                     0                   0           0
             0                 0          0       0          0             0      51688.440           0    78                       0                 0              0                0                0                    0          0     0          0      0         0                  0                 0                135            0      499       50      0                  0                   0                     0                   0           0
             0                 0          0       0          0             0      51688.440           0    79                       0                 0              0                0                0                    0          0     0          0      0         0                  0                 0                135            0      499       50      0                  0                   0                     0                   0           0
             0                 0          0       0          0             0      51688.440           0    80                       0                 0              0                0                0                    0          0     0          0      0         0                  0                 0                135            0      499       50      0                  0                   0                     0                   0           0
             0                 0          0       0          0             0      51688.440           0    81                       0                 0              0                0                0                    0          0     0          0      0         0                  0                 0                135            0      499       50      0                  0                   0                     0                   0           0
             0                 0          0       0          0             0      51688.440           0    82                       0                 0              0                0                0                    0          0     0          0      0         0                  0                 0                135            0      499       50      0                  0                   0                     0                   0           0
             0                 0          0       0          0             0      51688.440           0    83                       0                 0              0                0                0                    0          0     0          0      0         0                  0                 0                135            0      499       50      0                  0                   0                     0                   0           0
             0                 0          0       0          0             0      51688.440           0    84                       0                 0              0                0                0                    0          0     0          0      0         0                  0                 0                135            0      499       50      0                  0                   0                     0                   0           0
             0                 0          0       0          0             0      51688.440           0    85                       0                 0              0                0                0                    0          0     0          0      0         0                  0                 0                135            0      499       50      0                  0                   0                     0                   0           0
             0                 0          0       0          0             0      51688.440           0    86                       0                 0              0                0                0                    0          0     0          0      0         0                  0                 0                135            0      499       50      0                  0                   0                     0                   0           0
             0                 0          0       0          0             0      51688.440           0    87                       0                 0              0                0                0                    0          0     0          0      0         0                  0                 0                135            0      499       50      0                  0                   0                     0                   0           0
             0                 0          0       0          0             0      51688.440           0    88                       0                 0              0                0                0                    0          0     0          0      0         0                  0                 0                135            0      499       50      0                  0                   0                     0                   0           0
             0                 0          0       0          0             0      51688.440           0    89                       0                 0              0                0                0                    0          0     0          0      0         0                  0                 0                135            0      499       50      0                  0                   0                     0                   0           0
             0                 0          0       0          0             0      51688.440           0    90                       0                 0              0                0                0                    0          0     0          0      0         0                  0                 0                135            0      499       50      0                  0                   0                     0                   0           0
             0                 0          0       0          0             0      51688.440           0    91                       0                 0              0                0                0                    0          0     0          0      0         0                  0                 0                135            0      499       50      0                  0                   0                     0                   0           0
             0                 0          0       0          0             0      51688.440           0    92                       0                 0              0                0                0                    0          0     0          0      0         0                  0                 0                135            0      499       50      0                  0                   0                     0                   0           0
             0                 0          0       0          0             0      51688.440           0    93                       0                 0              0                0                0                    0          0     0          0      0         0                  0                 0                135            0      499       50      0                  0                   0                     0                   0           0
             0                 0          0       0          0             0      51688.440           0    94                       0                 0              0                0                0                    0          0     0          0      0         0                  0                 0                135            0      499       50      0                  0                   0                     0                   0           0
             0                 0          0       0          0             0      51688.440           0    95                       0                 0              0                0                0                    0          0     0          0      0         0                  0                 0                135            0      499       50      0                  0                   0                     0                   0           0
             0                 0          0       0          0             0      51688.440           0    96                       0                 0              0                0                0                    0          0     0          0      0         0                  0                 0                135            0      499       50      0                  0                   0                     0                   0           0
             0                 0          0       0          0             0      51688.440           0    97                       0                 0              0                0                0                    0          0     0          0      0         0                  0                 0                135            0      499       50      0                  0                   0                     0                   0           0
             0                 0          0       0          0             0      51688.440           0    98                       0                 0              0                0                0                    0          0     0          0      0         0                  0                 0                135            0      499       50      0                  0                   0                     0                   0           0
             0                 0          0       0          0             0      51688.440           0    99                       0                 0              0                0                0                    0          0     0          0      0         0                  0                 0                135            0      499       50      0                  0                   0                     0                   0           0
#pos runNum=0 0@(1.00000,1.00000)@0 1@(1.05397,0.82058)@853 2@(1.00057,0.84696)@853 3@(1.02609,1.04695)@568 4@(0.95763,0.73170)@853 5@(1.05753,0.87941)@731 6@(1.03114,0.96685)@568 7@(0.92685,0.84251)@731 8@(1.08496,0.96990)@1493 9@(1.23164,0.72032)@853 10@(0.98505,0.67098)@1421 11@(1.03555,0.75189)@1493 12@(1.09411,0.88484)@1299 13@(1.21379,0.66147)@1706 14@(1.13288,0.76633)@853 15@(0.98118,0.72677)@1421 16@(1.16418,0.71504)@731 17@(1.03066,0.79246)@1371 18@(1.21204,0.50836)@2152 19@(0.90409,0.80809)@1421 20@(1.12379,1.08505)@1136 21@(1.09014,0.52971)@1493 22@(1.28122,0.74414)@1706 23@(1.39226,0.81408)@1706 24@(1.41863,0.73245)@1421 25@(1.12940,0.57212)@2346 26@(1.53194,0.85329)@2323 27@(0.82845,0.83134)@1584 28@(1.33451,0.96598)@1592 29@(1.03912,0.67832)@1706 30@(1.46839,0.89704)@1706 31@(0.84789,0.65267)@1989 32@(1.45000,0.81519)@2274 33@(1.22173,0.25871)@2133 34@(1.35507,0.97793)@1706 35@(1.17330,0.67500)@1421 36@(1.32783,0.82121)@1421 37@(1.11870,1.03487)@853 38@(1.52103,0.77900)@2274 39@(1.19991,0.67110)@1706 40@(1.03400,1.06086)@1136 41@(1.04957,0.55593)@1877 42@(0.70922,0.73681)@2346 43@(1.05574,0.68786)@1299 44@(1.42060,0.75224)@1706 45@(1.05132,0.59525)@1584 46@(1.55502,0.71996)@1877 47@(1.11517,0.86357)@1421 48@(1.16344,0.48539)@1462 49@(1.07971,0.60964)@1706
#links runNum=0 1-42@-96dBm@0.105 16-35@-77dBm@1.000 17-26@-96dBm@0.183 15-31@-87dBm@0.939 17-47@-90dBm@0.863 4-15@-94dBm@0.458 6-22@-92dBm@0.711 14-47@-91dBm@0.757 45-49@-84dBm@0.970 30-46@-96dBm@0.190 19-31@-86dBm@0.954 19-42@-97dBm@0.001 9-22@-79dBm@1.000 44-47@-92dBm@0.711 33-35@-97dBm@0.045 23-37@-95dBm@0.222 9-37@-95dBm@0.194 0-16@-91dBm@0.724 21-39@-93dBm@0.657 1-11@-89dBm@0.866 20-39@-93dBm@0.637 4-43@-94dBm@0.347 10-41@-90dBm@0.863 5-6@-83dBm@0.978 9-41@-94dBm@0.409 10-19@-86dBm@0.957 12-28@-97dBm@0.050 16-22@-90dBm@0.845 25-39@-82dBm@0.981 21-24@-94dBm@0.451 6-12@-92dBm@0.713 28-30@-92dBm@0.704 8-21@-93dBm@0.626 12-26@-93dBm@0.588 9-32@-95dBm@0.230 2-45@-91dBm@0.745 27-31@-91dBm@0.753 11-41@-96dBm@0.182 2-4@-86dBm@0.950 0-39@-95dBm@0.196 45-48@-86dBm@0.950 1-7@-86dBm@0.955 36-46@-89dBm@0.883 20-34@-92dBm@0.692 5-32@-94dBm@0.346 1-8@-90dBm@0.805 8-15@-97dBm@0.061 5-39@-90dBm@0.861 41-48@-92dBm@0.699 7-9@-93dBm@0.654 19-49@-91dBm@0.742 4-45@-85dBm@0.966 15-21@-95dBm@0.193 39-45@-87dBm@0.948 8-22@-93dBm@0.566 19-36@-97dBm@0.025 4-22@-93dBm@0.660 35-37@-91dBm@0.721 5-9@-92dBm@0.694 3-8@-93dBm@0.547 4-19@-86dBm@0.953 31-45@-88dBm@0.908 6-36@-97dBm@0.012 1-4@-85dBm@0.966 21-48@-92dBm@0.709 10-15@-91dBm@0.785 34-39@-92dBm@0.666 11-33@-95dBm@0.293 10-27@-92dBm@0.671 7-12@-90dBm@0.864 26-32@-84dBm@0.970 0-46@-97dBm@0.008 7-20@-92dBm@0.681 34-44@-89dBm@0.888 4-7@-82dBm@0.984 34-47@-89dBm@0.888 29-41@-83dBm@0.975 5-13@-93dBm@0.642 9-49@-92dBm@0.665 9-14@-91dBm@0.766 5-8@-93dBm@0.661 23-24@-95dBm@0.289 8-35@-96dBm@0.160 16-23@-92dBm@0.699 13-25@-90dBm@0.861 22-46@-97dBm@0.062 35-47@-88dBm@0.924 37-40@-80dBm@0.994 23-26@-93dBm@0.658 5-11@-84dBm@0.974 11-18@-90dBm@0.861 38-43@-94dBm@0.476 4-21@-89dBm@0.880 4-11@-88dBm@0.935 4-14@-91dBm@0.787 15-28@-94dBm@0.509 6-16@-97dBm@0.022 31-42@-86dBm@0.958 4-10@-82dBm@0.985 6-7@-86dBm@0.951 0-29@-95dBm@0.217 24-44@-80dBm@0.990 19-48@-93dBm@0.616 9-34@-93dBm@0.638 11-43@-84dBm@0.974 9-39@-88dBm@0.934 10-16@-93dBm@0.642 13-39@-69dBm@1.000 0-4@-93dBm@0.641 3-40@-80dBm@0.990 0-9@-92dBm@0.683 8-36@-92dBm@0.694 30-37@-92dBm@0.664 3-19@-95dBm@0.277 11-12@-85dBm@0.967 20-28@-90dBm@0.863 24-39@-95dBm@0.205 6-8@-76dBm@1.000 22-36@-82dBm@0.983 13-35@-92dBm@0.673 25-29@-90dBm@0.863 1-14@-95dBm@0.236 10-18@-91dBm@0.730 14-28@-96dBm@0.129 42-49@-96dBm@0.135 11-42@-92dBm@0.673 14-39@-84dBm@0.971 7-16@-94dBm@0.338 15-24@-93dBm@0.641 28-34@-83dBm@0.974 24-27@-96dBm@0.168 3-6@-87dBm@0.945 5-45@-92dBm@0.681 1-19@-84dBm@0.974 32-44@-86dBm@0.958 22-23@-89dBm@0.878 13-14@-95dBm@0.199 2-23@-93dBm@0.641 34-40@-95dBm@0.196 4-35@-95dBm@0.250 15-43@-88dBm@0.937 18-48@-85dBm@0.960 32-38@-78dBm@1.000 39-48@-93dBm@0.555 14-35@-87dBm@0.939 13-18@-86dBm@0.959 26-34@-87dBm@0.939 2-3@-87dBm@0.938 1-48@-97dBm@0.055 10-43@-79dBm@0.996 6-20@-86dBm@0.956 19-24@-96dBm@0.107 1-39@-93dBm@0.657 10-45@-85dBm@0.959 5-40@-86dBm@0.957 8-45@-97dBm@0.058 25-37@-96dBm@0.166 10-21@-93dBm@0.647 40-47@-91dBm@0.743 4-40@-96dBm@0.159 14-15@-89dBm@0.867 22-35@-83dBm@0.976 31-47@-96dBm@0.157 16-48@-92dBm@0.710 0-5@-92dBm@0.707 12-43@-87dBm@0.945 1-2@-83dBm@0.979 16-45@-96dBm@0.111 13-34@-96dBm@0.180 2-44@-93dBm@0.649 21-33@-90dBm@0.862 2-49@-93dBm@0.625 14-29@-91dBm@0.757 36-39@-91dBm@0.803 29-49@-79dBm@1.000 30-38@-90dBm@0.863 35-46@-96dBm@0.176 9-23@-86dBm@0.952 34-36@-95dBm@0.203 9-16@-90dBm@0.854 1-3@-91dBm@0.774 39-47@-90dBm@0.826 15-48@-94dBm@0.444 18-25@-89dBm@0.873 8-47@-92dBm@0.682 11-25@-95dBm@0.243 1-15@-86dBm@0.955 37-47@-90dBm@0.810 14-17@-89dBm@0.878 2-13@-93dBm@0.646 28-48@-95dBm@0.235 40-41@-96dBm@0.188 9-13@-91dBm@0.751 0-7@-92dBm@0.711 24-38@-93dBm@0.646 9-24@-88dBm@0.934 26-39@-92dBm@0.684 5-14@-95dBm@0.286 18-29@-96dBm@0.173 8-12@-83dBm@0.978 14-31@-97dBm@0.018 5-18@-97dBm@0.061 23-29@-94dBm@0.521 21-25@-86dBm@0.956 0-44@-95dBm@0.320 2-8@-88dBm@0.935 16-34@-91dBm@0.734 23-32@-90dBm@0.832 35-39@-77dBm@1.000 15-49@-95dBm@0.211 5-44@-97dBm@0.048 18-33@-89dBm@0.900 24-47@-93dBm@0.645 28-32@-95dBm@0.256 19-39@-94dBm@0.421 11-20@-97dBm@0.059 22-39@-94dBm@0.509 3-37@-85dBm@0.961 16-49@-91dBm@0.738 13-24@-92dBm@0.672 18-35@-95dBm@0.272 23-28@-87dBm@0.949 2-40@-96dBm@0.113 4-41@-91dBm@0.800 5-41@-94dBm@0.331 23-47@-93dBm@0.638 11-29@-83dBm@0.974 43-45@-86dBm@0.954 3-27@-90dBm@0.806 14-26@-92dBm@0.671 29-34@-95dBm@0.224 25-45@-92dBm@0.700 15-29@-81dBm@0.985 2-5@-79dBm@1.000 27-43@-89dBm@0.866 9-36@-83dBm@0.974 7-21@-92dBm@0.664 18-46@-95dBm@0.227 3-5@-91dBm@0.742 17-28@-94dBm@0.379 12-22@-91dBm@0.797 10-31@-88dBm@0.917 7-10@-86dBm@0.950 7-43@-97dBm@0.070 1-27@-91dBm@0.734 12-16@-90dBm@0.863 13-22@-83dBm@0.975 43-47@-95dBm@0.256 5-10@-89dBm@0.895 4-27@-87dBm@0.938 23-30@-87dBm@0.940 0-3@-82dBm@0.985 8-41@-96dBm@0.151 2-47@-82dBm@0.983 12-13@-94dBm@0.450 1-41@-94dBm@0.516 17-48@-94dBm@0.381 18-41@-91dBm@0.788 6-15@-89dBm@0.866 32-36@-94dBm@0.504 18-47@-93dBm@0.531 15-39@-90dBm@0.828 0-14@-93dBm@0.651 7-15@-95dBm@0.289 44-46@-87dBm@0.940 23-44@-95dBm@0.235 30-32@-83dBm@0.974 8-11@-93dBm@0.602 9-17@-88dBm@0.935 41-45@-86dBm@0.956 44-45@-97dBm@0.014 0-1@-93dBm@0.616 7-14@-97dBm@0.050 17-41@-96dBm@0.178 1-29@-92dBm@0.695 7-8@-90dBm@0.864 24-30@-87dBm@0.942 0-6@-84dBm@0.971 24-32@-87dBm@0.940 16-29@-87dBm@0.938 41-43@-95dBm@0.219 3-20@-88dBm@0.902 6-28@-93dBm@0.543 9-25@-96dBm@0.187 7-35@-95dBm@0.298 9-18@-96dBm@0.165 36-37@-97dBm@0.025 1-47@-86dBm@0.957 25-33@-92dBm@0.691 0-37@-93dBm@0.654 29-42@-93dBm@0.542 24-36@-90dBm@0.861 36-40@-92dBm@0.680 0-2@-93dBm@0.627 7-17@-90dBm@0.856 16-43@-84dBm@0.974 33-41@-93dBm@0.658 4-6@-91dBm@0.774 3-32@-94dBm@0.386 48-49@-91dBm@0.792 12-17@-91dBm@0.786 26-30@-91dBm@0.724 9-46@-93dBm@0.545 3-29@-96dBm@0.120 3-43@-96dBm@0.166 11-14@-84dBm@0.973 8-38@-95dBm@0.212 38-47@-97dBm@0.012 29-43@-81dBm@0.987
#aveChargePerCycle runNum=0 0@132.43 1@57.68 2@65.23 3@19.06 4@38.67 5@1.30 6@16.11 7@6.34 8@1.94 9@29.22 10@27.89 11@7.24 12@9.77 13@8.38 14@8.29 15@1.30 16@8.78 17@1.30 18@9.21 19@1.30 20@1.30 21@1.30 22@1.30 23@7.40 24@8.80 25@1.30 26@1.94 27@2.59 28@4.54 29@1.30 30@1.30 31@1.30 32@3.24 33@1.30 34@1.94 35@1.30 36@1.30 37@1.30 38@1.94 39@1.30 40@1.30 41@1.30 42@1.30 43@1.30 44@4.54 45@1.30 46@1.94 47@1.94 48@1.30 49@1.30