## dioPeriod = 1.0
## startTime = 1502276496.38
## numMotes = 50
## otfHousekeepingPeriod = 1.0
## slotframeLength = 101
## squareSide = 2.0
## cpuID = 80
## sixtopPdrThreshold = 1.5
## slotDuration = 0.01
## sixtopNoHousekeeping = 0
## pkPeriodVar = 0.05
## numCyclesPerRun = 100
## numRuns = 1
## otfThreshold = 1
## sixtopNoRemoveWorstCell = 0
## burstTimestamp = 20
## simDataDir = simData
## numChans = 16
## minRssi = -97
## noInterference = 0
## algorithm = local_voting
## numPacketsBurst = 5
## gui = False
## pkPeriod = None
## combinationKeys = ['algorithm', 'numMotes', 'otfThreshold']
## sixtopHousekeepingPeriod = 1.0


# appGenerated appReachesDagroot appRelayed aveHops aveLatency aveQueueDelay chargeConsumed collidedTxs cycle droppedAppFailedEnqueue droppedMacRetries droppedNoRoute droppedNoTxCells droppedQueueFull effectiveCollidedTxs numRxCells numTx numTxCells otfAdd otfRemove probableCollisions rplChurnParentSet rplChurnPrefParent rplChurnRank rplRxDIO rplTxDIO runNum scheduleCollisions topRxRelocatedCells topTxRelocatedBundles topTxRelocatedCells txQueueFill
             0                 0          0       0          0             0              0           0     0                       0                 0              0                0                0                    0          0     0          0      0         0                  0                 0                  0            0        0        0      0                  0                   0                     0                   0           0
             0                 0          0       0          0             0              0           0     1                       0                 0              0                0                0                    0          0     0          0      0         0                  0               150                 80            6      505       50      0                  0                   0                     0                   0           0
             0                 0          0       0          0             0              0           0     2                       0                 0              0                0                0                    0          0     0          0      0         0                  0                 0                126            0      505       50      0                  0                   0                     0                   0           0
             0                 0          0       0          0             0              0           0     3                       0                 0              0                0                0                    0          0     0          0      0         0                  0                 0                126            0      505       50      0                  0                   0                     0                   0           0
             0                 0          0       0          0             0              0           0     4                       0                 0              0                0                0                    0          0     0          0      0         0                  0                 0                126            0      505       50      0                  0                   0                     0                   0           0
             0                 0          0       0          0             0              0           0     5                       0                 0              0                0                0                    0          0     0          0      0         0                  0                 0                126            0      505       50      0                  0                   0                     0                   0           0
             0                 0          0       0          0             0              0           0     6                       0                 0              0                0                0                    0          0     0          0      0         0                  0                 0                126            0      505       50      0                  0                   0                     0                   0           0
             0                 0          0       0          0             0              0           0     7                       0                 0              0                0                0                    0          0     0          0      0         0                  0                 0                126            0      505       50      0                  0                   0                     0                   0           0
             0                 0          0       0          0             0              0           0     8                       0                 0              0                0                0                    0          0     0          0      0         0                  0                 0                126            0      505       50      0                  0                   0                     0                   0           0
             0                 0          0       0          0             0              0           0     9                       0                 0              0                0                0                    0          0     0          0      0         0                  0                 0                126            0      505       50      0                  0                   0                     0                   0           0
             0                 0          0       0          0             0              0           0    10                       0                 0              0                0                0                    0          0     0          0      0         0                  0                 0                126            0      505       50      0                  0                   0                     0                   0           0
             0                 0          0       0          0             0              0           0    11                       0                 0              0                0                0                    0          0     0          0      0         0                  0                 0                126            0      505       50      0                  0                   0                     0                   0           0
             0                 0          0       0          0             0              0           0    12                       0                 0              0                0                0                    0          0     0          0      0         0                  0                 0                126            0      505       50      0                  0                   0                     0                   0           0
             0                 0          0       0          0             0              0           0    13                       0                 0              0                0                0                    0          0     0          0      0         0                  0                 0                126            0      505       50      0                  0                   0                     0                   0           0
             0                 0          0       0          0             0              0           0    14                       0                 0              0                0                0                    0          0     0          0      0         0                  0                 0                126            0      505       50      0                  0                   0                     0                   0           0
             0                 0          0       0          0             0              0           0    15                       0                 0              0                0                0                    0          0     0          0      0         0                  0                 0                126            0      505       50      0                  0                   0                     0                   0           0
             0                 0          0       0          0             0              0           0    16                       0                 0              0                0                0                    0          0     0          0      0         0                  0                 0                126            0      505       50      0                  0                   0                     0                   0           0
             0                 0          0       0          0             0              0           0    17                       0                 0              0                0                0                    0          0     0          0      0         0                  0                 0                126            0      505       50      0                  0                   0                     0                   0           0
             0                 0          0       0          0             0              0           0    18                       0                 0              0                0                0                    0          0     0          0      0         0                  0                 0                126            0      505       50      0                  0                   0                     0                   0           0
            49                 2          4   1.000      8.000        76.000        939.740           6    19                       0                 0              0                0                0                    0        107     7        107      0         0                  0                 0                126            0      505       50      0                  3                   0                     0                   0          47
             0                29         37   1.759     84.138      2676.952      14825.920          32    20                       0                 0              0                0                0                    7        255    61        255      0         0                  0                 1                133           11      505       50      0                 16                   0                     0                   0          18
             0                17          2   2.118    173.059       751.405      21163.700           2    21                       0                 0              0                0                0                    1        135     8        135      0         0                  0                 5                139           49      505       50      0                  1                   1                     0                   0           1
             0                 0          0       0          0             0      23820.500           0    22                       0                 0              0                0                0                    0          0     0          0      0         0                  0                 5                123           47      505       50      0                  0                   0                     0                   0           1
             0                 1          0   3.000    392.000       182.000      24724.820           0    23                       0                 0              0                0                0                    0        101     1        101      0         0                  0                 0                126            9      505       50      0                  0                   0                     0                   0           0
             0                 0          0       0          0             0      26250.020           0    24                       0                 0              0                0                0                    0          0     0          0      0         0                  0                 3                134           14      505       50      0                  0                   0                     0                   0           0
             0                 0          0       0          0             0      26250.020           0    25                       0                 0              0                0                0                    0          0     0          0      0         0                  0                 0                127           14      505       50      0                  0                   0                     0                   0           0
             0                 0          0       0          0             0      26250.020           0    26                       0                 0              0                0                0                    0          0     0          0      0         0                  0                 1                126            0      505       50      0                  0                   0                     0                   0           0
             0                 0          0       0          0             0      26250.020           0    27                       0                 0              0                0                0                    0          0     0          0      0         0                  0                 0                126            0      505       50      0                  0                   0                     0                   0           0
             0                 0          0       0          0             0      26250.020           0    28                       0                 0              0                0                0                    0          0     0          0      0         0                  0                 0                126            0      505       50      0                  0                   0                     0                   0           0
             0                 0          0       0          0             0      26250.020           0    29                       0                 0              0                0                0                    0          0     0          0      0         0                  0                 0                126            0      505       50      0                  0                   0                     0                   0           0
             0                 0          0       0          0             0      26250.020           0    30                       0                 0              0                0                0                    0          0     0          0      0         0                  0                 0                126            0      505       50      0                  0                   0                     0                   0           0
             0                 0          0       0          0             0      26250.020           0    31                       0                 0              0                0                0                    0          0     0          0      0         0                  0                 0                126            0      505       50      0                  0                   0                     0                   0           0
             0                 0          0       0          0             0      26250.020           0    32                       0                 0              0                0                0                    0          0     0          0      0         0                  0                 0                126            0      505       50      0                  0                   0                     0                   0           0
             0                 0          0       0          0             0      26250.020           0    33                       0                 0              0                0                0                    0          0     0          0      0         0                  0                 0                126            0      505       50      0                  0                   0                     0                   0           0
             0                 0          0       0          0             0      26250.020           0    34                       0                 0              0                0                0                    0          0     0          0      0         0                  0                 0                126            0      505       50      0                  0                   0                     0                   0           0
             0                 0          0       0          0             0      26250.020           0    35                       0                 0              0                0                0                    0          0     0          0      0         0                  0                 0                126            0      505       50      0                  0                   0                     0                   0           0
             0                 0          0       0          0             0      26250.020           0    36                       0                 0              0                0                0                    0          0     0          0      0         0                  0                 0                126            0      505       50      0                  0                   0                     0                   0           0
             0                 0          0       0          0             0      26250.020           0    37                       0                 0              0                0                0                    0          0     0          0      0         0                  0                 0                126            0      505       50      0                  0                   0                     0                   0           0
             0                 0          0       0          0             0      26250.020           0    38                       0                 0              0                0                0                    0          0     0          0      0         0                  0                 0                126            0      505       50      0                  0                   0                     0                   0           0
             0                 0          0       0          0             0      26250.020           0    39                       0                 0              0                0                0                    0          0     0          0      0         0                  0                 0                126            0      505       50      0                  0                   0                     0                   0           0
             0                 0          0       0          0             0      26250.020           0    40                       0                 0              0                0                0                    0          0     0          0      0         0                  0                 0                126            0      505       50      0                  0                   0                     0                   0           0
             0                 0          0       0          0             0      26250.020           0    41                       0                 0              0                0                0                    0          0     0          0      0         0                  0                 0                126            0      505       50      0                  0                   0                     0                   0           0
             0                 0          0       0          0             0      26250.020           0    42                       0                 0              0                0                0                    0          0     0          0      0         0                  0                 0                126            0      505       50      0                  0                   0                     0                   0           0
             0                 0          0       0          0             0      26250.020           0    43                       0                 0              0                0                0                    0          0     0          0      0         0                  0                 0                126            0      505       50      0                  0                   0                     0                   0           0
             0                 0          0       0          0             0      26250.020           0    44                       0                 0              0                0                0                    0          0     0          0      0         0                  0                 0                126            0      505       50      0                  0                   0                     0                   0           0
             0                 0          0       0          0             0      26250.020           0    45                       0                 0              0                0                0                    0          0     0          0      0         0                  0                 0                126            0      505       50      0                  0                   0                     0                   0           0
             0                 0          0       0          0             0      26250.020           0    46                       0                 0              0                0                0                    0          0     0          0      0         0                  0                 0                126            0      505       50      0                  0                   0                     0                   0           0
             0                 0          0       0          0             0      26250.020           0    47                       0                 0              0                0                0                    0          0     0          0      0         0                  0                 0                126            0      505       50      0                  0                   0                     0                   0           0
             0                 0          0       0          0             0      26250.020           0    48                       0                 0              0                0                0                    0          0     0          0      0         0                  0                 0                126            0      505       50      0                  0                   0                     0                   0           0
             0                 0          0       0          0             0      26250.020           0    49                       0                 0              0                0                0                    0          0     0          0      0         0                  0                 0                126            0      505       50      0                  0                   0                     0                   0           0
             0                 0          0       0          0             0      26250.020           0    50                       0                 0              0                0                0                    0          0     0          0      0         0                  0                 0                126            0      505       50      0                  0                   0                     0                   0           0
             0                 0          0       0          0             0      26250.020           0    51                       0                 0              0                0                0                    0          0     0          0      0         0                  0                 0                126            0      505       50      0                  0                   0                     0                   0           0
             0                 0          0       0          0             0      26250.020           0    52                       0                 0              0                0                0                    0          0     0          0      0         0                  0                 0                126            0      505       50      0                  0                   0                     0                   0           0
             0                 0          0       0          0             0      26250.020           0    53                       0                 0              0                0                0                    0          0     0          0      0         0                  0                 0                126            0      505       50      0                  0                   0                     0                   0           0
             0                 0          0       0          0             0      26250.020           0    54                       0                 0              0                0                0                    0          0     0          0      0         0                  0                 0                126            0      505       50      0                  0                   0                     0                   0           0
             0                 0          0       0          0             0      26250.020           0    55                       0                 0              0                0                0                    0          0     0          0      0         0                  0                 0                126            0      505       50      0                  0                   0                     0                   0           0
             0                 0          0       0          0             0      26250.020           0    56                       0                 0              0                0                0                    0          0     0          0      0         0                  0                 0                126            0      505       50      0                  0                   0                     0                   0           0
             0                 0          0       0          0             0      26250.020           0    57                       0                 0              0                0                0                    0          0     0          0      0         0                  0                 0                126            0      505       50      0                  0                   0                     0                   0           0
             0                 0          0       0          0             0      26250.020           0    58                       0                 0              0                0                0                    0          0     0          0      0         0                  0                 0                126            0      505       50      0                  0                   0                     0                   0           0
            49                10         17   1.400     35.000       829.167      31511.860          14    59                       0                 0              0                0                0                    2        214    37        214      0         0                  0                 0                126            0      505       50      0                  7                   0                     0                   0          39
             0                29         26   1.862    109.793      2518.417      44928.160           8    60                       0                 0              0                0                0                    1        147    48        147      0         0                  4                 3                133           37      504       50      0                  4                   1                     0                   0          10
             0                10          1   2.500    195.800       215.111      48633.920           0    61                       0                 0              0                0                0                    0         82    15         82      0         0                  0                 6                119           53      505       50      0                  0                   0                     0                   0           0
             0                 0          0       0          0             0      49544.120           0    62                       0                 0              0                0                0                    0          0     0          0      0         0                  0                 4                127           38      505       50      0                  0                   0                     0                   0           0
             0                 0          0       0          0             0      49544.120           0    63                       0                 0              0                0                0                    0          0     0          0      0         0                  0                 3                118           15      505       50      0                  0                   0                     0                   0           0
             0                 0          0       0          0             0      49544.120           0    64                       0                 0              0                0                0                    0          0     0          0      0         0                  0                 1                117            0      505       50      0                  0                   0                     0                   0           0
             0                 0          0       0          0             0      49544.120           0    65                       0                 0              0                0                0                    0          0     0          0      0         0                  0                 0                117            0      505       50      0                  0                   0                     0                   0           0
             0                 0          0       0          0             0      49544.120           0    66                       0                 0              0                0                0                    0          0     0          0      0         0                  0                 0                117            0      505       50      0                  0                   0                     0                   0           0
             0                 0          0       0          0             0      49544.120           0    67                       0                 0              0                0                0                    0          0     0          0      0         0                  0                 0                117            0      505       50      0                  0                   0                     0                   0           0
             0                 0          0       0          0             0      49544.120           0    68                       0                 0              0                0                0                    0          0     0          0      0         0                  0                 0                117            0      505       50      0                  0                   0                     0                   0           0
             0                 0          0       0          0             0      49544.120           0    69                       0                 0              0                0                0                    0          0     0          0      0         0                  0                 0                117            0      505       50      0                  0                   0                     0                   0           0
             0                 0          0       0          0             0      49544.120           0    70                       0                 0              0                0                0                    0          0     0          0      0         0                  0                 0                117            0      505       50      0                  0                   0                     0                   0           0
             0                 0          0       0          0             0      49544.120           0    71                       0                 0              0                0                0                    0          0     0          0      0         0                  0                 0                117            0      505       50      0                  0                   0                     0                   0           0
             0                 0          0       0          0             0      49544.120           0    72                       0                 0              0                0                0                    0          0     0          0      0         0                  0                 0                117            0      505       50      0                  0                   0                     0                   0           0
             0                 0          0       0          0             0      49544.120           0    73                       0                 0              0                0                0                    0          0     0          0      0         0                  0                 0                117            0      505       50      0                  0                   0                     0                   0           0
             0                 0          0       0          0             0      49544.120           0    74                       0                 0              0                0                0                    0          0     0          0      0         0                  0                 0                117            0      505       50      0                  0                   0                     0                   0           0
             0                 0          0       0          0             0      49544.120           0    75                       0                 0              0                0                0                    0          0     0          0      0         0                  0                 0                117            0      505       50      0                  0                   0                     0                   0           0
             0                 0          0       0          0             0      49544.120           0    76                       0                 0              0                0                0                    0          0     0          0      0         0                  0                 0                117            0      505       50      0                  0                   0                     0                   0           0
             0                 0          0       0          0             0      49544.120           0    77                       0                 0              0                0                0                    0          0     0          0      0         0                  0                 0                117            0      505       50      0                  0                   0                     0                   0           0
             0                 0          0       0          0             0      49544.120           0    78                       0                 0              0                0                0                    0          0     0          0      0         0                  0                 0                117            0      505       50      0                  0                   0                     0                   0           0
             0                 0          0       0          0             0      49544.120           0    79                       0                 0              0                0                0                    0          0     0          0      0         0                  0                 0                117            0      505       50      0                  0                   0                     0                   0           0
             0                 0          0       0          0             0      49544.120           0    80                       0                 0              0                0                0                    0          0     0          0      0         0                  0                 0                117            0      505       50      0                  0                   0                     0                   0           0
             0                 0          0       0          0             0      49544.120           0    81                       0                 0              0                0                0                    0          0     0          0      0         0                  0                 0                117            0      505       50      0                  0                   0                     0                   0           0
             0                 0          0       0          0             0      49544.120           0    82                       0                 0              0                0                0                    0          0     0          0      0         0                  0                 0                117            0      505       50      0                  0                   0                     0                   0           0
             0                 0          0       0          0             0      49544.120           0    83                       0                 0              0                0                0                    0          0     0          0      0         0                  0                 0                117            0      505       50      0                  0                   0                     0                   0           0
             0                 0          0       0          0             0      49544.120           0    84                       0                 0              0                0                0                    0          0     0          0      0         0                  0                 0                117            0      505       50      0                  0                   0                     0                   0           0
             0                 0          0       0          0             0      49544.120           0    85                       0                 0              0                0                0                    0          0     0          0      0         0                  0                 0                117            0      505       50      0                  0                   0                     0                   0           0
             0                 0          0       0          0             0      49544.120           0    86                       0                 0              0                0                0                    0          0     0          0      0         0                  0                 0                117            0      505       50      0                  0                   0                     0                   0           0
             0                 0          0       0          0             0      49544.120           0    87                       0                 0              0                0                0                    0          0     0          0      0         0                  0                 0                117            0      505       50      0                  0                   0                     0                   0           0
             0                 0          0       0          0             0      49544.120           0    88                       0                 0              0                0                0                    0          0     0          0      0         0                  0                 0                117            0      505       50      0                  0                   0                     0                   0           0
             0                 0          0       0          0             0      49544.120           0    89                       0                 0              0                0                0                    0          0     0          0      0         0                  0                 0                117            0      505       50      0                  0                   0                     0                   0           0
             0                 0          0       0          0             0      49544.120           0    90                       0                 0              0                0                0                    0          0     0          0      0         0                  0                 0                117            0      505       50      0                  0                   0                     0                   0           0
             0                 0          0       0          0             0      49544.120           0    91                       0                 0              0                0                0                    0          0     0          0      0         0                  0                 0                117            0      505       50      0                  0                   0                     0                   0           0
             0                 0          0       0          0             0      49544.120           0    92                       0                 0              0                0                0                    0          0     0          0      0         0                  0                 0                117            0      505       50      0                  0                   0                     0                   0           0
             0                 0          0       0          0             0      49544.120           0    93                       0                 0              0                0                0                    0          0     0          0      0         0                  0                 0                117            0      505       50      0                  0                   0                     0                   0           0
             0                 0          0       0          0             0      49544.120           0    94                       0                 0              0                0                0                    0          0     0          0      0         0                  0                 0                117            0      505       50      0                  0                   0                     0                   0           0
             0                 0          0       0          0             0      49544.120           0    95                       0                 0              0                0                0                    0          0     0          0      0         0                  0                 0                117            0      505       50      0                  0                   0                     0                   0           0
             0                 0          0       0          0             0      49544.120           0    96                       0                 0              0                0                0                    0          0     0          0      0         0                  0                 0                117            0      505       50      0                  0                   0                     0                   0           0
             0                 0          0       0          0             0      49544.120           0    97                       0                 0              0                0                0                    0          0     0          0      0         0                  0                 0                117            0      505       50      0                  0                   0                     0                   0           0
             0                 0          0       0          0             0      49544.120           0    98                       0                 0              0                0                0                    0          0     0          0      0         0                  0                 0                117            0      505       50      0                  0                   0                     0                   0           0
             0                 0          0       0          0             0      49544.120           0    99                       0                 0              0                0                0                    0          0     0          0      0         0                  0                 0                117            0      505       50      0                  0                   0                     0                   0           0
#pos runNum=0 0@(1.00000,1.00000)@0 1@(1.06712,0.84382)@568 2@(0.99502,0.98911)@568 3@(1.02580,0.81847)@853 4@(1.22321,1.11361)@640 5@(1.19860,0.86008)@731 6@(1.06015,1.09695)@1299 7@(1.03209,0.75333)@1299 8@(1.16570,0.94659)@1136 9@(1.14333,0.76553)@1421 10@(1.07509,0.78108)@1421 11@(1.35236,0.82607)@1371 12@(1.11306,0.70402)@1989 13@(0.85043,0.64422)@1493 14@(1.12872,1.14300)@853 15@(0.97850,0.82515)@1136 16@(1.08178,1.14443)@1208 17@(1.03575,0.96283)@1421 18@(0.82204,0.89300)@640 19@(0.93191,0.81556)@1136 20@(1.27569,1.13424)@1299 21@(1.07669,0.82125)@1136 22@(0.99310,0.78376)@1208 23@(1.16434,1.00342)@1208 24@(1.15551,0.92944)@1136 25@(1.34407,1.24349)@1208 26@(1.08442,1.00728)@1136 27@(0.72866,0.79379)@2061 28@(1.09572,1.37427)@1989 29@(0.94429,1.18995)@1706 30@(1.33535,1.22198)@1939 31@(1.25428,1.17960)@853 32@(1.21936,1.18380)@1421 33@(1.16277,0.89456)@1243 34@(1.03913,0.61452)@1371 35@(0.98929,1.15411)@1080 36@(1.04153,0.99739)@1371 37@(1.02644,1.14174)@568 38@(1.02687,0.56299)@1280 39@(1.27081,1.06199)@1848 40@(1.35023,0.91696)@731 41@(1.12777,1.29306)@1848 42@(1.12693,1.23727)@1776 43@(1.20541,1.19157)@1421 44@(1.11760,0.89630)@568 45@(1.30879,0.97782)@1371 46@(1.26341,0.87136)@1867 47@(1.07120,0.78900)@1706 48@(1.13906,1.32755)@1939 49@(0.83040,1.02528)@1136
#links runNum=0 5-40@-90dBm@0.836 9-44@-92dBm@0.698 4-15@-95dBm@0.219 1-21@-87dBm@0.944 10-38@-95dBm@0.202 29-44@-95dBm@0.232 12-21@-95dBm@0.299 3-9@-86dBm@0.957 26-28@-92dBm@0.694 1-24@-88dBm@0.934 41-44@-93dBm@0.620 23-37@-88dBm@0.911 10-44@-85dBm@0.960 8-26@-91dBm@0.726 28-45@-94dBm@0.353 1-43@-94dBm@0.351 26-33@-96dBm@0.088 46-47@-90dBm@0.814 24-40@-91dBm@0.728 0-45@-95dBm@0.199 20-48@-91dBm@0.803 6-47@-92dBm@0.669 14-48@-96dBm@0.143 19-22@-85dBm@0.965 3-13@-89dBm@0.865 41-42@-84dBm@0.968 33-44@-88dBm@0.920 14-43@-84dBm@0.974 19-38@-92dBm@0.671 7-47@-96dBm@0.147 18-26@-92dBm@0.677 6-31@-88dBm@0.911 15-33@-95dBm@0.223 5-15@-95dBm@0.291 1-15@-85dBm@0.960 2-24@-88dBm@0.905 28-32@-90dBm@0.863 2-29@-91dBm@0.725 30-42@-88dBm@0.935 4-23@-88dBm@0.933 22-46@-94dBm@0.461 17-28@-94dBm@0.483 8-33@-78dBm@1.000 13-33@-97dBm@0.035 42-43@-92dBm@0.709 10-33@-85dBm@0.965 1-45@-95dBm@0.245 25-46@-94dBm@0.503 14-23@-93dBm@0.603 9-41@-96dBm@0.087 8-35@-91dBm@0.752 6-27@-93dBm@0.594 14-16@-87dBm@0.940 38-46@-95dBm@0.259 5-33@-76dBm@1.000 5-9@-92dBm@0.671 1-4@-91dBm@0.763 7-22@-91dBm@0.729 15-24@-91dBm@0.748 4-44@-88dBm@0.926 3-8@-89dBm@0.877 9-37@-95dBm@0.216 3-44@-95dBm@0.217 3-37@-90dBm@0.822 2-26@-80dBm@0.989 14-33@-96dBm@0.183 3-17@-96dBm@0.092 4-25@-88dBm@0.935 9-27@-95dBm@0.214 8-11@-93dBm@0.652 4-7@-93dBm@0.650 1-17@-92dBm@0.686 6-17@-84dBm@0.968 1-39@-94dBm@0.464 14-25@-88dBm@0.921 39-40@-97dBm@0.017 5-8@-80dBm@0.990 23-28@-94dBm@0.486 5-24@-83dBm@0.976 30-33@-92dBm@0.694 20-33@-89dBm@0.867 10-47@-75dBm@1.000 17-41@-92dBm@0.666 12-15@-91dBm@0.765 20-29@-94dBm@0.466 5-11@-89dBm@0.869 33-37@-94dBm@0.400 1-5@-88dBm@0.921 8-28@-93dBm@0.608 9-38@-88dBm@0.933 26-47@-94dBm@0.459 2-17@-82dBm@0.985 12-38@-88dBm@0.936 3-39@-92dBm@0.704 17-23@-92dBm@0.682 29-37@-81dBm@0.987 13-22@-95dBm@0.306 12-18@-93dBm@0.655 11-12@-92dBm@0.713 8-23@-77dBm@1.000 32-35@-91dBm@0.739 16-41@-89dBm@0.867 8-29@-91dBm@0.740 4-20@-76dBm@1.000 36-38@-94dBm@0.519 9-47@-83dBm@0.975 17-26@-94dBm@0.398 0-31@-93dBm@0.641 13-17@-96dBm@0.188 15-17@-96dBm@0.119 7-13@-91dBm@0.804 7-15@-81dBm@0.985 15-23@-89dBm@0.883 25-30@-87dBm@0.943 6-8@-92dBm@0.676 39-41@-96dBm@0.110 4-39@-83dBm@0.979 2-19@-86dBm@0.958 2-49@-85dBm@0.966 2-6@-91dBm@0.771 7-38@-89dBm@0.866 15-22@-90dBm@0.861 24-37@-97dBm@0.020 30-32@-84dBm@0.974 16-45@-94dBm@0.411 20-36@-94dBm@0.427 40-46@-91dBm@0.733 2-41@-95dBm@0.251 5-13@-94dBm@0.510 18-36@-91dBm@0.722 0-40@-92dBm@0.700 19-47@-91dBm@0.763 31-32@-78dBm@1.000 14-29@-92dBm@0.690 7-12@-94dBm@0.520 0-37@-84dBm@0.974 32-41@-97dBm@0.009 22-49@-95dBm@0.202 32-42@-96dBm@0.168 6-42@-93dBm@0.641 34-38@-95dBm@0.195 28-29@-89dBm@0.899 6-10@-93dBm@0.644 35-43@-97dBm@0.007 11-45@-93dBm@0.595 2-3@-90dBm@0.864 8-31@-96dBm@0.182 24-49@-95dBm@0.226 3-10@-80dBm@0.990 24-26@-84dBm@0.974 17-36@-89dBm@0.865 30-43@-85dBm@0.967 31-43@-94dBm@0.415 4-6@-92dBm@0.708 9-43@-93dBm@0.637 14-32@-87dBm@0.948 3-22@-85dBm@0.959 2-7@-91dBm@0.732 15-27@-88dBm@0.921 4-31@-86dBm@0.957 0-38@-94dBm@0.424 15-18@-89dBm@0.868 15-38@-94dBm@0.339 6-19@-96dBm@0.141 17-40@-96dBm@0.162 0-5@-91dBm@0.788 36-46@-93dBm@0.595 14-24@-95dBm@0.212 1-2@-86dBm@0.958 29-35@-88dBm@0.937 16-22@-92dBm@0.709 12-33@-97dBm@0.032 0-4@-89dBm@0.876 19-34@-89dBm@0.866 17-45@-91dBm@0.753 3-34@-94dBm@0.331 31-42@-86dBm@0.958 29-31@-92dBm@0.673 8-9@-89dBm@0.866 18-49@-93dBm@0.657 4-17@-94dBm@0.381 10-21@-83dBm@0.974 4-36@-91dBm@0.719 33-45@-87dBm@0.939 3-49@-93dBm@0.606 1-3@-92dBm@0.666 1-44@-85dBm@0.964 23-45@-93dBm@0.640 22-33@-89dBm@0.892 26-30@-95dBm@0.232 8-47@-96dBm@0.184 1-37@-96dBm@0.134 0-44@-85dBm@0.964 15-37@-91dBm@0.721 31-41@-85dBm@0.959 17-27@-93dBm@0.554 16-30@-91dBm@0.779 7-18@-95dBm@0.218 35-49@-89dBm@0.868 0-7@-97dBm@0.006 6-21@-93dBm@0.655 0-14@-92dBm@0.685 2-14@-90dBm@0.836 14-31@-90dBm@0.856 4-45@-91dBm@0.761 25-40@-95dBm@0.214 37-42@-90dBm@0.859 13-27@-86dBm@0.957 2-4@-91dBm@0.777 31-48@-90dBm@0.863 2-8@-86dBm@0.957 29-32@-96dBm@0.171 36-43@-90dBm@0.862 26-42@-90dBm@0.861 3-26@-88dBm@0.933 16-20@-91dBm@0.746 5-48@-95dBm@0.225 37-40@-93dBm@0.644 5-19@-93dBm@0.645 23-43@-97dBm@0.026 21-26@-88dBm@0.922 5-7@-93dBm@0.567 21-34@-92dBm@0.709 6-39@-97dBm@0.039 30-46@-93dBm@0.661 42-49@-92dBm@0.689 7-17@-94dBm@0.325 6-36@-95dBm@0.228 18-32@-94dBm@0.426 2-16@-89dBm@0.867 20-30@-84dBm@0.974 10-22@-96dBm@0.175 20-25@-87dBm@0.945 2-5@-91dBm@0.737 35-37@-76dBm@1.000 18-34@-92dBm@0.701 30-40@-95dBm@0.202 4-24@-90dBm@0.818 23-24@-79dBm@1.000 14-35@-90dBm@0.864 25-31@-84dBm@0.974 7-10@-90dBm@0.823 22-24@-88dBm@0.936 25-48@-89dBm@0.866 6-16@-85dBm@0.961 7-11@-91dBm@0.764 23-47@-95dBm@0.283 15-39@-96dBm@0.113 17-24@-86dBm@0.950 0-29@-94dBm@0.334 0-3@-92dBm@0.667 13-49@-92dBm@0.687 0-18@-89dBm@0.892 2-18@-92dBm@0.683 17-42@-94dBm@0.345 12-25@-96dBm@0.104 10-37@-94dBm@0.479 1-6@-93dBm@0.559 5-39@-88dBm@0.937 3-19@-85dBm@0.966 18-21@-90dBm@0.822 24-43@-90dBm@0.811 18-31@-95dBm@0.256 2-21@-88dBm@0.924 8-39@-86dBm@0.955 6-25@-95dBm@0.267 0-1@-85dBm@0.963 19-41@-97dBm@0.035 6-14@-82dBm@0.985 16-24@-93dBm@0.526 0-6@-94dBm@0.362 15-26@-88dBm@0.927 10-39@-92dBm@0.678 29-33@-97dBm@0.074 41-43@-91dBm@0.774 30-31@-87dBm@0.940 6-29@-95dBm@0.310 8-20@-95dBm@0.316 11-35@-94dBm@0.417 12-14@-93dBm@0.591 24-25@-94dBm@0.394 20-39@-83dBm@0.975 35-36@-86dBm@0.951 2-20@-91dBm@0.742 31-37@-88dBm@0.925 11-46@-92dBm@0.668 1-22@-89dBm@0.869 26-36@-83dBm@0.974 33-43@-93dBm@0.659 24-33@-77dBm@1.000 0-2@-84dBm@0.974 8-24@-68dBm@1.000 31-39@-88dBm@0.931 8-46@-91dBm@0.799 3-47@-93dBm@0.651 10-27@-94dBm@0.496 9-34@-95dBm@0.260 14-28@-89dBm@0.897 3-29@-92dBm@0.679 6-20@-94dBm@0.449 24-48@-94dBm@0.504 10-12@-84dBm@0.968 19-33@-94dBm@0.519
#aveChargePerCycle runNum=0 0@173.02 1@28.39 2@68.10 3@31.79 4@24.08 5@15.06 6@5.83 7@1.94 8@11.39 9@1.30 10@6.59 11@1.30 12@1.30 13@10.77 14@14.32 15@1.30 16@19.06 17@2.59 18@9.30 19@1.30 20@8.31 21@1.94 22@1.30 23@1.30 24@1.94 25@1.30 26@6.59 27@1.94 28@1.30 29@1.94 30@1.30 31@3.24 32@1.30 33@1.30 34@1.30 35@1.30 36@2.59 37@7.08 38@1.30 39@1.94 40@1.94 41@1.94 42@1.30 43@1.30 44@1.30 45@1.94 46@1.94 47@1.94 48@1.30 49@1.30