## dioPeriod = 1.0
## startTime = 1502276500.57
## numMotes = 50
## otfHousekeepingPeriod = 1.0
## slotframeLength = 101
## squareSide = 2.0
## cpuID = 60
## sixtopPdrThreshold = 1.5
## slotDuration = 0.01
## sixtopNoHousekeeping = 0
## pkPeriodVar = 0.05
## numCyclesPerRun = 100
## numRuns = 1
## otfThreshold = 1
## sixtopNoRemoveWorstCell = 0
## burstTimestamp = 20
## simDataDir = simData
## numChans = 16
## minRssi = -97
## noInterference = 0
## algorithm = local_voting
## numPacketsBurst = 5
## gui = False
## pkPeriod = None
## combinationKeys = ['algorithm', 'numMotes', 'otfThreshold']
## sixtopHousekeepingPeriod = 1.0


# appGenerated appReachesDagroot appRelayed aveHops aveLatency aveQueueDelay chargeConsumed collidedTxs cycle droppedAppFailedEnqueue droppedMacRetries droppedNoRoute droppedNoTxCells droppedQueueFull effectiveCollidedTxs numRxCells numTx numTxCells otfAdd otfRemove probableCollisions rplChurnParentSet rplChurnPrefParent rplChurnRank rplRxDIO rplTxDIO runNum scheduleCollisions topRxRelocatedCells topTxRelocatedBundles topTxRelocatedCells txQueueFill
             0                 0          0       0          0             0              0           0     0                       0                 0              0                0                0                    0          0     0          0      0         0                  0                 0                  0            0        0        0      0                  0                   0                     0                   0           0
             0                 0          0       0          0             0              0           0     1                       0                 0              0                0                0                    0          0     0          0      0         0                  0               143                 81            4      492       50      0                  0                   0                     0                   0           0
             0                 0          0       0          0             0              0           0     2                       0                 0              0                0                0                    0          0     0          0      0         0                  0                 1                132            0      492       50      0                  0                   0                     0                   0           0
             0                 0          0       0          0             0              0           0     3                       0                 0              0                0                0                    0          0     0          0      0         0                  0                 0                132            0      492       50      0                  0                   0                     0                   0           0
             0                 0          0       0          0             0              0           0     4                       0                 0              0                0                0                    0          0     0          0      0         0                  0                 0                132            0      492       50      0                  0                   0                     0                   0           0
             0                 0          0       0          0             0              0           0     5                       0                 0              0                0                0                    0          0     0          0      0         0                  0                 0                132            0      492       50      0                  0                   0                     0                   0           0
             0                 0          0       0          0             0              0           0     6                       0                 0              0                0                0                    0          0     0          0      0         0                  0                 0                132            0      492       50      0                  0                   0                     0                   0           0
             0                 0          0       0          0             0              0           0     7                       0                 0              0                0                0                    0          0     0          0      0         0                  0                 0                132            0      492       50      0                  0                   0                     0                   0           0
             0                 0          0       0          0             0              0           0     8                       0                 0              0                0                0                    0          0     0          0      0         0                  0                 0                132            0      492       50      0                  0                   0                     0                   0           0
             0                 0          0       0          0             0              0           0     9                       0                 0              0                0                0                    0          0     0          0      0         0                  0                 0                132            0      492       50      0                  0                   0                     0                   0           0
             0                 0          0       0          0             0              0           0    10                       0                 0              0                0                0                    0          0     0          0      0         0                  0                 0                132            0      492       50      0                  0                   0                     0                   0           0
             0                 0          0       0          0             0              0           0    11                       0                 0              0                0                0                    0          0     0          0      0         0                  0                 0                132            0      492       50      0                  0                   0                     0                   0           0
             0                 0          0       0          0             0              0           0    12                       0                 0              0                0                0                    0          0     0          0      0         0                  0                 0                132            0      492       50      0                  0                   0                     0                   0           0
             0                 0          0       0          0             0              0           0    13                       0                 0              0                0                0                    0          0     0          0      0         0                  0                 0                132            0      492       50      0                  0                   0                     0                   0           0
             0                 0          0       0          0             0              0           0    14                       0                 0              0                0                0                    0          0     0          0      0         0                  0                 0                132            0      492       50      0                  0                   0                     0                   0           0
             0                 0          0       0          0             0              0           0    15                       0                 0              0                0                0                    0          0     0          0      0         0                  0                 0                132            0      492       50      0                  0                   0                     0                   0           0
             0                 0          0       0          0             0              0           0    16                       0                 0              0                0                0                    0          0     0          0      0         0                  0                 0                132            0      492       50      0                  0                   0                     0                   0           0
             0                 0          0       0          0             0              0           0    17                       0                 0              0                0                0                    0          0     0          0      0         0                  0                 0                132            0      492       50      0                  0                   0                     0                   0           0
             0                 0          0       0          0             0              0           0    18                       0                 0              0                0                0                    0          0     0          0      0         0                  0                 0                132            0      492       50      0                  0                   0                     0                   0           0
            49                 1          2   1.000     17.000        43.000        498.960           2    19                       0                 0              0                0                0                    0         72     3         72      0         0                  0                 0                132            0      492       50      0                  1                   0                     0                   0          48
             0                29         30   1.483     82.552      2831.967      13359.140          18    20                       0                 0              0                0                0                    2        240    73        240      0         0                  0                 0                132            7      492       50      0                  9                   0                     0                   0          19
             0                19          6   2.263    159.895       865.083      20788.560           0    21                       0                 0              0                0                0                    0         92    42         92      0         0                  0                 6                139           53      492       50      0                  0                   0                     0                   0           0
             0                 0          0       0          0             0      22092.360           0    22                       0                 0              0                0                0                    0          0     0          0      0         0                  0                 2                142           51      492       50      0                  0                   0                     0                   0           0
             0                 0          0       0          0             0      22092.360           0    23                       0                 0              0                0                0                    0          0     0          0      0         0                  0                 1                144           27      492       50      0                  0                   0                     0                   0           0
             0                 0          0       0          0             0      22092.360           0    24                       0                 0              0                0                0                    0          0     0          0      0         0                  0                 0                143            0      492       50      0                  0                   0                     0                   0           0
             0                 0          0       0          0             0      22092.360           0    25                       0                 0              0                0                0                    0          0     0          0      0         0                  0                 0                143            0      492       50      0                  0                   0                     0                   0           0
             0                 0          0       0          0             0      22092.360           0    26                       0                 0              0                0                0                    0          0     0          0      0         0                  0                 0                143            0      492       50      0                  0                   0                     0                   0           0
             0                 0          0       0          0             0      22092.360           0    27                       0                 0              0                0                0                    0          0     0          0      0         0                  0                 0                143            0      492       50      0                  0                   0                     0                   0           0
             0                 0          0       0          0             0      22092.360           0    28                       0                 0              0                0                0                    0          0     0          0      0         0                  0                 0                143            0      492       50      0                  0                   0                     0                   0           0
             0                 0          0       0          0             0      22092.360           0    29                       0                 0              0                0                0                    0          0     0          0      0         0                  0                 0                143            0      492       50      0                  0                   0                     0                   0           0
             0                 0          0       0          0             0      22092.360           0    30                       0                 0              0                0                0                    0          0     0          0      0         0                  0                 0                143            0      492       50      0                  0                   0                     0                   0           0
             0                 0          0       0          0             0      22092.360           0    31                       0                 0              0                0                0                    0          0     0          0      0         0                  0                 0                143            0      492       50      0                  0                   0                     0                   0           0
             0                 0          0       0          0             0      22092.360           0    32                       0                 0              0                0                0                    0          0     0          0      0         0                  0                 0                143            0      492       50      0                  0                   0                     0                   0           0
             0                 0          0       0          0             0      22092.360           0    33                       0                 0              0                0                0                    0          0     0          0      0         0                  0                 0                143            0      492       50      0                  0                   0                     0                   0           0
             0                 0          0       0          0             0      22092.360           0    34                       0                 0              0                0                0                    0          0     0          0      0         0                  0                 0                143            0      492       50      0                  0                   0                     0                   0           0
             0                 0          0       0          0             0      22092.360           0    35                       0                 0              0                0                0                    0          0     0          0      0         0                  0                 0                143            0      492       50      0                  0                   0                     0                   0           0
             0                 0          0       0          0             0      22092.360           0    36                       0                 0              0                0                0                    0          0     0          0      0         0                  0                 0                143            0      492       50      0                  0                   0                     0                   0           0
             0                 0          0       0          0             0      22092.360           0    37                       0                 0              0                0                0                    0          0     0          0      0         0                  0                 0                143            0      492       50      0                  0                   0                     0                   0           0
             0                 0          0       0          0             0      22092.360           0    38                       0                 0              0                0                0                    0          0     0          0      0         0                  0                 0                143            0      492       50      0                  0                   0                     0                   0           0
             0                 0          0       0          0             0      22092.360           0    39                       0                 0              0                0                0                    0          0     0          0      0         0                  0                 0                143            0      492       50      0                  0                   0                     0                   0           0
             0                 0          0       0          0             0      22092.360           0    40                       0                 0              0                0                0                    0          0     0          0      0         0                  0                 0                143            0      492       50      0                  0                   0                     0                   0           0
             0                 0          0       0          0             0      22092.360           0    41                       0                 0              0                0                0                    0          0     0          0      0         0                  0                 0                143            0      492       50      0                  0                   0                     0                   0           0
             0                 0          0       0          0             0      22092.360           0    42                       0                 0              0                0                0                    0          0     0          0      0         0                  0                 0                143            0      492       50      0                  0                   0                     0                   0           0
             0                 0          0       0          0             0      22092.360           0    43                       0                 0              0                0                0                    0          0     0          0      0         0                  0                 0                143            0      492       50      0                  0                   0                     0                   0           0
             0                 0          0       0          0             0      22092.360           0    44                       0                 0              0                0                0                    0          0     0          0      0         0                  0                 0                143            0      492       50      0                  0                   0                     0                   0           0
             0                 0          0       0          0             0      22092.360           0    45                       0                 0              0                0                0                    0          0     0          0      0         0                  0                 0                143            0      492       50      0                  0                   0                     0                   0           0
             0                 0          0       0          0             0      22092.360           0    46                       0                 0              0                0                0                    0          0     0          0      0         0                  0                 0                143            0      492       50      0                  0                   0                     0                   0           0
             0                 0          0       0          0             0      22092.360           0    47                       0                 0              0                0                0                    0          0     0          0      0         0                  0                 0                143            0      492       50      0                  0                   0                     0                   0           0
             0                 0          0       0          0             0      22092.360           0    48                       0                 0              0                0                0                    0          0     0          0      0         0                  0                 0                143            0      492       50      0                  0                   0                     0                   0           0
             0                 0          0       0          0             0      22092.360           0    49                       0                 0              0                0                0                    0          0     0          0      0         0                  0                 0                143            0      492       50      0                  0                   0                     0                   0           0
             0                 0          0       0          0             0      22092.360           0    50                       0                 0              0                0                0                    0          0     0          0      0         0                  0                 0                143            0      492       50      0                  0                   0                     0                   0           0
             0                 0          0       0          0             0      22092.360           0    51                       0                 0              0                0                0                    0          0     0          0      0         0                  0                 0                143            0      492       50      0                  0                   0                     0                   0           0
             0                 0          0       0          0             0      22092.360           0    52                       0                 0              0                0                0                    0          0     0          0      0         0                  0                 0                143            0      492       50      0                  0                   0                     0                   0           0
             0                 0          0       0          0             0      22092.360           0    53                       0                 0              0                0                0                    0          0     0          0      0         0                  0                 0                143            0      492       50      0                  0                   0                     0                   0           0
             0                 0          0       0          0             0      22092.360           0    54                       0                 0              0                0                0                    0          0     0          0      0         0                  0                 0                143            0      492       50      0                  0                   0                     0                   0           0
             0                 0          0       0          0             0      22092.360           0    55                       0                 0              0                0                0                    0          0     0          0      0         0                  0                 0                143            0      492       50      0                  0                   0                     0                   0           0
             0                 0          0       0          0             0      22092.360           0    56                       0                 0              0                0                0                    0          0     0          0      0         0                  0                 0                143            0      492       50      0                  0                   0                     0                   0           0
             0                 0          0       0          0             0      22092.360           0    57                       0                 0              0                0                0                    0          0     0          0      0         0                  0                 0                143            0      492       50      0                  0                   0                     0                   0           0
             0                 0          0       0          0             0      22092.360           0    58                       0                 0              0                0                0                    0          0     0          0      0         0                  0                 0                143            0      492       50      0                  0                   0                     0                   0           0
            49                10         19   1.300     35.000       964.000      27791.880          21    59                       0                 0              0                0                0                    6        209    41        209      0         0                  1                 0                143            0      492       50      0                 11                   0                     0                   0          39
             0                28         18   1.750    112.214      2206.967      40008.840           6    60                       0                 0              0                0                0                    1        143    51        143      0         0                  0                 1                143           42      492       50      0                  3                   0                     0                   0          11
             0                11          1   2.273    195.455       469.667      44343.640           0    61                       0                 0              0                0                0                    0        101    28        101      0         0                  0                 9                150           54      492       50      0                  0                   0                     0                   0           0
             0                 0          0       0          0             0      45622.840           0    62                       0                 0              0                0                0                    0          0     0          0      0         0                  0                 2                143           41      492       50      0                  0                   0                     0                   0           0
             0                 0          0       0          0             0      45622.840           0    63                       0                 0              0                0                0                    0          0     0          0      0         0                  0                 3                140           19      492       50      0                  0                   0                     0                   0           0
             0                 0          0       0          0             0      45622.840           0    64                       0                 0              0                0                0                    0          0     0          0      0         0                  0                 0                138            0      492       50      0                  0                   0                     0                   0           0
             0                 0          0       0          0             0      45622.840           0    65                       0                 0              0                0                0                    0          0     0          0      0         0                  0                 0                138            0      492       50      0                  0                   0                     0                   0           0
             0                 0          0       0          0             0      45622.840           0    66                       0                 0              0                0                0                    0          0     0          0      0         0                  0                 0                138            0      492       50      0                  0                   0                     0                   0           0
             0                 0          0       0          0             0      45622.840           0    67                       0                 0              0                0                0                    0          0     0          0      0         0                  0                 0                138            0      492       50      0                  0                   0                     0                   0           0
             0                 0          0       0          0             0      45622.840           0    68                       0                 0              0                0                0                    0          0     0          0      0         0                  0                 0                138            0      492       50      0                  0                   0                     0                   0           0
             0                 0          0       0          0             0      45622.840           0    69                       0                 0              0                0                0                    0          0     0          0      0         0                  0                 0                138            0      492       50      0                  0                   0                     0                   0           0
             0                 0          0       0          0             0      45622.840           0    70                       0                 0              0                0                0                    0          0     0          0      0         0                  0                 0                138            0      492       50      0                  0                   0                     0                   0           0
             0                 0          0       0          0             0      45622.840           0    71                       0                 0              0                0                0                    0          0     0          0      0         0                  0                 0                138            0      492       50      0                  0                   0                     0                   0           0
             0                 0          0       0          0             0      45622.840           0    72                       0                 0              0                0                0                    0          0     0          0      0         0                  0                 0                138            0      492       50      0                  0                   0                     0                   0           0
             0                 0          0       0          0             0      45622.840           0    73                       0                 0              0                0                0                    0          0     0          0      0         0                  0                 0                138            0      492       50      0                  0                   0                     0                   0           0
             0                 0          0       0          0             0      45622.840           0    74                       0                 0              0                0                0                    0          0     0          0      0         0                  0                 0                138            0      492       50      0                  0                   0                     0                   0           0
             0                 0          0       0          0             0      45622.840           0    75                       0                 0              0                0                0                    0          0     0          0      0         0                  0                 0                138            0      492       50      0                  0                   0                     0                   0           0
             0                 0          0       0          0             0      45622.840           0    76                       0                 0              0                0                0                    0          0     0          0      0         0                  0                 0                138            0      492       50      0                  0                   0                     0                   0           0
             0                 0          0       0          0             0      45622.840           0    77                       0                 0              0                0                0                    0          0     0          0      0         0                  0                 0                138            0      492       50      0                  0                   0                     0                   0           0
             0                 0          0       0          0             0      45622.840           0    78                       0                 0              0                0                0                    0          0     0          0      0         0                  0                 0                138            0      492       50      0                  0                   0                     0                   0           0
             0                 0          0       0          0             0      45622.840           0    79                       0                 0              0                0                0                    0          0     0          0      0         0                  0                 0                138            0      492       50      0                  0                   0                     0                   0           0
             0                 0          0       0          0             0      45622.840           0    80                       0                 0              0                0                0                    0          0     0          0      0         0                  0                 0                138            0      492       50      0                  0                   0                     0                   0           0
             0                 0          0       0          0             0      45622.840           0    81                       0                 0              0                0                0                    0          0     0          0      0         0                  0                 0                138            0      492       50      0                  0                   0                     0                   0           0
             0                 0          0       0          0             0      45622.840           0    82                       0                 0              0                0                0                    0          0     0          0      0         0                  0                 0                138            0      492       50      0                  0                   0                     0                   0           0
             0                 0          0       0          0             0      45622.840           0    83                       0                 0              0                0                0                    0          0     0          0      0         0                  0                 0                138            0      492       50      0                  0                   0                     0                   0           0
             0                 0          0       0          0             0      45622.840           0    84                       0                 0              0                0                0                    0          0     0          0      0         0                  0                 0                138            0      492       50      0                  0                   0                     0                   0           0
             0                 0          0       0          0             0      45622.840           0    85                       0                 0              0                0                0                    0          0     0          0      0         0                  0                 0                138            0      492       50      0                  0                   0                     0                   0           0
             0                 0          0       0          0             0      45622.840           0    86                       0                 0              0                0                0                    0          0     0          0      0         0                  0                 0                138            0      492       50      0                  0                   0                     0                   0           0
             0                 0          0       0          0             0      45622.840           0    87                       0                 0              0                0                0                    0          0     0          0      0         0                  0                 0                138            0      492       50      0                  0                   0                     0                   0           0
             0                 0          0       0          0             0      45622.840           0    88                       0                 0              0                0                0                    0          0     0          0      0         0                  0                 0                138            0      492       50      0                  0                   0                     0                   0           0
             0                 0          0       0          0             0      45622.840           0    89                       0                 0              0                0                0                    0          0     0          0      0         0                  0                 0                138            0      492       50      0                  0                   0                     0                   0           0
             0                 0          0       0          0             0      45622.840           0    90                       0                 0              0                0                0                    0          0     0          0      0         0                  0                 0                138            0      492       50      0                  0                   0                     0                   0           0
             0                 0          0       0          0             0      45622.840           0    91                       0                 0              0                0                0                    0          0     0          0      0         0                  0                 0                138            0      492       50      0                  0                   0                     0                   0           0
             0                 0          0       0          0             0      45622.840           0    92                       0                 0              0                0                0                    0          0     0          0      0         0                  0                 0                138            0      492       50      0                  0                   0                     0                   0           0
             0                 0          0       0          0             0      45622.840           0    93                       0                 0              0                0                0                    0          0     0          0      0         0                  0                 0                138            0      492       50      0                  0                   0                     0                   0           0
             0                 0          0       0          0             0      45622.840           0    94                       0                 0              0                0                0                    0          0     0          0      0         0                  0                 0                138            0      492       50      0                  0                   0                     0                   0           0
             0                 0          0       0          0             0      45622.840           0    95                       0                 0              0                0                0                    0          0     0          0      0         0                  0                 0                138            0      492       50      0                  0                   0                     0                   0           0
             0                 0          0       0          0             0      45622.840           0    96                       0                 0              0                0                0                    0          0     0          0      0         0                  0                 0                138            0      492       50      0                  0                   0                     0                   0           0
             0                 0          0       0          0             0      45622.840           0    97                       0                 0              0                0                0                    0          0     0          0      0         0                  0                 0                138            0      492       50      0                  0                   0                     0                   0           0
             0                 0          0       0          0             0      45622.840           0    98                       0                 0              0                0                0                    0          0     0          0      0         0                  0                 0                138            0      492       50      0                  0                   0                     0                   0           0
             0                 0          0       0          0             0      45622.840           0    99                       0                 0              0                0                0                    0          0     0          0      0         0                  0                 0                138            0      492       50      0                  0                   0                     0                   0           0
#pos runNum=0 0@(1.00000,1.00000)@0 1@(1.20814,1.13554)@853 2@(1.13480,0.96519)@853 3@(1.09887,0.93379)@731 4@(1.26434,1.27079)@1024 5@(1.19617,1.20307)@1365 6@(1.33577,1.16066)@1584 7@(0.96135,1.08583)@568 8@(1.03801,0.73337)@1706 9@(0.98425,1.08984)@1493 10@(1.03824,1.00351)@1706 11@(1.17473,0.94466)@640 12@(1.23481,1.27476)@1421 13@(1.26900,1.08022)@1421 14@(1.28271,1.23235)@1877 15@(0.96877,1.10973)@1136 16@(1.07672,1.14613)@1371 17@(1.02732,1.19139)@731 18@(1.16799,0.99041)@1365 19@(1.24377,1.32314)@1592 20@(1.30307,0.92358)@1421 21@(1.03203,0.97307)@853 22@(1.01318,0.93184)@568 23@(1.17262,1.21121)@731 24@(1.22928,1.17162)@1877 25@(1.22499,1.21616)@1592 26@(1.24345,1.22703)@1933 27@(1.17578,1.34765)@1755 28@(1.19110,1.27974)@1584 29@(1.30973,0.84496)@1421 30@(0.83448,1.15927)@1706 31@(1.03315,1.12449)@1208 32@(1.10760,1.01635)@1920 33@(1.40589,1.03262)@1421 34@(1.13097,1.23229)@1706 35@(1.00708,0.75526)@1584 36@(1.55899,1.02781)@2224 37@(0.89947,0.89650)@1584 38@(0.98197,1.06621)@568 39@(0.86818,0.87712)@640 40@(1.44123,1.07988)@1706 41@(1.28277,1.06131)@853 42@(0.97464,0.83090)@1371 43@(1.31132,0.92897)@1877 44@(1.18311,1.12028)@1421 45@(1.48937,1.21046)@2048 46@(1.51840,1.39631)@2445 47@(1.36731,1.31690)@1493 48@(1.20788,0.72941)@853 49@(0.84482,1.04979)@1462
#links runNum=0 19-42@-96dBm@0.188 26-46@-95dBm@0.279 2-43@-96dBm@0.111 24-27@-95dBm@0.314 6-33@-86dBm@0.957 24-45@-90dBm@0.808 0-38@-80dBm@0.990 32-40@-95dBm@0.209 38-39@-92dBm@0.685 13-16@-87dBm@0.945 2-7@-88dBm@0.934 22-32@-91dBm@0.772 7-23@-97dBm@0.061 20-40@-91dBm@0.741 9-13@-91dBm@0.782 13-41@-94dBm@0.376 25-34@-89dBm@0.865 23-47@-96dBm@0.092 4-49@-95dBm@0.277 23-24@-83dBm@0.974 1-14@-94dBm@0.370 16-28@-96dBm@0.186 5-6@-86dBm@0.952 11-32@-94dBm@0.417 3-13@-95dBm@0.230 15-27@-94dBm@0.482 3-49@-91dBm@0.720 21-22@-89dBm@0.875 1-44@-88dBm@0.936 18-48@-94dBm@0.448 18-26@-97dBm@0.067 10-15@-85dBm@0.960 2-13@-88dBm@0.937 11-41@-92dBm@0.706 14-46@-91dBm@0.788 2-4@-93dBm@0.637 12-14@-85dBm@0.965 8-10@-91dBm@0.747 13-23@-96dBm@0.115 10-21@-78dBm@1.000 7-18@-91dBm@0.740 21-29@-90dBm@0.861 1-8@-96dBm@0.155 27-31@-96dBm@0.164 1-38@-92dBm@0.661 17-31@-88dBm@0.928 27-34@-82dBm@0.983 7-13@-96dBm@0.124 7-9@-74dBm@1.000 3-4@-93dBm@0.575 20-33@-91dBm@0.795 36-43@-96dBm@0.120 4-45@-93dBm@0.575 13-27@-93dBm@0.524 22-24@-90dBm@0.829 38-49@-96dBm@0.172 41-42@-95dBm@0.207 8-26@-96dBm@0.081 26-44@-83dBm@0.978 15-38@-74dBm@1.000 25-45@-95dBm@0.209 14-22@-93dBm@0.649 4-19@-87dBm@0.945 34-37@-96dBm@0.176 3-8@-90dBm@0.861 5-26@-84dBm@0.972 15-16@-94dBm@0.373 5-19@-83dBm@0.974 11-42@-91dBm@0.773 1-5@-77dBm@1.000 26-37@-94dBm@0.371 0-23@-91dBm@0.729 16-33@-95dBm@0.316 17-25@-93dBm@0.651 23-46@-94dBm@0.324 24-26@-94dBm@0.366 9-15@-68dBm@1.000 0-20@-96dBm@0.181 25-26@-96dBm@0.096 15-28@-96dBm@0.176 6-27@-88dBm@0.910 19-25@-91dBm@0.722 8-35@-84dBm@0.974 13-25@-89dBm@0.870 11-45@-94dBm@0.373 25-43@-90dBm@0.864 12-32@-89dBm@0.867 13-36@-91dBm@0.720 25-28@-88dBm@0.904 2-38@-95dBm@0.292 5-7@-89dBm@0.901 16-43@-91dBm@0.734 4-21@-93dBm@0.633 11-29@-92dBm@0.673 29-35@-94dBm@0.387 1-2@-86dBm@0.959 20-23@-94dBm@0.486 4-10@-94dBm@0.354 7-8@-93dBm@0.600 2-9@-89dBm@0.869 1-12@-84dBm@0.974 26-40@-91dBm@0.721 4-25@-83dBm@0.977 0-18@-95dBm@0.255 8-42@-96dBm@0.145 24-41@-91dBm@0.767 2-18@-74dBm@1.000 15-32@-92dBm@0.675 4-33@-96dBm@0.153 20-43@-65dBm@1.000 31-44@-92dBm@0.661 2-29@-87dBm@0.939 3-41@-93dBm@0.629 23-42@-93dBm@0.643 29-47@-97dBm@0.030 2-40@-93dBm@0.652 20-41@-93dBm@0.615 16-38@-91dBm@0.718 0-41@-93dBm@0.640 25-44@-93dBm@0.617 9-48@-94dBm@0.405 5-10@-91dBm@0.762 4-43@-92dBm@0.684 14-27@-88dBm@0.923 5-23@-86dBm@0.957 6-14@-88dBm@0.934 10-37@-91dBm@0.754 1-9@-96dBm@0.085 37-41@-96dBm@0.094 7-49@-84dBm@0.974 5-34@-82dBm@0.985 12-24@-92dBm@0.708 3-6@-93dBm@0.661 6-36@-90dBm@0.849 20-29@-97dBm@0.031 4-38@-93dBm@0.610 9-18@-95dBm@0.227 28-36@-95dBm@0.224 1-47@-90dBm@0.863 15-19@-96dBm@0.113 23-30@-96dBm@0.075 26-43@-95dBm@0.232 17-49@-92dBm@0.681 2-31@-96dBm@0.187 21-25@-92dBm@0.664 7-16@-92dBm@0.684 4-28@-78dBm@1.000 22-49@-95dBm@0.232 13-40@-92dBm@0.680 21-35@-89dBm@0.900 18-37@-91dBm@0.725 2-3@-86dBm@0.951 45-46@-86dBm@0.950 3-10@-84dBm@0.974 8-41@-96dBm@0.145 11-37@-92dBm@0.715 10-16@-97dBm@0.071 4-6@-83dBm@0.974 2-41@-95dBm@0.249 0-17@-91dBm@0.753 25-33@-95dBm@0.243 22-42@-89dBm@0.887 5-24@-76dBm@1.000 33-40@-89dBm@0.887 24-33@-94dBm@0.445 2-22@-91dBm@0.722 9-41@-90dBm@0.817 10-32@-79dBm@1.000 18-20@-89dBm@0.871 7-30@-87dBm@0.938 4-14@-93dBm@0.655 38-41@-95dBm@0.307 21-42@-88dBm@0.924 0-4@-94dBm@0.509 14-18@-90dBm@0.865 5-20@-96dBm@0.191 10-38@-91dBm@0.792 24-28@-91dBm@0.764 35-44@-97dBm@0.024 4-17@-95dBm@0.304 0-34@-94dBm@0.385 9-12@-93dBm@0.607 22-35@-91dBm@0.755 10-44@-88dBm@0.937 0-12@-95dBm@0.216 14-43@-96dBm@0.181 2-11@-81dBm@0.987 12-19@-87dBm@0.947 7-21@-86dBm@0.957 13-22@-91dBm@0.724 3-35@-95dBm@0.253 31-38@-90dBm@0.861 37-39@-72dBm@1.000 13-26@-90dBm@0.861 5-12@-86dBm@0.956 43-46@-96dBm@0.078 4-23@-95dBm@0.234 17-34@-84dBm@0.974 0-7@-82dBm@0.984 39-48@-95dBm@0.295 10-17@-96dBm@0.098 21-30@-92dBm@0.696 1-13@-85dBm@0.961 20-25@-91dBm@0.778 37-49@-91dBm@0.730 40-44@-89dBm@0.866 5-47@-92dBm@0.704 17-32@-88dBm@0.916 13-44@-89dBm@0.867 0-2@-92dBm@0.671 33-36@-91dBm@0.745 10-49@-88dBm@0.935 26-41@-90dBm@0.864 7-31@-95dBm@0.223 2-8@-93dBm@0.657 35-48@-87dBm@0.939 24-31@-93dBm@0.583 19-23@-84dBm@0.974 0-21@-92dBm@0.696 2-20@-95dBm@0.211 0-11@-90dBm@0.815 24-44@-96dBm@0.184 41-49@-95dBm@0.210 3-37@-92dBm@0.669 18-28@-93dBm@0.615 11-13@-85dBm@0.959 0-10@-94dBm@0.337 24-46@-93dBm@0.582 14-17@-90dBm@0.865 3-16@-89dBm@0.874 41-48@-91dBm@0.756 12-28@-77dBm@1.000 30-35@-94dBm@0.406 8-15@-95dBm@0.210 29-36@-93dBm@0.661 21-48@-91dBm@0.741 15-23@-95dBm@0.240 44-49@-95dBm@0.276 16-26@-92dBm@0.664 2-5@-90dBm@0.861 12-31@-93dBm@0.527 0-22@-81dBm@0.985 30-38@-95dBm@0.224 0-48@-92dBm@0.685 21-49@-89dBm@0.869 15-30@-89dBm@0.869 11-20@-87dBm@0.940 12-47@-94dBm@0.326 12-22@-93dBm@0.570 8-34@-97dBm@0.061 13-24@-83dBm@0.977 2-28@-91dBm@0.769 2-35@-91dBm@0.748 4-27@-91dBm@0.762 44-46@-93dBm@0.550 20-48@-90dBm@0.818 0-3@-91dBm@0.767 0-39@-89dBm@0.878 3-29@-97dBm@0.045 11-43@-87dBm@0.946 3-9@-89dBm@0.870 32-45@-93dBm@0.604 7-11@-93dBm@0.594 0-31@-96dBm@0.141 23-45@-92dBm@0.697 35-42@-96dBm@0.153 12-41@-90dBm@0.864 7-15@-79dBm@0.997 14-41@-89dBm@0.866 23-44@-94dBm@0.420 18-32@-93dBm@0.653 3-30@-96dBm@0.125 16-31@-91dBm@0.720 6-19@-95dBm@0.253 0-1@-93dBm@0.622 6-45@-90dBm@0.862 1-29@-95dBm@0.233 9-27@-94dBm@0.389 19-24@-89dBm@0.872 15-17@-84dBm@0.970 2-30@-93dBm@0.641 13-20@-91dBm@0.755 3-20@-95dBm@0.219 4-47@-92dBm@0.715 12-26@-88dBm@0.934 18-41@-88dBm@0.902 9-21@-95dBm@0.320 6-23@-90dBm@0.861 1-3@-89dBm@0.889 14-30@-96dBm@0.168 5-28@-87dBm@0.949 29-31@-92dBm@0.685 4-5@-80dBm@0.988 4-13@-96dBm@0.081 19-37@-95dBm@0.203 9-31@-82dBm@0.985 12-21@-93dBm@0.621 7-32@-96dBm@0.174 13-34@-87dBm@0.947 1-20@-88dBm@0.937 11-48@-91dBm@0.803 22-33@-93dBm@0.633 2-21@-85dBm@0.963 20-35@-94dBm@0.327 3-43@-95dBm@0.240 15-37@-90dBm@0.864 14-34@-89dBm@0.869 10-12@-93dBm@0.596 15-21@-92dBm@0.690
#aveChargePerCycle runNum=0 0@148.92 1@52.97 2@42.84 3@32.77 4@35.48 5@12.62 6@15.64 7@6.84 8@3.24 9@1.94 10@1.94 11@15.15 12@1.30 13@1.30 14@1.94 15@1.94 16@1.30 17@1.30 18@1.30 19@1.30 20@1.30 21@1.30 22@1.30 23@3.33 24@1.30 25@1.30 26@1.94 27@1.30 28@2.59 29@1.30 30@1.94 31@1.30 32@2.59 33@1.30 34@1.30 35@2.59 36@1.94 37@2.59 38@9.05 39@1.30 40@2.59 41@1.94 42@1.30 43@2.59 44@11.26 45@1.30 46@3.24 47@1.30 48@3.89 49@1.94