## dioPeriod = 1.0
## startTime = 1502199330.45
## numMotes = 50
## otfHousekeepingPeriod = 5.0
## slotframeLength = 101
## squareSide = 2.0
## cpuID = 0
## sixtopPdrThreshold = 1.5
## slotDuration = 0.01
## sixtopNoHousekeeping = 0
## pkPeriodVar = 0.05
## numCyclesPerRun = 100
## numRuns = 2
## otfThreshold = 1
## sixtopNoRemoveWorstCell = 0
## burstTimestamp = 20
## simDataDir = simData
## numChans = 16
## minRssi = -97
## noInterference = 0
## algorithm = local_voting
## numPacketsBurst = 5
## gui = False
## pkPeriod = None
## combinationKeys = ['algorithm', 'numMotes', 'otfThreshold']
## sixtopHousekeepingPeriod = 1.0


# appGenerated appReachesDagroot appRelayed aveHops aveLatency aveQueueDelay chargeConsumed collidedTxs cycle droppedAppFailedEnqueue droppedMacRetries droppedNoRoute droppedNoTxCells droppedQueueFull effectiveCollidedTxs numRxCells numTx numTxCells otfAdd otfRemove probableCollisions rplChurnParentSet rplChurnPrefParent rplChurnRank rplRxDIO rplTxDIO runNum scheduleCollisions topRxRelocatedCells topTxRelocatedBundles topTxRelocatedCells txQueueFill
             0                 0          0       0          0             0              0           0     0                       0                 0              0                0                0                    0          0     0          0      0         0                  0                 0                  0            0        0        0      0                  0                   0                     0                   0           0
             0                 0          0       0          0             0              0           0     1                       0                 0              0                0                0                    0          0     0          0      0         0                  0               135                 83            2      551       50      0                  0                   0                     0                   0           0
             0                 0          0       0          0             0              0           0     2                       0                 0              0                0                0                    0          0     0          0      0         0                  0                 0                146            0      551       50      0                  0                   0                     0                   0           0
             0                 0          0       0          0             0              0           0     3                       0                 0              0                0                0                    0          0     0          0      0         0                  0                 0                146            0      551       50      0                  0                   0                     0                   0           0
             0                 0          0       0          0             0              0           0     4                       0                 0              0                0                0                    0          0     0          0      0         0                  0                 0                146            0      551       50      0                  0                   0                     0                   0           0
             0                 0          0       0          0             0              0           0     5                       0                 0              0                0                0                    0          0     0          0      0         0                  0                 0                146            0      551       50      0                  0                   0                     0                   0           0
             0                 0          0       0          0             0              0           0     6                       0                 0              0                0                0                    0          0     0          0      0         0                  0                 0                146            0      551       50      0                  0                   0                     0                   0           0
             0                 0          0       0          0             0              0           0     7                       0                 0              0                0                0                    0          0     0          0      0         0                  0                 0                146            0      551       50      0                  0                   0                     0                   0           0
             0                 0          0       0          0             0              0           0     8                       0                 0              0                0                0                    0          0     0          0      0         0                  0                 0                146            0      551       50      0                  0                   0                     0                   0           0
             0                 0          0       0          0             0              0           0     9                       0                 0              0                0                0                    0          0     0          0      0         0                  0                 0                146            0      551       50      0                  0                   0                     0                   0           0
             0                 0          0       0          0             0              0           0    10                       0                 0              0                0                0                    0          0     0          0      0         0                  0                 0                146            0      551       50      0                  0                   0                     0                   0           0
             0                 0          0       0          0             0              0           0    11                       0                 0              0                0                0                    0          0     0          0      0         0                  0                 0                146            0      551       50      0                  0                   0                     0                   0           0
             0                 0          0       0          0             0              0           0    12                       0                 0              0                0                0                    0          0     0          0      0         0                  0                 0                146            0      551       50      0                  0                   0                     0                   0           0
             0                 0          0       0          0             0              0           0    13                       0                 0              0                0                0                    0          0     0          0      0         0                  0                 0                146            0      551       50      0                  0                   0                     0                   0           0
             0                 0          0       0          0             0              0           0    14                       0                 0              0                0                0                    0          0     0          0      0         0                  0                 0                146            0      551       50      0                  0                   0                     0                   0           0
             0                 0          0       0          0             0              0           0    15                       0                 0              0                0                0                    0          0     0          0      0         0                  0                 0                146            0      551       50      0                  0                   0                     0                   0           0
             0                 0          0       0          0             0              0           0    16                       0                 0              0                0                0                    0          0     0          0      0         0                  0                 0                146            0      551       50      0                  0                   0                     0                   0           0
             0                 0          0       0          0             0              0           0    17                       0                 0              0                0                0                    0          0     0          0      0         0                  0                 0                146            0      551       50      0                  0                   0                     0                   0           0
             0                 0          0       0          0             0              0           0    18                       0                 0              0                0                0                    0          0     0          0      0         0                  0                 0                146            0      551       50      0                  0                   0                     0                   0           0
            49                 1          2   1.000     15.000        45.000        449.760           0    19                       0                 0              0                0                0                    0         40     3         40      0         0                  0                 0                146            0      551       50      0                  0                   0                     0                   0          48
             0                 5         13   1.200     67.600       963.000       4695.780           2    20                       0                 0              0                0                0                    0         99    24         99      0         0                  0                 2                147            3      551       50      0                  1                   0                     0                   0          43
             0                 1          1   2.000    191.000       301.000       7559.880           2    21                       0                 0              0                0                0                    0         99    29         99      0         0                  0                 8                160           22      551       50      0                  1                   0                     0                   0          42
             0                 2          0   2.000    274.000       222.500      10260.760           2    22                       0                 0              0                0                0                    0         95    32         95      0         0                  0                 2                154            9      551       50      0                  1                   0                     0                   0          40
             0                 1          2   2.000    348.000      1097.000      13022.920           4    23                       0                 0              0                0                0                    0        121    35        121      0         0                  0                 0                145            6      551       50      0                  2                   0                     0                   0          39
             0                14         14   1.500    492.286      8788.467      22600.900          43    24                       0                 0              0                0                7                    8        284    70        284      0         0                  0                 0                144            8      551       50      0                 22                   0                     0                   0          25
             0                24          5   2.000    562.250      4433.167      33186.840          31    25                       0                 0              0                0                0                    5        237   100        237      0         0                  0                 9                160           45      551       50      0                 16                   1                     0                   0           1
             0                 0          0       0          0             0      39017.040          31    26                       0                 0              0                0                0                    5        237   100        237      0         0                  0                 3                149           37      551       50      0                 16                   0                     0                   0           1
             0                 0          0       0          0             0      44847.240          31    27                       0                 0              0                0                0                    5        237   100        237      0         0                  0                 1                149            0      551       50      0                 16                   0                     0                   0           1
             0                 0          0       0          0             0      50087.040          14    28                       0                 0              0                0                0                    3        169    87        169      0         0                  0                 0                149            0      551       50      0                  7                   0                     0                   0           1
             0                 1          0   2.000    982.000       475.000      53844.960           8    29                       0                 0              0                0                0                    2        110    32        110      0         0                  0                 2                141           12      551       50      0                  4                   0                     0                   0           0
             0                 0          0       0          0             0      55370.160           0    30                       0                 0              0                0                0                    0         56     1         56      0         0                  0                 3                140           36      551       50      0                  0                   0                     0                   0           0
             0                 0          0       0          0             0      56747.760           0    31                       0                 0              0                0                0                    0         56     1         56      0         0                  0                 8                130           12      551       50      0                  0                   0                     0                   0           0
             0                 0          0       0          0             0      58125.360           0    32                       0                 0              0                0                0                    0         56     1         56      0         0                  0                 0                130            0      551       50      0                  0                   0                     0                   0           0
             0                 0          0       0          0             0      59502.960           0    33                       0                 0              0                0                0                    0         56     1         56      0         0                  0                 0                130            0      551       50      0                  0                   0                     0                   0           0
             0                 0          0       0          0             0      59552.160           0    34                       0                 0              0                0                0                    0          0     0          0      0         0                  0                 0                130            0      551       50      0                  0                   0                     0                   0           0
             0                 0          0       0          0             0      59552.160           0    35                       0                 0              0                0                0                    0          0     0          0      0         0                  0                 0                129            3      551       50      0                  0                   0                     0                   0           0
             0                 0          0       0          0             0      59552.160           0    36                       0                 0              0                0                0                    0          0     0          0      0         0                  0                 3                129            0      551       50      0                  0                   0                     0                   0           0
             0                 0          0       0          0             0      59552.160           0    37                       0                 0              0                0                0                    0          0     0          0      0         0                  0                 0                129            0      551       50      0                  0                   0                     0                   0           0
             0                 0          0       0          0             0      59552.160           0    38                       0                 0              0                0                0                    0          0     0          0      0         0                  0                 0                129            0      551       50      0                  0                   0                     0                   0           0
             0                 0          0       0          0             0      59552.160           0    39                       0                 0              0                0                0                    0          0     0          0      0         0                  0                 0                129            0      551       50      0                  0                   0                     0                   0           0
             0                 0          0       0          0             0      59552.160           0    40                       0                 0              0                0                0                    0          0     0          0      0         0                  0                 0                129            0      551       50      0                  0                   0                     0                   0           0
             0                 0          0       0          0             0      59552.160           0    41                       0                 0              0                0                0                    0          0     0          0      0         0                  0                 0                129            0      551       50      0                  0                   0                     0                   0           0
             0                 0          0       0          0             0      59552.160           0    42                       0                 0              0                0                0                    0          0     0          0      0         0                  0                 0                129            0      551       50      0                  0                   0                     0                   0           0
             0                 0          0       0          0             0      59552.160           0    43                       0                 0              0                0                0                    0          0     0          0      0         0                  0                 0                129            0      551       50      0                  0                   0                     0                   0           0
             0                 0          0       0          0             0      59552.160           0    44                       0                 0              0                0                0                    0          0     0          0      0         0                  0                 0                129            0      551       50      0                  0                   0                     0                   0           0
             0                 0          0       0          0             0      59552.160           0    45                       0                 0              0                0                0                    0          0     0          0      0         0                  0                 0                129            0      551       50      0                  0                   0                     0                   0           0
             0                 0          0       0          0             0      59552.160           0    46                       0                 0              0                0                0                    0          0     0          0      0         0                  0                 0                129            0      551       50      0                  0                   0                     0                   0           0
             0                 0          0       0          0             0      59552.160           0    47                       0                 0              0                0                0                    0          0     0          0      0         0                  0                 0                129            0      551       50      0                  0                   0                     0                   0           0
             0                 0          0       0          0             0      59552.160           0    48                       0                 0              0                0                0                    0          0     0          0      0         0                  0                 0                129            0      551       50      0                  0                   0                     0                   0           0
             0                 0          0       0          0             0      59552.160           0    49                       0                 0              0                0                0                    0          0     0          0      0         0                  0                 0                129            0      551       50      0                  0                   0                     0                   0           0
             0                 0          0       0          0             0      59552.160           0    50                       0                 0              0                0                0                    0          0     0          0      0         0                  0                 0                129            0      551       50      0                  0                   0                     0                   0           0
             0                 0          0       0          0             0      59552.160           0    51                       0                 0              0                0                0                    0          0     0          0      0         0                  0                 0                129            0      551       50      0                  0                   0                     0                   0           0
             0                 0          0       0          0             0      59552.160           0    52                       0                 0              0                0                0                    0          0     0          0      0         0                  0                 0                129            0      551       50      0                  0                   0                     0                   0           0
             0                 0          0       0          0             0      59552.160           0    53                       0                 0              0                0                0                    0          0     0          0      0         0                  0                 0                129            0      551       50      0                  0                   0                     0                   0           0
             0                 0          0       0          0             0      59552.160           0    54                       0                 0              0                0                0                    0          0     0          0      0         0                  0                 0                129            0      551       50      0                  0                   0                     0                   0           0
             0                 0          0       0          0             0      59552.160           0    55                       0                 0              0                0                0                    0          0     0          0      0         0                  0                 0                129            0      551       50      0                  0                   0                     0                   0           0
             0                 0          0       0          0             0      59552.160           0    56                       0                 0              0                0                0                    0          0     0          0      0         0                  0                 0                129            0      551       50      0                  0                   0                     0                   0           0
             0                 0          0       0          0             0      59552.160           0    57                       0                 0              0                0                0                    0          0     0          0      0         0                  0                 0                129            0      551       50      0                  0                   0                     0                   0           0
             0                 0          0       0          0             0      59552.160           0    58                       0                 0              0                0                0                    0          0     0          0      0         0                  0                 0                129            0      551       50      0                  0                   0                     0                   0           0
            49                 0          5       0          0       208.000      60383.760           2    59                       0                 0              0                0                0                    1         54     5         54      0         0                  0                 0                129            0      551       50      0                  1                   0                     0                   0          49
             0                 5         11   1.000     81.400      1624.000      64891.400          12    60                       0                 0              0                0                2                    2        112    27        112      0         0                  0                 0                130            6      551       50      0                  6                   0                     0                   0          44
             0                 0          2       0          0       261.000      70686.080          14    61                       0                 0              0                0               15                    3        131    56        131      0         0                  1                 5                126           18      551       50      0                  7                   0                     0                   0          44
             0                 4          3   1.500    322.000      1828.000      77921.800          18    62                       0                 0              0                0               19                    4        172    92        172      0         0                  0                 3                151           12      551       50      0                  9                   0                     0                   0          40
             0                15         14   1.800    416.800      6421.190      90106.700          34    63                       0                 0              0                0               19                    7        263   157        263      0         0                  1                 3                138           21      551       50      0                 17                   2                     0                   0          25
             0                23          2   2.000    500.217      2323.867     100767.700          40    64                       0                 0              0                0                0                   11        271   169        271      0         0                  0                 7                138           32      551       50      0                 20                   1                     0                   0           2
             0                 2          0   1.000    573.500      1147.000     106389.340          20    65                       0                 0              0                0                0                    9        192   110        192      0         0                  0                 5                137           37      551       50      0                 10                   1                     0                   0           0
             0                 0          0       0          0             0     110792.740          20    66                       0                 0              0                0                0                    9        176    83        176      0         0                  0                 2                131           17      551       50      0                 10                   0                     0                   0           0
             0                 0          0       0          0             0     114359.740          12    67                       0                 0              0                0                0                    6        112    31        112      0         0                  0                 1                131            2      551       50      0                  6                   0                     0                   0           0

# appGenerated appReachesDagroot appRelayed aveHops aveLatency aveQueueDelay chargeConsumed collidedTxs cycle droppedAppFailedEnqueue droppedMacRetries droppedNoRoute droppedNoTxCells droppedQueueFull effectiveCollidedTxs numRxCells numTx numTxCells otfAdd otfRemove probableCollisions rplChurnParentSet rplChurnPrefParent rplChurnRank rplRxDIO rplTxDIO runNum scheduleCollisions topRxRelocatedCells topTxRelocatedBundles topTxRelocatedCells txQueueFill
             0                 0          0       0          0             0              0           0     0                       0                 0              0                0                0                    0          0     0          0      0         0                  0                 0                  0            0        0        0      1                  0                   0                     0                   0           0
             0                 0          0       0          0             0              0           0     1                       0                 0              0                0                0                    0          0     0          0      0         0                  0               138                 90            3      483       50      1                  0                   0                     0                   0           0
             0                 0          0       0          0             0              0           0     2                       0                 0              0                0                0                    0          0     0          0      0         0                  0                 0                152            0      483       50      1                  0                   0                     0                   0           0
             0                 0          0       0          0             0              0           0     3                       0                 0              0                0                0                    0          0     0          0      0         0                  0                 0                152            0      483       50      1                  0                   0                     0                   0           0
             0                 0          0       0          0             0              0           0     4                       0                 0              0                0                0                    0          0     0          0      0         0                  0                 0                152            0      483       50      1                  0                   0                     0                   0           0
             0                 0          0       0          0             0              0           0     5                       0                 0              0                0                0                    0          0     0          0      0         0                  0                 0                152            0      483       50      1                  0                   0                     0                   0           0
             0                 0          0       0          0             0              0           0     6                       0                 0              0                0                0                    0          0     0          0      0         0                  0                 0                152            0      483       50      1                  0                   0                     0                   0           0
             0                 0          0       0          0             0              0           0     7                       0                 0              0                0                0                    0          0     0          0      0         0                  0                 0                152            0      483       50      1                  0                   0                     0                   0           0
             0                 0          0       0          0             0              0           0     8                       0                 0              0                0                0                    0          0     0          0      0         0                  0                 0                152            0      483       50      1                  0                   0                     0                   0           0
             0                 0          0       0          0             0              0           0     9                       0                 0              0                0                0                    0          0     0          0      0         0                  0                 0                152            0      483       50      1                  0                   0                     0                   0           0
             0                 0          0       0          0             0              0           0    10                       0                 0              0                0                0                    0          0     0          0      0         0                  0                 0                152            0      483       50      1                  0                   0                     0                   0           0
             0                 0          0       0          0             0              0           0    11                       0                 0              0                0                0                    0          0     0          0      0         0                  0                 0                152            0      483       50      1                  0                   0                     0                   0           0
             0                 0          0       0          0             0              0           0    12                       0                 0              0                0                0                    0          0     0          0      0         0                  0                 0                152            0      483       50      1                  0                   0                     0                   0           0
             0                 0          0       0          0             0              0           0    13                       0                 0              0                0                0                    0          0     0          0      0         0                  0                 0                152            0      483       50      1                  0                   0                     0                   0           0
             0                 0          0       0          0             0              0           0    14                       0                 0              0                0                0                    0          0     0          0      0         0                  0                 0                152            0      483       50      1                  0                   0                     0                   0           0
             0                 0          0       0          0             0              0           0    15                       0                 0              0                0                0                    0          0     0          0      0         0                  0                 0                152            0      483       50      1                  0                   0                     0                   0           0
             0                 0          0       0          0             0              0           0    16                       0                 0              0                0                0                    0          0     0          0      0         0                  0                 0                152            0      483       50      1                  0                   0                     0                   0           0
             0                 0          0       0          0             0              0           0    17                       0                 0              0                0                0                    0          0     0          0      0         0                  0                 0                152            0      483       50      1                  0                   0                     0                   0           0
             0                 0          0       0          0             0              0           0    18                       0                 0              0                0                0                    0          0     0          0      0         0                  0                 0                152            0      483       50      1                  0                   0                     0                   0           0
            49                 0          0       0          0             0              0           0    19                       0                 0              0                0                0                    0         30     0         30      0         0                  0                 0                152            0      483       50      1                  0                   0                     0                   0          49
             0                 5         18   1.200     59.000      1409.500       4930.020           0    20                       0                 0              0                0                0                    0        115    26        115      0         0                  0                 0                152            0      483       50      1                  0                   0                     0                   0          44
             0                 2          1   2.000    129.000        54.000       8110.380           0    21                       0                 0              0                0                0                    0        115    29        115      0         0                  0                 3                149           23      483       50      1                  0                   0                     0                   0          42
             0                 0          0       0          0             0      10939.380           0    22                       0                 0              0                0                0                    0        115    29        115      0         0                  0                 1                151            8      483       50      1                  0                   0                     0                   0          42
             0                 5          3   1.400    412.000      1945.667      15179.380          10    23                       0                 0              0                0                0                    3        161    39        161      0         0                  0                 0                151            0      483       50      1                  5                   0                     0                   0          37
             0                23         17   1.957    469.435      9266.483      27822.880          64    24                       0                 0              0                0                0                   16        381    83        381      0         0                  1                 4                147           15      483       50      1                 34                   4                     0                   0          14
             0                 3          1   1.667    577.667      1268.000      36178.980          40    25                       0                 0              0                0                0                    9        300    69        300      0         0                  0                 7                144           40      483       50      1                 20                   2                     0                   0          11
             0                 1          0   2.000    669.000       229.000      43577.700          36    26                       0                 0              0                0                0                    9        294    69        294      0         0                  0                 4                149           25      483       50      1                 18                   0                     0                   0          10
             0                 1          0   2.000    770.000       284.000      50927.220          36    27                       0                 0              0                0                0                    9        294    70        294      0         0                  0                 1                149            3      483       50      1                 18                   0                     0                   0           9
