## dioPeriod = 1.0
## startTime = 1502276497.71
## numMotes = 50
## otfHousekeepingPeriod = 1.0
## slotframeLength = 101
## squareSide = 2.0
## cpuID = 38
## sixtopPdrThreshold = 1.5
## slotDuration = 0.01
## sixtopNoHousekeeping = 0
## pkPeriodVar = 0.05
## numCyclesPerRun = 100
## numRuns = 1
## otfThreshold = 1
## sixtopNoRemoveWorstCell = 0
## burstTimestamp = 20
## simDataDir = simData
## numChans = 16
## minRssi = -97
## noInterference = 0
## algorithm = local_voting
## numPacketsBurst = 5
## gui = False
## pkPeriod = None
## combinationKeys = ['algorithm', 'numMotes', 'otfThreshold']
## sixtopHousekeepingPeriod = 1.0


# appGenerated appReachesDagroot appRelayed aveHops aveLatency aveQueueDelay chargeConsumed collidedTxs cycle droppedAppFailedEnqueue droppedMacRetries droppedNoRoute droppedNoTxCells droppedQueueFull effectiveCollidedTxs numRxCells numTx numTxCells otfAdd otfRemove probableCollisions rplChurnParentSet rplChurnPrefParent rplChurnRank rplRxDIO rplTxDIO runNum scheduleCollisions topRxRelocatedCells topTxRelocatedBundles topTxRelocatedCells txQueueFill
             0                 0          0       0          0             0              0           0     0                       0                 0              0                0                0                    0          0     0          0      0         0                  0                 0                  0            0        0        0      0                  0                   0                     0                   0           0
             0                 0          0       0          0             0              0           0     1                       0                 0              0                0                0                    0          0     0          0      0         0                  0               135                108            4      494       50      0                  0                   0                     0                   0           0
             0                 0          0       0          0             0              0           0     2                       0                 0              0                0                0                    0          0     0          0      0         0                  0                 0                173            0      494       50      0                  0                   0                     0                   0           0
             0                 0          0       0          0             0              0           0     3                       0                 0              0                0                0                    0          0     0          0      0         0                  0                 0                173            0      494       50      0                  0                   0                     0                   0           0
             0                 0          0       0          0             0              0           0     4                       0                 0              0                0                0                    0          0     0          0      0         0                  0                 0                173            0      494       50      0                  0                   0                     0                   0           0
             0                 0          0       0          0             0              0           0     5                       0                 0              0                0                0                    0          0     0          0      0         0                  0                 0                173            0      494       50      0                  0                   0                     0                   0           0
             0                 0          0       0          0             0              0           0     6                       0                 0              0                0                0                    0          0     0          0      0         0                  0                 0                173            0      494       50      0                  0                   0                     0                   0           0
             0                 0          0       0          0             0              0           0     7                       0                 0              0                0                0                    0          0     0          0      0         0                  0                 0                173            0      494       50      0                  0                   0                     0                   0           0
             0                 0          0       0          0             0              0           0     8                       0                 0              0                0                0                    0          0     0          0      0         0                  0                 0                173            0      494       50      0                  0                   0                     0                   0           0
             0                 0          0       0          0             0              0           0     9                       0                 0              0                0                0                    0          0     0          0      0         0                  0                 0                173            0      494       50      0                  0                   0                     0                   0           0
             0                 0          0       0          0             0              0           0    10                       0                 0              0                0                0                    0          0     0          0      0         0                  0                 0                173            0      494       50      0                  0                   0                     0                   0           0
             0                 0          0       0          0             0              0           0    11                       0                 0              0                0                0                    0          0     0          0      0         0                  0                 0                173            0      494       50      0                  0                   0                     0                   0           0
             0                 0          0       0          0             0              0           0    12                       0                 0              0                0                0                    0          0     0          0      0         0                  0                 0                173            0      494       50      0                  0                   0                     0                   0           0
             0                 0          0       0          0             0              0           0    13                       0                 0              0                0                0                    0          0     0          0      0         0                  0                 0                173            0      494       50      0                  0                   0                     0                   0           0
             0                 0          0       0          0             0              0           0    14                       0                 0              0                0                0                    0          0     0          0      0         0                  0                 0                173            0      494       50      0                  0                   0                     0                   0           0
             0                 0          0       0          0             0              0           0    15                       0                 0              0                0                0                    0          0     0          0      0         0                  0                 0                173            0      494       50      0                  0                   0                     0                   0           0
             0                 0          0       0          0             0              0           0    16                       0                 0              0                0                0                    0          0     0          0      0         0                  0                 0                173            0      494       50      0                  0                   0                     0                   0           0
             0                 0          0       0          0             0              0           0    17                       0                 0              0                0                0                    0          0     0          0      0         0                  0                 0                173            0      494       50      0                  0                   0                     0                   0           0
             0                 0          0       0          0             0              0           0    18                       0                 0              0                0                0                    0          0     0          0      0         0                  0                 0                173            0      494       50      0                  0                   0                     0                   0           0
            49                 0          3       0          0        38.000        514.580           2    19                       0                 0              0                0                0                    0         47     4         47      0         0                  0                 0                173            0      494       50      0                  1                   0                     0                   0          49
             0                20         37   1.500     85.050      2814.000      12619.620          32    20                       0                 0              0                0                0                   11        266    68        266      0         0                  0                 1                173            4      494       50      0                 16                   0                     0                   0          29
             0                29          6   2.241    148.207      1204.255      21028.120           0    21                       0                 0              0                0                0                    0         75    15         75      0         0                  1                11                162           51      494       50      0                  0                   0                     0                   0           0
             0                 0          0       0          0             0      21913.720           0    22                       0                 0              0                0                0                    0          0     0          0      0         0                  0                 6                160           47      494       50      0                  0                   0                     0                   0           0
             0                 0          0       0          0             0      21913.720           0    23                       0                 0              0                0                0                    0          0     0          0      0         0                  0                 1                164           13      494       50      0                  0                   0                     0                   0           0
             0                 0          0       0          0             0      21913.720           0    24                       0                 0              0                0                0                    0          0     0          0      0         0                  0                 5                165            0      494       50      0                  0                   0                     0                   0           0
             0                 0          0       0          0             0      21913.720           0    25                       0                 0              0                0                0                    0          0     0          0      0         0                  0                 0                165            0      494       50      0                  0                   0                     0                   0           0
             0                 0          0       0          0             0      21913.720           0    26                       0                 0              0                0                0                    0          0     0          0      0         0                  0                 0                165            0      494       50      0                  0                   0                     0                   0           0
             0                 0          0       0          0             0      21913.720           0    27                       0                 0              0                0                0                    0          0     0          0      0         0                  0                 0                165            0      494       50      0                  0                   0                     0                   0           0
             0                 0          0       0          0             0      21913.720           0    28                       0                 0              0                0                0                    0          0     0          0      0         0                  0                 0                165            0      494       50      0                  0                   0                     0                   0           0
             0                 0          0       0          0             0      21913.720           0    29                       0                 0              0                0                0                    0          0     0          0      0         0                  0                 0                165            0      494       50      0                  0                   0                     0                   0           0
             0                 0          0       0          0             0      21913.720           0    30                       0                 0              0                0                0                    0          0     0          0      0         0                  0                 0                165            0      494       50      0                  0                   0                     0                   0           0
             0                 0          0       0          0             0      21913.720           0    31                       0                 0              0                0                0                    0          0     0          0      0         0                  0                 0                165            0      494       50      0                  0                   0                     0                   0           0
             0                 0          0       0          0             0      21913.720           0    32                       0                 0              0                0                0                    0          0     0          0      0         0                  0                 0                165            0      494       50      0                  0                   0                     0                   0           0
             0                 0          0       0          0             0      21913.720           0    33                       0                 0              0                0                0                    0          0     0          0      0         0                  0                 0                165            0      494       50      0                  0                   0                     0                   0           0
             0                 0          0       0          0             0      21913.720           0    34                       0                 0              0                0                0                    0          0     0          0      0         0                  0                 0                165            0      494       50      0                  0                   0                     0                   0           0
             0                 0          0       0          0             0      21913.720           0    35                       0                 0              0                0                0                    0          0     0          0      0         0                  0                 0                165            0      494       50      0                  0                   0                     0                   0           0
             0                 0          0       0          0             0      21913.720           0    36                       0                 0              0                0                0                    0          0     0          0      0         0                  0                 0                165            0      494       50      0                  0                   0                     0                   0           0
             0                 0          0       0          0             0      21913.720           0    37                       0                 0              0                0                0                    0          0     0          0      0         0                  0                 0                165            0      494       50      0                  0                   0                     0                   0           0
             0                 0          0       0          0             0      21913.720           0    38                       0                 0              0                0                0                    0          0     0          0      0         0                  0                 0                165            0      494       50      0                  0                   0                     0                   0           0
             0                 0          0       0          0             0      21913.720           0    39                       0                 0              0                0                0                    0          0     0          0      0         0                  0                 0                165            0      494       50      0                  0                   0                     0                   0           0
             0                 0          0       0          0             0      21913.720           0    40                       0                 0              0                0                0                    0          0     0          0      0         0                  0                 0                165            0      494       50      0                  0                   0                     0                   0           0
             0                 0          0       0          0             0      21913.720           0    41                       0                 0              0                0                0                    0          0     0          0      0         0                  0                 0                165            0      494       50      0                  0                   0                     0                   0           0
             0                 0          0       0          0             0      21913.720           0    42                       0                 0              0                0                0                    0          0     0          0      0         0                  0                 0                165            0      494       50      0                  0                   0                     0                   0           0
             0                 0          0       0          0             0      21913.720           0    43                       0                 0              0                0                0                    0          0     0          0      0         0                  0                 0                165            0      494       50      0                  0                   0                     0                   0           0
             0                 0          0       0          0             0      21913.720           0    44                       0                 0              0                0                0                    0          0     0          0      0         0                  0                 0                165            0      494       50      0                  0                   0                     0                   0           0
             0                 0          0       0          0             0      21913.720           0    45                       0                 0              0                0                0                    0          0     0          0      0         0                  0                 0                165            0      494       50      0                  0                   0                     0                   0           0
             0                 0          0       0          0             0      21913.720           0    46                       0                 0              0                0                0                    0          0     0          0      0         0                  0                 0                165            0      494       50      0                  0                   0                     0                   0           0
             0                 0          0       0          0             0      21913.720           0    47                       0                 0              0                0                0                    0          0     0          0      0         0                  0                 0                165            0      494       50      0                  0                   0                     0                   0           0
             0                 0          0       0          0             0      21913.720           0    48                       0                 0              0                0                0                    0          0     0          0      0         0                  0                 0                165            0      494       50      0                  0                   0                     0                   0           0
             0                 0          0       0          0             0      21913.720           0    49                       0                 0              0                0                0                    0          0     0          0      0         0                  0                 0                165            0      494       50      0                  0                   0                     0                   0           0
             0                 0          0       0          0             0      21913.720           0    50                       0                 0              0                0                0                    0          0     0          0      0         0                  0                 0                165            0      494       50      0                  0                   0                     0                   0           0
             0                 0          0       0          0             0      21913.720           0    51                       0                 0              0                0                0                    0          0     0          0      0         0                  0                 0                165            0      494       50      0                  0                   0                     0                   0           0
             0                 0          0       0          0             0      21913.720           0    52                       0                 0              0                0                0                    0          0     0          0      0         0                  0                 0                165            0      494       50      0                  0                   0                     0                   0           0
             0                 0          0       0          0             0      21913.720           0    53                       0                 0              0                0                0                    0          0     0          0      0         0                  0                 0                165            0      494       50      0                  0                   0                     0                   0           0
             0                 0          0       0          0             0      21913.720           0    54                       0                 0              0                0                0                    0          0     0          0      0         0                  0                 0                165            0      494       50      0                  0                   0                     0                   0           0
             0                 0          0       0          0             0      21913.720           0    55                       0                 0              0                0                0                    0          0     0          0      0         0                  0                 0                165            0      494       50      0                  0                   0                     0                   0           0
             0                 0          0       0          0             0      21913.720           0    56                       0                 0              0                0                0                    0          0     0          0      0         0                  0                 0                165            0      494       50      0                  0                   0                     0                   0           0
             0                 0          0       0          0             0      21913.720           0    57                       0                 0              0                0                0                    0          0     0          0      0         0                  0                 0                165            0      494       50      0                  0                   0                     0                   0           0
             0                 0          0       0          0             0      21913.720           0    58                       0                 0              0                0                0                    0          0     0          0      0         0                  0                 0                165            0      494       50      0                  0                   0                     0                   0           0
            49                 5         11   1.200     38.800       610.000      24704.480           8    59                       0                 0              0                0                0                    4        154    18        154      0         0                  1                 0                165            0      494       50      0                  4                   0                     0                   0          44
             0                34         32   1.794    111.500      3142.189      40630.500          16    60                       0                 0              0                0                1                    3        199    75        199      0         0                  1                 5                151           26      494       50      0                  8                   1                     0                   0          10
             0                10          1   2.600    184.800       178.500      44926.660           4    61                       0                 0              0                0                0                    0         71    19         71      0         0                  0                 6                151           48      494       50      0                  2                   0                     0                   0           0
             0                 0          0       0          0             0      45664.660           0    62                       0                 0              0                0                0                    0          8     5          8      0         0                  0                 4                139           40      494       50      0                  0                   0                     0                   0           0
             0                 0          0       0          0             0      45861.460           0    63                       0                 0              0                0                0                    0          8     5          8      0         0                  0                 7                155           11      494       50      0                  0                   0                     0                   0           0
             0                 0          0       0          0             0      46058.260           0    64                       0                 0              0                0                0                    0          8     5          8      0         0                  0                 0                155            0      494       50      0                  0                   0                     0                   0           0
             0                 0          0       0          0             0      46255.060           0    65                       0                 0              0                0                0                    0          8     5          8      0         0                  0                 0                155            0      494       50      0                  0                   0                     0                   0           0
             0                 0          0       0          0             0      46451.860           0    66                       0                 0              0                0                0                    0          8     5          8      0         0                  0                 0                155            0      494       50      0                  0                   0                     0                   0           0
             0                 0          0       0          0             0      46648.660           0    67                       0                 0              0                0                0                    0          8     5          8      0         0                  0                 0                155            0      494       50      0                  0                   0                     0                   0           0
             0                 0          0       0          0             0      46845.460           0    68                       0                 0              0                0                0                    0          8     5          8      0         0                  0                 0                155            0      494       50      0                  0                   0                     0                   0           0
             0                 0          0       0          0             0      47042.260           0    69                       0                 0              0                0                0                    0          8     5          8      0         0                  0                 0                155            0      494       50      0                  0                   0                     0                   0           0
             0                 0          0       0          0             0      47239.060           0    70                       0                 0              0                0                0                    0          8     5          8      0         0                  0                 0                155            0      494       50      0                  0                   0                     0                   0           0
             0                 0          0       0          0             0      47435.860           0    71                       0                 0              0                0                0                    0          8     5          8      0         0                  0                 0                155            0      494       50      0                  0                   0                     0                   0           0
             0                 0          0       0          0             0      47632.660           0    72                       0                 0              0                0                0                    0          8     5          8      0         0                  0                 0                155            0      494       50      0                  0                   0                     0                   0           0
             0                 0          0       0          0             0      47829.460           0    73                       0                 0              0                0                0                    0          8     5          8      0         0                  0                 0                155            0      494       50      0                  0                   0                     0                   0           0
             0                 0          0       0          0             0      48026.260           0    74                       0                 0              0                0                0                    0          8     5          8      0         0                  0                 0                155            0      494       50      0                  0                   0                     0                   0           0
             0                 0          0       0          0             0      48223.060           0    75                       0                 0              0                0                0                    0          8     5          8      0         0                  0                 0                155            0      494       50      0                  0                   0                     0                   0           0
             0                 0          0       0          0             0      48419.860           0    76                       0                 0              0                0                0                    0          8     5          8      0         0                  0                 0                155            0      494       50      0                  0                   0                     0                   0           0
             0                 0          0       0          0             0      48616.660           0    77                       0                 0              0                0                0                    0          8     5          8      0         0                  0                 0                155            0      494       50      0                  0                   0                     0                   0           0
             0                 0          0       0          0             0      48813.460           0    78                       0                 0              0                0                0                    0          8     5          8      0         0                  0                 0                155            0      494       50      0                  0                   0                     0                   0           0
             0                 0          0       0          0             0      49010.260           0    79                       0                 0              0                0                0                    0          8     5          8      0         0                  0                 0                155            0      494       50      0                  0                   0                     0                   0           0
             0                 0          0       0          0             0      49207.060           0    80                       0                 0              0                0                0                    0          8     5          8      0         0                  0                 0                155            0      494       50      0                  0                   0                     0                   0           0
             0                 0          0       0          0             0      49403.860           0    81                       0                 0              0                0                0                    0          8     5          8      0         0                  0                 0                155            0      494       50      0                  0                   0                     0                   0           0
             0                 0          0       0          0             0      49600.660           0    82                       0                 0              0                0                0                    0          8     5          8      0         0                  0                 0                155            0      494       50      0                  0                   0                     0                   0           0
             0                 0          0       0          0             0      49797.460           0    83                       0                 0              0                0                0                    0          8     5          8      0         0                  0                 0                155            0      494       50      0                  0                   0                     0                   0           0
             0                 0          0       0          0             0      49994.260           0    84                       0                 0              0                0                0                    0          8     5          8      0         0                  0                 0                155            0      494       50      0                  0                   0                     0                   0           0
             0                 0          0       0          0             0      50191.060           0    85                       0                 0              0                0                0                    0          8     5          8      0         0                  0                 0                155            0      494       50      0                  0                   0                     0                   0           0
             0                 0          0       0          0             0      50387.860           0    86                       0                 0              0                0                0                    0          8     5          8      0         0                  0                 0                155            0      494       50      0                  0                   0                     0                   0           0
             0                 0          0       0          0             0      50584.660           0    87                       0                 0              0                0                0                    0          8     5          8      0         0                  0                 0                155            0      494       50      0                  0                   0                     0                   0           0
             0                 0          0       0          0             0      50781.460           0    88                       0                 0              0                0                0                    0          8     5          8      0         0                  0                 0                155            0      494       50      0                  0                   0                     0                   0           0
             0                 0          0       0          0             0      50978.260           0    89                       0                 0              0                0                0                    0          8     5          8      0         0                  0                 0                155            0      494       50      0                  0                   0                     0                   0           0
             0                 0          0       0          0             0      51175.060           0    90                       0                 0              0                0                0                    0          8     5          8      0         0                  0                 0                155            0      494       50      0                  0                   0                     0                   0           0
             0                 0          0       0          0             0      51371.860           0    91                       0                 0              0                0                0                    0          8     5          8      0         0                  0                 0                155            0      494       50      0                  0                   0                     0                   0           0
             0                 0          0       0          0             0      51568.660           0    92                       0                 0              0                0                0                    0          8     5          8      0         0                  0                 0                155            0      494       50      0                  0                   0                     0                   0           0
             0                 0          0       0          0             0      51765.460           0    93                       0                 0              0                0                0                    0          8     5          8      0         0                  0                 0                155            0      494       50      0                  0                   0                     0                   0           0
             0                 0          0       0          0             0      51962.260           0    94                       0                 0              0                0                0                    0          8     5          8      0         0                  0                 0                155            0      494       50      0                  0                   0                     0                   0           0
             0                 0          0       0          0             0      52159.060           0    95                       0                 0              0                0                0                    0          8     5          8      0         0                  0                 0                155            0      494       50      0                  0                   0                     0                   0           0
             0                 0          0       0          0             0      52355.860           0    96                       0                 0              0                0                0                    0          8     5          8      0         0                  0                 0                155            0      494       50      0                  0                   0                     0                   0           0
             0                 0          0       0          0             0      52552.660           0    97                       0                 0              0                0                0                    0          8     5          8      0         0                  0                 0                155            0      494       50      0                  0                   0                     0                   0           0
             0                 0          0       0          0             0      52749.460           0    98                       0                 0              0                0                0                    0          8     5          8      0         0                  0                 0                155            0      494       50      0                  0                   0                     0                   0           0
             0                 0          0       0          0             0      52946.260           0    99                       0                 0              0                0                0                    0          8     5          8      0         0                  0                 0                155            0      494       50      0                  0                   0                     0                   0           0
#pos runNum=0 0@(1.00000,1.00000)@0 1@(0.97144,1.25749)@731 2@(1.01290,1.19691)@568 3@(0.90455,1.12726)@568 4@(0.99783,1.25540)@1243 5@(0.89396,1.13694)@640 6@(0.94390,1.27129)@1421 7@(0.88453,1.06402)@1584 8@(0.96549,1.11432)@1136 9@(1.01247,1.20223)@568 10@(1.01203,1.13586)@1371 11@(0.87843,1.10356)@1080 12@(0.86181,1.38230)@1208 13@(1.08281,1.15882)@1421 14@(1.05901,0.93693)@568 15@(0.93234,1.11712)@1371 16@(0.95467,1.26350)@1755 17@(0.68297,1.13882)@1024 18@(1.06661,1.16063)@1080 19@(0.84979,0.99196)@1208 20@(0.91376,1.24605)@1280 21@(1.12993,1.24635)@1648 22@(0.67244,0.99906)@2224 23@(0.71407,0.90198)@1024 24@(1.19230,1.02097)@1208 25@(1.22431,0.89955)@568 26@(0.97775,0.74599)@640 27@(0.84973,0.73609)@1592 28@(0.83326,0.72816)@1939 29@(0.86539,0.92387)@1299 30@(0.89339,0.80877)@1299 31@(0.94506,0.77451)@1208 32@(0.74489,0.92439)@1536 33@(0.77970,1.25018)@1883 34@(0.87288,1.04497)@640 35@(0.97448,1.34826)@1299 36@(0.91674,1.28730)@1136 37@(1.10270,1.03739)@731 38@(1.17965,1.21415)@1974 39@(0.54703,1.01882)@1933 40@(1.16556,1.13036)@1584 41@(1.03756,1.22715)@1704 42@(1.25966,1.35833)@1592 43@(1.07831,1.28404)@731 44@(1.16164,1.21271)@1989 45@(1.24893,0.80913)@1136 46@(1.19807,0.84799)@640 47@(0.88613,0.86804)@1024 48@(0.76076,0.96955)@1421 49@(0.65180,0.73058)@1664
#links runNum=0 14-31@-90dBm@0.834 31-49@-94dBm@0.433 13-41@-96dBm@0.174 6-33@-90dBm@0.862 17-39@-92dBm@0.709 5-15@-90dBm@0.864 45-46@-90dBm@0.863 4-8@-93dBm@0.660 8-20@-84dBm@0.974 9-40@-90dBm@0.862 23-27@-88dBm@0.933 1-10@-89dBm@0.886 3-15@-83dBm@0.975 5-41@-96dBm@0.120 47-48@-94dBm@0.445 27-28@-87dBm@0.947 13-47@-95dBm@0.273 14-29@-91dBm@0.780 23-36@-94dBm@0.434 5-6@-92dBm@0.673 9-36@-86dBm@0.957 3-40@-95dBm@0.259 3-45@-94dBm@0.338 40-42@-93dBm@0.639 20-23@-93dBm@0.648 19-29@-87dBm@0.940 16-41@-92dBm@0.676 14-45@-88dBm@0.931 35-40@-90dBm@0.860 2-13@-93dBm@0.661 2-48@-93dBm@0.602 10-47@-95dBm@0.239 0-44@-96dBm@0.105 36-40@-96dBm@0.077 3-11@-74dBm@1.000 23-47@-88dBm@0.937 15-17@-90dBm@0.819 0-25@-88dBm@0.928 30-31@-88dBm@0.934 3-4@-85dBm@0.961 11-22@-90dBm@0.813 7-22@-89dBm@0.878 31-47@-91dBm@0.755 0-14@-81dBm@0.985 21-41@-84dBm@0.969 41-47@-97dBm@0.056 1-49@-96dBm@0.110 15-18@-87dBm@0.944 1-16@-93dBm@0.572 28-30@-87dBm@0.946 2-25@-93dBm@0.625 24-47@-92dBm@0.669 5-37@-92dBm@0.674 1-35@-86dBm@0.959 14-27@-94dBm@0.509 5-9@-89dBm@0.900 1-4@-70dBm@1.000 8-15@-85dBm@0.959 3-8@-87dBm@0.942 9-15@-86dBm@0.957 13-24@-87dBm@0.939 34-41@-94dBm@0.500 10-48@-92dBm@0.700 14-19@-95dBm@0.276 17-22@-88dBm@0.908 0-23@-93dBm@0.544 22-33@-93dBm@0.641 4-7@-93dBm@0.620 13-16@-93dBm@0.577 11-13@-89dBm@0.881 6-36@-80dBm@0.990 20-24@-93dBm@0.634 36-37@-94dBm@0.369 13-18@-69dBm@1.000 25-45@-90dBm@0.862 5-8@-82dBm@0.982 18-38@-83dBm@0.974 7-15@-84dBm@0.974 6-21@-95dBm@0.244 17-40@-96dBm@0.182 14-18@-92dBm@0.686 7-34@-79dBm@0.999 1-37@-97dBm@0.030 19-31@-90dBm@0.845 5-11@-81dBm@0.985 32-48@-91dBm@0.741 0-10@-96dBm@0.147 19-27@-89dBm@0.867 1-40@-92dBm@0.671 34-47@-89dBm@0.887 9-19@-90dBm@0.835 4-11@-96dBm@0.171 8-18@-84dBm@0.974 6-16@-68dBm@1.000 4-10@-85dBm@0.960 19-38@-96dBm@0.099 0-1@-91dBm@0.742 2-9@-89dBm@0.880 42-44@-88dBm@0.936 7-37@-89dBm@0.867 0-47@-94dBm@0.505 40-47@-93dBm@0.545 9-34@-94dBm@0.379 36-49@-96dBm@0.157 2-18@-78dBm@1.000 27-31@-89dBm@0.890 4-33@-90dBm@0.811 11-41@-91dBm@0.722 0-9@-87dBm@0.941 4-24@-95dBm@0.231 12-34@-95dBm@0.238 14-33@-97dBm@0.073 7-48@-96dBm@0.165 5-16@-89dBm@0.870 9-17@-95dBm@0.272 17-48@-86dBm@0.952 9-16@-84dBm@0.974 11-33@-87dBm@0.941 1-9@-96dBm@0.163 32-33@-95dBm@0.268 11-28@-94dBm@0.470 6-44@-88dBm@0.937 3-6@-92dBm@0.671 15-27@-92dBm@0.684 11-19@-82dBm@0.985 38-41@-92dBm@0.715 4-38@-91dBm@0.747 1-47@-92dBm@0.668 15-49@-96dBm@0.177 7-12@-93dBm@0.646 34-45@-96dBm@0.084 3-42@-93dBm@0.571 24-38@-90dBm@0.865 9-10@-82dBm@0.985 8-25@-97dBm@0.037 18-47@-93dBm@0.641 18-40@-84dBm@0.974 9-33@-96dBm@0.096 16-33@-92dBm@0.668 28-31@-86dBm@0.951 2-3@-93dBm@0.651 24-25@-86dBm@0.956 41-43@-89dBm@0.884 4-36@-89dBm@0.896 15-19@-85dBm@0.966 6-20@-81dBm@0.985 16-36@-95dBm@0.200 4-6@-85dBm@0.967 32-49@-92dBm@0.670 14-32@-97dBm@0.004 0-17@-93dBm@0.594 36-44@-96dBm@0.145 19-49@-94dBm@0.512 23-39@-87dBm@0.940 27-30@-87dBm@0.940 14-46@-94dBm@0.405 4-40@-88dBm@0.936 14-15@-90dBm@0.823 29-39@-91dBm@0.728 19-26@-90dBm@0.863 8-33@-91dBm@0.772 15-20@-89dBm@0.875 0-5@-89dBm@0.868 11-39@-92dBm@0.669 1-2@-86dBm@0.952 8-48@-96dBm@0.103 19-28@-91dBm@0.774 10-33@-93dBm@0.641 9-35@-96dBm@0.152 5-20@-90dBm@0.833 21-43@-82dBm@0.984 8-9@-85dBm@0.967 38-44@-80dBm@0.990 0-34@-89dBm@0.886 28-29@-86dBm@0.954 33-36@-86dBm@0.953 13-14@-90dBm@0.864 17-34@-89dBm@0.867 26-45@-93dBm@0.544 19-32@-83dBm@0.976 8-41@-88dBm@0.912 3-17@-88dBm@0.921 3-35@-89dBm@0.883 13-35@-96dBm@0.129 2-24@-90dBm@0.865 46-47@-93dBm@0.642 15-33@-93dBm@0.598 23-28@-89dBm@0.867 5-10@-82dBm@0.980 10-13@-83dBm@0.974 4-35@-85dBm@0.960 29-40@-93dBm@0.604 4-16@-89dBm@0.866 40-46@-92dBm@0.695 26-27@-96dBm@0.158 0-48@-97dBm@0.052 0-43@-91dBm@0.723 3-48@-88dBm@0.933 24-26@-94dBm@0.419 2-4@-84dBm@0.969 6-40@-95dBm@0.301 12-14@-96dBm@0.079 23-32@-79dBm@1.000 15-43@-88dBm@0.937 38-43@-90dBm@0.859 6-37@-95dBm@0.211 28-49@-90dBm@0.864 13-21@-85dBm@0.959 8-17@-96dBm@0.175 1-17@-94dBm@0.450 5-7@-84dBm@0.974 28-47@-84dBm@0.973 1-7@-93dBm@0.640 32-34@-95dBm@0.308 3-16@-85dBm@0.962 5-28@-96dBm@0.107 13-31@-93dBm@0.607 15-41@-91dBm@0.790 2-10@-95dBm@0.216 14-48@-94dBm@0.497 4-42@-91dBm@0.734 5-18@-90dBm@0.859 15-29@-87dBm@0.942 11-20@-86dBm@0.952 9-28@-97dBm@0.072 9-13@-91dBm@0.727 4-9@-82dBm@0.984 18-26@-93dBm@0.531 7-18@-92dBm@0.669 12-13@-92dBm@0.711 7-21@-91dBm@0.727 24-31@-95dBm@0.307 11-14@-92dBm@0.698 3-5@-85dBm@0.959 9-14@-90dBm@0.837 12-33@-85dBm@0.965 7-24@-96dBm@0.090 22-47@-94dBm@0.471 14-24@-86dBm@0.952 7-11@-90dBm@0.863 7-32@-90dBm@0.823 13-33@-91dBm@0.736 13-44@-85dBm@0.961 3-18@-96dBm@0.162 11-34@-79dBm@1.000 0-3@-85dBm@0.960 22-48@-92dBm@0.714 8-16@-93dBm@0.648 4-12@-92dBm@0.706 18-41@-94dBm@0.484 15-34@-85dBm@0.966 36-46@-94dBm@0.331 17-28@-93dBm@0.530 1-6@-95dBm@0.201 40-41@-92dBm@0.669 7-29@-96dBm@0.114 16-17@-95dBm@0.241 1-15@-89dBm@0.868 0-46@-89dBm@0.866 17-18@-96dBm@0.093 3-30@-91dBm@0.739 18-46@-92dBm@0.702 2-19@-96dBm@0.128 29-48@-92dBm@0.672 6-13@-90dBm@0.864 4-32@-97dBm@0.018 2-14@-96dBm@0.093 4-29@-95dBm@0.299 9-12@-89dBm@0.872 11-35@-95dBm@0.215 19-36@-92dBm@0.694 6-24@-96dBm@0.188 25-41@-94dBm@0.509 22-23@-92dBm@0.666 1-3@-90dBm@0.865 15-35@-97dBm@0.030 20-36@-83dBm@0.974 0-37@-91dBm@0.784 4-5@-90dBm@0.862 0-2@-88dBm@0.928 0-26@-90dBm@0.862 17-33@-86dBm@0.957 26-31@-78dBm@1.000 24-46@-88dBm@0.936 18-21@-88dBm@0.936 44-46@-94dBm@0.323 16-20@-77dBm@1.000 12-44@-93dBm@0.527 29-41@-91dBm@0.740 3-43@-89dBm@0.895 47-49@-90dBm@0.833 14-41@-90dBm@0.863 21-44@-86dBm@0.959 15-21@-95dBm@0.248
#aveChargePerCycle runNum=0 0@137.60 1@62.08 2@21.62 3@41.01 4@14.14 5@7.24 6@6.10 7@15.37 8@7.64 9@18.20 10@1.30 11@6.34 12@1.94 13@1.30 14@24.20 15@1.30 16@2.59 17@1.94 18@6.10 19@89.87 20@1.30 21@1.30 22@1.30 23@1.94 24@1.30 25@1.30 26@3.89 27@1.94 28@1.30 29@1.94 30@1.30 31@1.30 32@1.30 33@1.94 34@1.30 35@1.30 36@1.30 37@1.94 38@3.24 39@3.89 40@1.94 41@1.94 42@1.30 43@1.30 44@1.94 45@1.30 46@1.30 47@3.24 48@5.83 49@5.19