## dioPeriod = 1.0
## startTime = 1502276498.16
## numMotes = 50
## otfHousekeepingPeriod = 1.0
## slotframeLength = 101
## squareSide = 2.0
## cpuID = 69
## sixtopPdrThreshold = 1.5
## slotDuration = 0.01
## sixtopNoHousekeeping = 0
## pkPeriodVar = 0.05
## numCyclesPerRun = 100
## numRuns = 1
## otfThreshold = 1
## sixtopNoRemoveWorstCell = 0
## burstTimestamp = 20
## simDataDir = simData
## numChans = 16
## minRssi = -97
## noInterference = 0
## algorithm = local_voting
## numPacketsBurst = 5
## gui = False
## pkPeriod = None
## combinationKeys = ['algorithm', 'numMotes', 'otfThreshold']
## sixtopHousekeepingPeriod = 1.0


# appGenerated appReachesDagroot appRelayed aveHops aveLatency aveQueueDelay chargeConsumed collidedTxs cycle droppedAppFailedEnqueue droppedMacRetries droppedNoRoute droppedNoTxCells droppedQueueFull effectiveCollidedTxs numRxCells numTx numTxCells otfAdd otfRemove probableCollisions rplChurnParentSet rplChurnPrefParent rplChurnRank rplRxDIO rplTxDIO runNum scheduleCollisions topRxRelocatedCells topTxRelocatedBundles topTxRelocatedCells txQueueFill
             0                 0          0       0          0             0              0           0     0                       0                 0              0                0                0                    0          0     0          0      0         0                  0                 0                  0            0        0        0      0                  0                   0                     0                   0           0
             0                 0          0       0          0             0              0           0     1                       0                 0              0                0                0                    0          0     0          0      0         0                  0               141                 72            2      487       50      0                  0                   0                     0                   0           0
             0                 0          0       0          0             0              0           0     2                       0                 0              0                0                0                    0          0     0          0      0         0                  0                 0                124            0      487       50      0                  0                   0                     0                   0           0
             0                 0          0       0          0             0              0           0     3                       0                 0              0                0                0                    0          0     0          0      0         0                  0                 0                124            0      487       50      0                  0                   0                     0                   0           0
             0                 0          0       0          0             0              0           0     4                       0                 0              0                0                0                    0          0     0          0      0         0                  0                 0                124            0      487       50      0                  0                   0                     0                   0           0
             0                 0          0       0          0             0              0           0     5                       0                 0              0                0                0                    0          0     0          0      0         0                  0                 0                124            0      487       50      0                  0                   0                     0                   0           0
             0                 0          0       0          0             0              0           0     6                       0                 0              0                0                0                    0          0     0          0      0         0                  0                 0                124            0      487       50      0                  0                   0                     0                   0           0
             0                 0          0       0          0             0              0           0     7                       0                 0              0                0                0                    0          0     0          0      0         0                  0                 0                124            0      487       50      0                  0                   0                     0                   0           0
             0                 0          0       0          0             0              0           0     8                       0                 0              0                0                0                    0          0     0          0      0         0                  0                 0                124            0      487       50      0                  0                   0                     0                   0           0
             0                 0          0       0          0             0              0           0     9                       0                 0              0                0                0                    0          0     0          0      0         0                  0                 0                124            0      487       50      0                  0                   0                     0                   0           0
             0                 0          0       0          0             0              0           0    10                       0                 0              0                0                0                    0          0     0          0      0         0                  0                 0                124            0      487       50      0                  0                   0                     0                   0           0
             0                 0          0       0          0             0              0           0    11                       0                 0              0                0                0                    0          0     0          0      0         0                  0                 0                124            0      487       50      0                  0                   0                     0                   0           0
             0                 0          0       0          0             0              0           0    12                       0                 0              0                0                0                    0          0     0          0      0         0                  0                 0                124            0      487       50      0                  0                   0                     0                   0           0
             0                 0          0       0          0             0              0           0    13                       0                 0              0                0                0                    0          0     0          0      0         0                  0                 0                124            0      487       50      0                  0                   0                     0                   0           0
             0                 0          0       0          0             0              0           0    14                       0                 0              0                0                0                    0          0     0          0      0         0                  0                 0                124            0      487       50      0                  0                   0                     0                   0           0
             0                 0          0       0          0             0              0           0    15                       0                 0              0                0                0                    0          0     0          0      0         0                  0                 0                124            0      487       50      0                  0                   0                     0                   0           0
             0                 0          0       0          0             0              0           0    16                       0                 0              0                0                0                    0          0     0          0      0         0                  0                 0                124            0      487       50      0                  0                   0                     0                   0           0
             0                 0          0       0          0             0              0           0    17                       0                 0              0                0                0                    0          0     0          0      0         0                  0                 0                124            0      487       50      0                  0                   0                     0                   0           0
             0                 0          0       0          0             0              0           0    18                       0                 0              0                0                0                    0          0     0          0      0         0                  0                 0                124            0      487       50      0                  0                   0                     0                   0           0
            49                 1          2   1.000     12.000        47.000        539.180           0    19                       0                 0              0                0                0                    0         52     4         52      0         0                  0                 0                124            0      487       50      0                  0                   0                     0                   0          48
             0                26         28   1.500     92.962      3037.250      12545.500           6    20                       0                 0              0                0                0                    2        200    56        200      0         0                  0                 0                124            4      487       50      0                  3                   0                     0                   0          22
             0                22          5   2.000    157.273      1081.583      19321.600           0    21                       0                 0              0                0                0                    0         94    20         94      0         0                  0                 4                134           43      487       50      0                  0                   0                     0                   0           0
             0                 0          0       0          0             0      20330.200           0    22                       0                 0              0                0                0                    0          0     0          0      0         0                  0                 5                126           42      487       50      0                  0                   0                     0                   0           0
             0                 0          0       0          0             0      20330.200           0    23                       0                 0              0                0                0                    0          0     0          0      0         0                  0                 2                124           16      487       50      0                  0                   0                     0                   0           0
             0                 0          0       0          0             0      20330.200           0    24                       0                 0              0                0                0                    0          0     0          0      0         0                  0                 2                124            0      487       50      0                  0                   0                     0                   0           0
             0                 0          0       0          0             0      20330.200           0    25                       0                 0              0                0                0                    0          0     0          0      0         0                  0                 0                124            0      487       50      0                  0                   0                     0                   0           0
             0                 0          0       0          0             0      20330.200           0    26                       0                 0              0                0                0                    0          0     0          0      0         0                  0                 0                124            0      487       50      0                  0                   0                     0                   0           0
             0                 0          0       0          0             0      20330.200           0    27                       0                 0              0                0                0                    0          0     0          0      0         0                  0                 0                124            0      487       50      0                  0                   0                     0                   0           0
             0                 0          0       0          0             0      20330.200           0    28                       0                 0              0                0                0                    0          0     0          0      0         0                  0                 0                124            0      487       50      0                  0                   0                     0                   0           0
             0                 0          0       0          0             0      20330.200           0    29                       0                 0              0                0                0                    0          0     0          0      0         0                  0                 0                124            0      487       50      0                  0                   0                     0                   0           0
             0                 0          0       0          0             0      20330.200           0    30                       0                 0              0                0                0                    0          0     0          0      0         0                  0                 0                124            0      487       50      0                  0                   0                     0                   0           0
             0                 0          0       0          0             0      20330.200           0    31                       0                 0              0                0                0                    0          0     0          0      0         0                  0                 0                124            0      487       50      0                  0                   0                     0                   0           0
             0                 0          0       0          0             0      20330.200           0    32                       0                 0              0                0                0                    0          0     0          0      0         0                  0                 0                124            0      487       50      0                  0                   0                     0                   0           0
             0                 0          0       0          0             0      20330.200           0    33                       0                 0              0                0                0                    0          0     0          0      0         0                  0                 0                124            0      487       50      0                  0                   0                     0                   0           0
             0                 0          0       0          0             0      20330.200           0    34                       0                 0              0                0                0                    0          0     0          0      0         0                  0                 0                124            0      487       50      0                  0                   0                     0                   0           0
             0                 0          0       0          0             0      20330.200           0    35                       0                 0              0                0                0                    0          0     0          0      0         0                  0                 0                124            0      487       50      0                  0                   0                     0                   0           0
             0                 0          0       0          0             0      20330.200           0    36                       0                 0              0                0                0                    0          0     0          0      0         0                  0                 0                124            0      487       50      0                  0                   0                     0                   0           0
             0                 0          0       0          0             0      20330.200           0    37                       0                 0              0                0                0                    0          0     0          0      0         0                  0                 0                124            0      487       50      0                  0                   0                     0                   0           0
             0                 0          0       0          0             0      20330.200           0    38                       0                 0              0                0                0                    0          0     0          0      0         0                  0                 0                124            0      487       50      0                  0                   0                     0                   0           0
             0                 0          0       0          0             0      20330.200           0    39                       0                 0              0                0                0                    0          0     0          0      0         0                  0                 0                124            0      487       50      0                  0                   0                     0                   0           0
             0                 0          0       0          0             0      20330.200           0    40                       0                 0              0                0                0                    0          0     0          0      0         0                  0                 0                124            0      487       50      0                  0                   0                     0                   0           0
             0                 0          0       0          0             0      20330.200           0    41                       0                 0              0                0                0                    0          0     0          0      0         0                  0                 0                124            0      487       50      0                  0                   0                     0                   0           0
             0                 0          0       0          0             0      20330.200           0    42                       0                 0              0                0                0                    0          0     0          0      0         0                  0                 0                124            0      487       50      0                  0                   0                     0                   0           0
             0                 0          0       0          0             0      20330.200           0    43                       0                 0              0                0                0                    0          0     0          0      0         0                  0                 0                124            0      487       50      0                  0                   0                     0                   0           0
             0                 0          0       0          0             0      20330.200           0    44                       0                 0              0                0                0                    0          0     0          0      0         0                  0                 0                124            0      487       50      0                  0                   0                     0                   0           0
             0                 0          0       0          0             0      20330.200           0    45                       0                 0              0                0                0                    0          0     0          0      0         0                  0                 0                124            0      487       50      0                  0                   0                     0                   0           0
             0                 0          0       0          0             0      20330.200           0    46                       0                 0              0                0                0                    0          0     0          0      0         0                  0                 0                124            0      487       50      0                  0                   0                     0                   0           0
             0                 0          0       0          0             0      20330.200           0    47                       0                 0              0                0                0                    0          0     0          0      0         0                  0                 0                124            0      487       50      0                  0                   0                     0                   0           0
             0                 0          0       0          0             0      20330.200           0    48                       0                 0              0                0                0                    0          0     0          0      0         0                  0                 0                124            0      487       50      0                  0                   0                     0                   0           0
             0                 0          0       0          0             0      20330.200           0    49                       0                 0              0                0                0                    0          0     0          0      0         0                  0                 0                124            0      487       50      0                  0                   0                     0                   0           0
             0                 0          0       0          0             0      20330.200           0    50                       0                 0              0                0                0                    0          0     0          0      0         0                  0                 0                124            0      487       50      0                  0                   0                     0                   0           0
             0                 0          0       0          0             0      20330.200           0    51                       0                 0              0                0                0                    0          0     0          0      0         0                  0                 0                124            0      487       50      0                  0                   0                     0                   0           0
             0                 0          0       0          0             0      20330.200           0    52                       0                 0              0                0                0                    0          0     0          0      0         0                  0                 0                124            0      487       50      0                  0                   0                     0                   0           0
             0                 0          0       0          0             0      20330.200           0    53                       0                 0              0                0                0                    0          0     0          0      0         0                  0                 0                124            0      487       50      0                  0                   0                     0                   0           0
             0                 0          0       0          0             0      20330.200           0    54                       0                 0              0                0                0                    0          0     0          0      0         0                  0                 0                124            0      487       50      0                  0                   0                     0                   0           0
             0                 0          0       0          0             0      20330.200           0    55                       0                 0              0                0                0                    0          0     0          0      0         0                  0                 0                124            0      487       50      0                  0                   0                     0                   0           0
             0                 0          0       0          0             0      20330.200           0    56                       0                 0              0                0                0                    0          0     0          0      0         0                  0                 0                124            0      487       50      0                  0                   0                     0                   0           0
             0                 0          0       0          0             0      20330.200           0    57                       0                 0              0                0                0                    0          0     0          0      0         0                  0                 0                124            0      487       50      0                  0                   0                     0                   0           0
             0                 0          0       0          0             0      20330.200           0    58                       0                 0              0                0                0                    0          0     0          0      0         0                  0                 0                124            0      487       50      0                  0                   0                     0                   0           0
            49                 9         13   1.222     32.222       622.500      24917.020          16    59                       0                 0              0                0                0                    2        171    31        171      0         0                  0                 0                124            0      487       50      0                  8                   0                     0                   0          40
             0                23         19   1.739    103.391      2218.433      38288.420          20    60                       0                 0              0                0               13                    4        165    61        165      0         0                  0                 5                131           23      486       50      0                 10                   0                     0                   0          17
             0                16          5   2.062    209.562      1278.385      45570.680           8    61                       0                 0              0                0                2                    1        139    45        139      0         0                  0                 5                116           44      485       50      0                  4                   0                     0                   0           1
             0                 1          0   2.000    272.000        94.000      47828.000           0    62                       0                 0              0                0                0                    0         56     1         56      0         0                  0                 2                117           39      487       50      0                  0                   0                     0                   0           0
             0                 0          0       0          0             0      47901.800           0    63                       0                 0              0                0                0                    0          0     0          0      0         0                  0                 2                111           21      487       50      0                  0                   0                     0                   0           0
             0                 0          0       0          0             0      47901.800           0    64                       0                 0              0                0                0                    0          0     0          0      0         0                  0                 2                106            0      487       50      0                  0                   0                     0                   0           0
             0                 0          0       0          0             0      47901.800           0    65                       0                 0              0                0                0                    0          0     0          0      0         0                  0                 0                106            0      487       50      0                  0                   0                     0                   0           0
             0                 0          0       0          0             0      47901.800           0    66                       0                 0              0                0                0                    0          0     0          0      0         0                  0                 0                106            0      487       50      0                  0                   0                     0                   0           0
             0                 0          0       0          0             0      47901.800           0    67                       0                 0              0                0                0                    0          0     0          0      0         0                  0                 0                106            0      487       50      0                  0                   0                     0                   0           0
             0                 0          0       0          0             0      47901.800           0    68                       0                 0              0                0                0                    0          0     0          0      0         0                  0                 0                106            0      487       50      0                  0                   0                     0                   0           0
             0                 0          0       0          0             0      47901.800           0    69                       0                 0              0                0                0                    0          0     0          0      0         0                  0                 0                106            0      487       50      0                  0                   0                     0                   0           0
             0                 0          0       0          0             0      47901.800           0    70                       0                 0              0                0                0                    0          0     0          0      0         0                  0                 0                106            0      487       50      0                  0                   0                     0                   0           0
             0                 0          0       0          0             0      47901.800           0    71                       0                 0              0                0                0                    0          0     0          0      0         0                  0                 0                106            0      487       50      0                  0                   0                     0                   0           0
             0                 0          0       0          0             0      47901.800           0    72                       0                 0              0                0                0                    0          0     0          0      0         0                  0                 0                106            0      487       50      0                  0                   0                     0                   0           0
             0                 0          0       0          0             0      47901.800           0    73                       0                 0              0                0                0                    0          0     0          0      0         0                  0                 0                106            0      487       50      0                  0                   0                     0                   0           0
             0                 0          0       0          0             0      47901.800           0    74                       0                 0              0                0                0                    0          0     0          0      0         0                  0                 0                106            0      487       50      0                  0                   0                     0                   0           0
             0                 0          0       0          0             0      47901.800           0    75                       0                 0              0                0                0                    0          0     0          0      0         0                  0                 0                106            0      487       50      0                  0                   0                     0                   0           0
             0                 0          0       0          0             0      47901.800           0    76                       0                 0              0                0                0                    0          0     0          0      0         0                  0                 0                106            0      487       50      0                  0                   0                     0                   0           0
             0                 0          0       0          0             0      47901.800           0    77                       0                 0              0                0                0                    0          0     0          0      0         0                  0                 0                106            0      487       50      0                  0                   0                     0                   0           0
             0                 0          0       0          0             0      47901.800           0    78                       0                 0              0                0                0                    0          0     0          0      0         0                  0                 0                106            0      487       50      0                  0                   0                     0                   0           0
             0                 0          0       0          0             0      47901.800           0    79                       0                 0              0                0                0                    0          0     0          0      0         0                  0                 0                106            0      487       50      0                  0                   0                     0                   0           0
             0                 0          0       0          0             0      47901.800           0    80                       0                 0              0                0                0                    0          0     0          0      0         0                  0                 0                106            0      487       50      0                  0                   0                     0                   0           0
             0                 0          0       0          0             0      47901.800           0    81                       0                 0              0                0                0                    0          0     0          0      0         0                  0                 0                106            0      487       50      0                  0                   0                     0                   0           0
             0                 0          0       0          0             0      47901.800           0    82                       0                 0              0                0                0                    0          0     0          0      0         0                  0                 0                106            0      487       50      0                  0                   0                     0                   0           0
             0                 0          0       0          0             0      47901.800           0    83                       0                 0              0                0                0                    0          0     0          0      0         0                  0                 0                106            0      487       50      0                  0                   0                     0                   0           0
             0                 0          0       0          0             0      47901.800           0    84                       0                 0              0                0                0                    0          0     0          0      0         0                  0                 0                106            0      487       50      0                  0                   0                     0                   0           0
             0                 0          0       0          0             0      47901.800           0    85                       0                 0              0                0                0                    0          0     0          0      0         0                  0                 0                106            0      487       50      0                  0                   0                     0                   0           0
             0                 0          0       0          0             0      47901.800           0    86                       0                 0              0                0                0                    0          0     0          0      0         0                  0                 0                106            0      487       50      0                  0                   0                     0                   0           0
             0                 0          0       0          0             0      47901.800           0    87                       0                 0              0                0                0                    0          0     0          0      0         0                  0                 0                106            0      487       50      0                  0                   0                     0                   0           0
             0                 0          0       0          0             0      47901.800           0    88                       0                 0              0                0                0                    0          0     0          0      0         0                  0                 0                106            0      487       50      0                  0                   0                     0                   0           0
             0                 0          0       0          0             0      47901.800           0    89                       0                 0              0                0                0                    0          0     0          0      0         0                  0                 0                106            0      487       50      0                  0                   0                     0                   0           0
             0                 0          0       0          0             0      47901.800           0    90                       0                 0              0                0                0                    0          0     0          0      0         0                  0                 0                106            0      487       50      0                  0                   0                     0                   0           0
             0                 0          0       0          0             0      47901.800           0    91                       0                 0              0                0                0                    0          0     0          0      0         0                  0                 0                106            0      487       50      0                  0                   0                     0                   0           0
             0                 0          0       0          0             0      47901.800           0    92                       0                 0              0                0                0                    0          0     0          0      0         0                  0                 0                106            0      487       50      0                  0                   0                     0                   0           0
             0                 0          0       0          0             0      47901.800           0    93                       0                 0              0                0                0                    0          0     0          0      0         0                  0                 0                106            0      487       50      0                  0                   0                     0                   0           0
             0                 0          0       0          0             0      47901.800           0    94                       0                 0              0                0                0                    0          0     0          0      0         0                  0                 0                106            0      487       50      0                  0                   0                     0                   0           0
             0                 0          0       0          0             0      47901.800           0    95                       0                 0              0                0                0                    0          0     0          0      0         0                  0                 0                106            0      487       50      0                  0                   0                     0                   0           0
             0                 0          0       0          0             0      47901.800           0    96                       0                 0              0                0                0                    0          0     0          0      0         0                  0                 0                106            0      487       50      0                  0                   0                     0                   0           0
             0                 0          0       0          0             0      47901.800           0    97                       0                 0              0                0                0                    0          0     0          0      0         0                  0                 0                106            0      487       50      0                  0                   0                     0                   0           0
             0                 0          0       0          0             0      47901.800           0    98                       0                 0              0                0                0                    0          0     0          0      0         0                  0                 0                106            0      487       50      0                  0                   0                     0                   0           0
             0                 0          0       0          0             0      47901.800           0    99                       0                 0              0                0                0                    0          0     0          0      0         0                  0                 0                106            0      487       50      0                  0                   0                     0                   0           0
#pos runNum=0 0@(1.00000,1.00000)@0 1@(1.00388,0.97304)@568 2@(1.20521,0.84517)@640 3@(0.87957,0.99734)@568 4@(0.98624,0.97991)@568 5@(0.96617,0.94898)@512 6@(1.02628,0.83935)@1136 7@(1.20692,0.99700)@853 8@(1.05565,1.07334)@640 9@(1.15186,1.04132)@1280 10@(1.23318,0.89166)@1299 11@(1.04983,0.84181)@1592 12@(1.11921,1.07974)@1136 13@(0.98024,0.85619)@1136 14@(1.15557,0.73472)@1208 15@(1.11696,1.34636)@1024 16@(1.17315,1.25707)@1243 17@(1.10214,1.18499)@1421 18@(0.94374,1.21555)@1371 19@(0.74859,1.12549)@1299 20@(0.97342,0.62331)@1371 21@(1.30781,1.17982)@1421 22@(1.33390,0.91758)@1421 23@(1.12464,0.64821)@1493 24@(0.78141,1.08078)@1421 25@(0.81118,0.82937)@1208 26@(1.32897,0.76476)@1493 27@(0.99346,0.96927)@512 28@(0.89049,0.77434)@1208 29@(1.01826,0.77902)@1208 30@(0.95105,0.99284)@512 31@(0.70710,0.83301)@1421 32@(0.83074,1.11370)@731 33@(0.93089,1.02598)@853 34@(1.00157,0.82783)@1592 35@(0.74831,0.85199)@1136 36@(0.82084,1.09147)@1152 37@(0.75968,0.72320)@1365 38@(0.49865,0.91937)@1536 39@(1.01362,0.92922)@1208 40@(0.88277,0.68637)@1299 41@(0.99787,0.88032)@1208 42@(0.97780,0.81606)@1421 43@(0.87069,0.78430)@1299 44@(1.31415,0.83427)@1867 45@(0.88011,0.95847)@1080 46@(0.86815,0.96756)@568 47@(1.36560,1.24891)@2152 48@(0.86101,1.14692)@568 49@(0.95727,0.54141)@2274
#links runNum=0 30-43@-95dBm@0.202 0-17@-95dBm@0.279 10-16@-92dBm@0.671 14-34@-85dBm@0.960 27-30@-90dBm@0.863 28-31@-92dBm@0.685 12-13@-92dBm@0.667 40-45@-94dBm@0.384 4-8@-83dBm@0.978 20-45@-95dBm@0.269 1-24@-92dBm@0.695 24-40@-95dBm@0.280 3-48@-85dBm@0.962 39-49@-93dBm@0.530 9-37@-97dBm@0.046 1-43@-92dBm@0.710 31-35@-96dBm@0.101 3-7@-97dBm@0.031 16-32@-94dBm@0.325 28-42@-94dBm@0.499 35-46@-90dBm@0.863 20-49@-93dBm@0.640 5-6@-92dBm@0.664 20-28@-93dBm@0.657 22-26@-94dBm@0.500 0-34@-96dBm@0.141 12-17@-88dBm@0.933 16-41@-94dBm@0.349 17-18@-92dBm@0.671 8-17@-93dBm@0.658 0-15@-94dBm@0.506 35-40@-93dBm@0.568 17-25@-96dBm@0.173 3-35@-88dBm@0.937 30-38@-93dBm@0.547 27-45@-82dBm@0.981 1-7@-90dBm@0.842 13-23@-92dBm@0.688 1-34@-94dBm@0.515 30-31@-94dBm@0.465 1-8@-82dBm@0.985 5-18@-94dBm@0.328 21-47@-86dBm@0.955 4-16@-91dBm@0.738 31-41@-95dBm@0.197 7-9@-84dBm@0.972 20-33@-93dBm@0.627 0-43@-97dBm@0.023 24-36@-79dBm@1.000 21-35@-97dBm@0.013 8-12@-79dBm@1.000 11-27@-86dBm@0.954 7-19@-96dBm@0.188 23-49@-91dBm@0.740 14-45@-96dBm@0.180 8-41@-89dBm@0.878 19-39@-96dBm@0.098 7-22@-87dBm@0.946 1-4@-78dBm@1.000 2-7@-95dBm@0.210 11-13@-77dBm@1.000 11-34@-82dBm@0.985 32-48@-75dBm@1.000 2-26@-93dBm@0.639 23-44@-92dBm@0.690 4-25@-89dBm@0.898 10-29@-91dBm@0.763 4-7@-88dBm@0.909 6-26@-96dBm@0.174 1-27@-86dBm@0.958 1-39@-90dBm@0.861 18-37@-95dBm@0.205 5-8@-91dBm@0.798 0-33@-93dBm@0.609 12-14@-96dBm@0.095 9-42@-96dBm@0.092 45-46@-75dBm@1.000 6-25@-91dBm@0.795 7-21@-89dBm@0.885 0-48@-87dBm@0.938 16-29@-95dBm@0.220 1-5@-89dBm@0.888 11-16@-96dBm@0.166 5-42@-94dBm@0.521 35-36@-95dBm@0.228 4-11@-93dBm@0.580 10-30@-94dBm@0.480 0-16@-95dBm@0.302 3-39@-87dBm@0.945 31-36@-93dBm@0.656 27-44@-93dBm@0.651 29-37@-90dBm@0.844 7-8@-93dBm@0.640 4-27@-88dBm@0.928 29-46@-91dBm@0.721 32-37@-97dBm@0.011 34-42@-81dBm@0.985 8-29@-97dBm@0.014 4-20@-91dBm@0.735 19-42@-96dBm@0.164 17-47@-96dBm@0.090 16-44@-94dBm@0.403 14-20@-88dBm@0.902 24-30@-89dBm@0.865 6-14@-95dBm@0.271 12-26@-93dBm@0.646 5-37@-92dBm@0.673 33-42@-97dBm@0.019 0-46@-88dBm@0.935 13-31@-90dBm@0.853 12-15@-89dBm@0.884 12-27@-93dBm@0.545 24-46@-94dBm@0.406 13-47@-97dBm@0.010 1-29@-90dBm@0.811 22-30@-95dBm@0.259 24-37@-93dBm@0.643 12-21@-89dBm@0.900 25-43@-88dBm@0.909 4-29@-95dBm@0.223 4-14@-91dBm@0.780 13-43@-89dBm@0.866 32-46@-95dBm@0.318 9-41@-97dBm@0.030 43-46@-96dBm@0.140 9-45@-92dBm@0.676 14-29@-85dBm@0.959 8-9@-85dBm@0.962 46-48@-95dBm@0.313 9-24@-92dBm@0.713 35-38@-90dBm@0.811 6-11@-72dBm@1.000 34-44@-93dBm@0.561 6-43@-92dBm@0.666 5-35@-93dBm@0.601 8-25@-92dBm@0.709 7-27@-88dBm@0.915 6-10@-91dBm@0.794 20-39@-93dBm@0.660 3-32@-88dBm@0.937 30-45@-95dBm@0.228 1-48@-90dBm@0.862 5-27@-95dBm@0.285 29-41@-81dBm@0.985 4-34@-93dBm@0.595 4-6@-93dBm@0.564 30-39@-95dBm@0.226 9-15@-93dBm@0.546 1-42@-93dBm@0.643 11-28@-87dBm@0.940 13-41@-72dBm@1.000 12-23@-94dBm@0.480 11-41@-92dBm@0.687 15-18@-87dBm@0.940 11-22@-92dBm@0.663 20-29@-91dBm@0.746 9-22@-92dBm@0.675 33-45@-88dBm@0.935 0-5@-77dBm@1.000 8-42@-90dBm@0.863 23-42@-92dBm@0.706 1-2@-89dBm@0.895 12-24@-93dBm@0.659 39-42@-83dBm@0.975 0-4@-88dBm@0.930 10-47@-92dBm@0.674 42-44@-96dBm@0.187 12-19@-92dBm@0.686 23-33@-93dBm@0.569 2-23@-93dBm@0.639 5-38@-95dBm@0.305 37-46@-90dBm@0.860 26-43@-96dBm@0.173 12-18@-87dBm@0.941 14-23@-85dBm@0.967 1-3@-84dBm@0.969 26-44@-89dBm@0.873 13-39@-85dBm@0.963 27-48@-96dBm@0.118 6-28@-85dBm@0.963 0-8@-89dBm@0.869 27-29@-94dBm@0.431 6-41@-90dBm@0.843 20-43@-93dBm@0.591 30-41@-88dBm@0.934 0-7@-92dBm@0.687 5-10@-97dBm@0.040 10-17@-92dBm@0.677 1-13@-84dBm@0.974 2-14@-83dBm@0.978 5-11@-88dBm@0.907 1-40@-92dBm@0.702 4-45@-95dBm@0.295 23-29@-92dBm@0.686 9-14@-90dBm@0.838 9-17@-88dBm@0.935 42-43@-96dBm@0.134 2-8@-89dBm@0.865 29-30@-89dBm@0.897 24-32@-80dBm@0.994 34-46@-94dBm@0.497 21-42@-97dBm@0.060 3-46@-91dBm@0.781 32-33@-89dBm@0.866 16-47@-88dBm@0.907 5-48@-89dBm@0.876 4-21@-92dBm@0.687 5-19@-90dBm@0.829 2-3@-93dBm@0.609 18-39@-91dBm@0.737 22-34@-96dBm@0.156 8-10@-90dBm@0.830 32-35@-93dBm@0.541 6-39@-93dBm@0.614 25-31@-95dBm@0.241 31-43@-96dBm@0.182 19-35@-92dBm@0.696 2-10@-76dBm@1.000 34-43@-90dBm@0.812 0-20@-95dBm@0.220 27-32@-95dBm@0.240 18-36@-86dBm@0.954 4-31@-92dBm@0.698 3-12@-88dBm@0.923 4-23@-96dBm@0.155 8-28@-95dBm@0.214 18-32@-89dBm@0.885 33-43@-89dBm@0.890 13-44@-91dBm@0.797 17-28@-94dBm@0.425 3-28@-95dBm@0.214 5-46@-86dBm@0.955 4-30@-81dBm@0.986 19-41@-92dBm@0.674 0-32@-91dBm@0.754 7-17@-87dBm@0.941 7-11@-91dBm@0.756 39-44@-96dBm@0.152 3-4@-89dBm@0.901 9-32@-95dBm@0.232 15-17@-92dBm@0.693 16-22@-95dBm@0.210 0-3@-86dBm@0.952 4-41@-85dBm@0.962 0-18@-94dBm@0.323 32-36@-88dBm@0.909 4-12@-86dBm@0.957 17-42@-92dBm@0.674 28-30@-88dBm@0.932 4-33@-81dBm@0.987 1-33@-87dBm@0.939 30-46@-83dBm@0.974 1-6@-88dBm@0.933 41-46@-86dBm@0.958 5-39@-84dBm@0.974 12-34@-94dBm@0.503 1-10@-92dBm@0.701 4-48@-91dBm@0.781 8-11@-95dBm@0.237 5-16@-92dBm@0.700 33-39@-96dBm@0.146 0-1@-82dBm@0.985 2-9@-90dBm@0.831 24-45@-94dBm@0.421 0-30@-78dBm@1.000 39-46@-85dBm@0.962 5-41@-79dBm@0.999 31-38@-91dBm@0.760 1-49@-94dBm@0.389 0-27@-70dBm@1.000 29-34@-81dBm@0.987 9-12@-78dBm@1.000 8-30@-88dBm@0.911 19-36@-90dBm@0.839 1-19@-91dBm@0.751 30-36@-90dBm@0.864 6-32@-93dBm@0.625 2-20@-92dBm@0.714 21-39@-92dBm@0.683 11-46@-91dBm@0.743 27-42@-85dBm@0.962 4-35@-94dBm@0.442 18-33@-86dBm@0.955 4-5@-85dBm@0.961 0-2@-90dBm@0.864 34-45@-96dBm@0.189 4-28@-89dBm@0.868 39-41@-82dBm@0.984 24-41@-96dBm@0.127 13-34@-80dBm@0.993 28-43@-95dBm@0.213 11-40@-90dBm@0.843 14-28@-91dBm@0.785 1-41@-89dBm@0.874 30-40@-97dBm@0.023 6-20@-95dBm@0.214 19-24@-89dBm@0.869 27-41@-88dBm@0.936
#aveChargePerCycle runNum=0 0@129.97 1@109.47 2@33.67 3@12.13 4@22.85 5@13.61 6@1.30 7@13.74 8@1.94 9@1.30 10@7.33 11@1.94 12@1.30 13@11.31 14@1.94 15@2.59 16@8.43 17@1.30 18@4.54 19@3.24 20@1.30 21@1.30 22@1.30 23@1.30 24@1.30 25@1.94 26@1.94 27@6.34 28@1.94 29@4.54 30@14.90 31@2.59 32@8.41 33@1.30 34@1.94 35@1.30 36@1.30 37@2.59 38@9.07 39@1.30 40@2.59 41@1.30 42@1.94 43@4.54 44@1.30 45@1.30 46@1.30 47@3.24 48@1.94 49@7.78