## dioPeriod = 1.0
## startTime = 1502276496.31
## numMotes = 50
## otfHousekeepingPeriod = 1.0
## slotframeLength = 101
## squareSide = 2.0
## cpuID = 26
## sixtopPdrThreshold = 1.5
## slotDuration = 0.01
## sixtopNoHousekeeping = 0
## pkPeriodVar = 0.05
## numCyclesPerRun = 100
## numRuns = 1
## otfThreshold = 1
## sixtopNoRemoveWorstCell = 0
## burstTimestamp = 20
## simDataDir = simData
## numChans = 16
## minRssi = -97
## noInterference = 0
## algorithm = local_voting
## numPacketsBurst = 5
## gui = False
## pkPeriod = None
## combinationKeys = ['algorithm', 'numMotes', 'otfThreshold']
## sixtopHousekeepingPeriod = 1.0


# appGenerated appReachesDagroot appRelayed aveHops aveLatency aveQueueDelay chargeConsumed collidedTxs cycle droppedAppFailedEnqueue droppedMacRetries droppedNoRoute droppedNoTxCells droppedQueueFull effectiveCollidedTxs numRxCells numTx numTxCells otfAdd otfRemove probableCollisions rplChurnParentSet rplChurnPrefParent rplChurnRank rplRxDIO rplTxDIO runNum scheduleCollisions topRxRelocatedCells topTxRelocatedBundles topTxRelocatedCells txQueueFill
             0                 0          0       0          0             0              0           0     0                       0                 0              0                0                0                    0          0     0          0      0         0                  0                 0                  0            0        0        0      0                  0                   0                     0                   0           0
             0                 0          0       0          0             0              0           0     1                       0                 0              0                0                0                    0          0     0          0      0         0                  0               132                 54            1      432       50      0                  0                   0                     0                   0           0
             0                 0          0       0          0             0              0           0     2                       0                 0              0                0                0                    0          0     0          0      0         0                  0                 1                 97            1      432       50      0                  0                   0                     0                   0           0
             0                 0          0       0          0             0              0           0     3                       0                 0              0                0                0                    0          0     0          0      0         0                  0                 0                 96            0      432       50      0                  0                   0                     0                   0           0
             0                 0          0       0          0             0              0           0     4                       0                 0              0                0                0                    0          0     0          0      0         0                  0                 0                 96            0      432       50      0                  0                   0                     0                   0           0
             0                 0          0       0          0             0              0           0     5                       0                 0              0                0                0                    0          0     0          0      0         0                  0                 0                 96            0      432       50      0                  0                   0                     0                   0           0
             0                 0          0       0          0             0              0           0     6                       0                 0              0                0                0                    0          0     0          0      0         0                  0                 0                 96            0      432       50      0                  0                   0                     0                   0           0
             0                 0          0       0          0             0              0           0     7                       0                 0              0                0                0                    0          0     0          0      0         0                  0                 0                 96            0      432       50      0                  0                   0                     0                   0           0
             0                 0          0       0          0             0              0           0     8                       0                 0              0                0                0                    0          0     0          0      0         0                  0                 0                 96            0      432       50      0                  0                   0                     0                   0           0
             0                 0          0       0          0             0              0           0     9                       0                 0              0                0                0                    0          0     0          0      0         0                  0                 0                 96            0      432       50      0                  0                   0                     0                   0           0
             0                 0          0       0          0             0              0           0    10                       0                 0              0                0                0                    0          0     0          0      0         0                  0                 0                 96            0      432       50      0                  0                   0                     0                   0           0
             0                 0          0       0          0             0              0           0    11                       0                 0              0                0                0                    0          0     0          0      0         0                  0                 0                 96            0      432       50      0                  0                   0                     0                   0           0
             0                 0          0       0          0             0              0           0    12                       0                 0              0                0                0                    0          0     0          0      0         0                  0                 0                 96            0      432       50      0                  0                   0                     0                   0           0
             0                 0          0       0          0             0              0           0    13                       0                 0              0                0                0                    0          0     0          0      0         0                  0                 0                 96            0      432       50      0                  0                   0                     0                   0           0
             0                 0          0       0          0             0              0           0    14                       0                 0              0                0                0                    0          0     0          0      0         0                  0                 0                 96            0      432       50      0                  0                   0                     0                   0           0
             0                 0          0       0          0             0              0           0    15                       0                 0              0                0                0                    0          0     0          0      0         0                  0                 0                 96            0      432       50      0                  0                   0                     0                   0           0
             0                 0          0       0          0             0              0           0    16                       0                 0              0                0                0                    0          0     0          0      0         0                  0                 0                 96            0      432       50      0                  0                   0                     0                   0           0
             0                 0          0       0          0             0              0           0    17                       0                 0              0                0                0                    0          0     0          0      0         0                  0                 0                 96            0      432       50      0                  0                   0                     0                   0           0
             0                 0          0       0          0             0              0           0    18                       0                 0              0                0                0                    0          0     0          0      0         0                  0                 0                 96            0      432       50      0                  0                   0                     0                   0           0
            49                 0          3       0          0        47.000        693.420           2    19                       0                 0              0                0                0                    0         99     6         99      0         0                  0                 0                 96            0      432       50      0                  1                   0                     0                   0          49
             0                27         37   1.815     80.407      2646.897      15968.200          50    20                       0                 0              0                0                0                    7        300    83        300      0         0                  1                 3                 91           11      432       50      0                 25                   0                     0                   0          22
             0                20         15   2.550    155.000      1318.409      26961.660          20    21                       0                 0              0                0                0                    6        234    71        234      0         0                  1                 6                102           47      431       50      0                 10                   0                     0                   0           2
             0                 0          2       0          0       199.000      32024.140           0    22                       0                 0              0                0                0                    0         81     1         81      0         0                  0                 8                 82           47      432       50      0                  0                   0                     0                   0           2
             0                 2          0   3.000    357.500       188.000      34787.500           0    23                       0                 0              0                0                0                    0         61     8         61      0         0                  0                 8                 97           40      432       50      0                  0                   0                     0                   0           0
             0                 0          0       0          0             0      34984.300           0    24                       0                 0              0                0                0                    0          0     0          0      0         0                  0                18                130           32      432       50      0                  0                   0                     0                   0           0
             0                 0          0       0          0             0      34984.300           0    25                       0                 0              0                0                0                    0          0     0          0      0         0                  0                20                 81           31      432       50      0                  0                   0                     0                   0           0
             0                 0          0       0          0             0      34984.300           0    26                       0                 0              0                0                0                    0          0     0          0      0         0                  0                 0                 89            0      432       50      0                  0                   0                     0                   0           0
             0                 0          0       0          0             0      34984.300           0    27                       0                 0              0                0                0                    0          0     0          0      0         0                  0                 0                 89            0      432       50      0                  0                   0                     0                   0           0
             0                 0          0       0          0             0      34984.300           0    28                       0                 0              0                0                0                    0          0     0          0      0         0                  0                 0                 89            0      432       50      0                  0                   0                     0                   0           0
             0                 0          0       0          0             0      34984.300           0    29                       0                 0              0                0                0                    0          0     0          0      0         0                  0                 0                 89            0      432       50      0                  0                   0                     0                   0           0
             0                 0          0       0          0             0      34984.300           0    30                       0                 0              0                0                0                    0          0     0          0      0         0                  0                 0                 89            0      432       50      0                  0                   0                     0                   0           0
             0                 0          0       0          0             0      34984.300           0    31                       0                 0              0                0                0                    0          0     0          0      0         0                  0                 0                 89            0      432       50      0                  0                   0                     0                   0           0
             0                 0          0       0          0             0      34984.300           0    32                       0                 0              0                0                0                    0          0     0          0      0         0                  0                 0                 89            0      432       50      0                  0                   0                     0                   0           0
             0                 0          0       0          0             0      34984.300           0    33                       0                 0              0                0                0                    0          0     0          0      0         0                  0                 0                 89            0      432       50      0                  0                   0                     0                   0           0
             0                 0          0       0          0             0      34984.300           0    34                       0                 0              0                0                0                    0          0     0          0      0         0                  0                 0                 89            0      432       50      0                  0                   0                     0                   0           0
             0                 0          0       0          0             0      34984.300           0    35                       0                 0              0                0                0                    0          0     0          0      0         0                  0                 0                 89            0      432       50      0                  0                   0                     0                   0           0
             0                 0          0       0          0             0      34984.300           0    36                       0                 0              0                0                0                    0          0     0          0      0         0                  0                 0                 89            0      432       50      0                  0                   0                     0                   0           0
             0                 0          0       0          0             0      34984.300           0    37                       0                 0              0                0                0                    0          0     0          0      0         0                  0                 0                 89            0      432       50      0                  0                   0                     0                   0           0
             0                 0          0       0          0             0      34984.300           0    38                       0                 0              0                0                0                    0          0     0          0      0         0                  0                 0                 89            0      432       50      0                  0                   0                     0                   0           0
             0                 0          0       0          0             0      34984.300           0    39                       0                 0              0                0                0                    0          0     0          0      0         0                  0                 0                 89            0      432       50      0                  0                   0                     0                   0           0
             0                 0          0       0          0             0      34984.300           0    40                       0                 0              0                0                0                    0          0     0          0      0         0                  0                 0                 89            0      432       50      0                  0                   0                     0                   0           0
             0                 0          0       0          0             0      34984.300           0    41                       0                 0              0                0                0                    0          0     0          0      0         0                  0                 0                 89            0      432       50      0                  0                   0                     0                   0           0
             0                 0          0       0          0             0      34984.300           0    42                       0                 0              0                0                0                    0          0     0          0      0         0                  0                 0                 89            0      432       50      0                  0                   0                     0                   0           0
             0                 0          0       0          0             0      34984.300           0    43                       0                 0              0                0                0                    0          0     0          0      0         0                  0                 0                 89            0      432       50      0                  0                   0                     0                   0           0
             0                 0          0       0          0             0      34984.300           0    44                       0                 0              0                0                0                    0          0     0          0      0         0                  0                 0                 89            0      432       50      0                  0                   0                     0                   0           0
             0                 0          0       0          0             0      34984.300           0    45                       0                 0              0                0                0                    0          0     0          0      0         0                  0                 0                 89            0      432       50      0                  0                   0                     0                   0           0
             0                 0          0       0          0             0      34984.300           0    46                       0                 0              0                0                0                    0          0     0          0      0         0                  0                 0                 89            0      432       50      0                  0                   0                     0                   0           0
             0                 0          0       0          0             0      34984.300           0    47                       0                 0              0                0                0                    0          0     0          0      0         0                  0                 0                 89            0      432       50      0                  0                   0                     0                   0           0
             0                 0          0       0          0             0      34984.300           0    48                       0                 0              0                0                0                    0          0     0          0      0         0                  0                 0                 89            0      432       50      0                  0                   0                     0                   0           0
             0                 0          0       0          0             0      34984.300           0    49                       0                 0              0                0                0                    0          0     0          0      0         0                  0                 0                 89            0      432       50      0                  0                   0                     0                   0           0
             0                 0          0       0          0             0      34984.300           0    50                       0                 0              0                0                0                    0          0     0          0      0         0                  0                 0                 89            0      432       50      0                  0                   0                     0                   0           0
             0                 0          0       0          0             0      34984.300           0    51                       0                 0              0                0                0                    0          0     0          0      0         0                  0                 0                 89            0      432       50      0                  0                   0                     0                   0           0
             0                 0          0       0          0             0      34984.300           0    52                       0                 0              0                0                0                    0          0     0          0      0         0                  0                 0                 89            0      432       50      0                  0                   0                     0                   0           0
             0                 0          0       0          0             0      34984.300           0    53                       0                 0              0                0                0                    0          0     0          0      0         0                  0                 0                 89            0      432       50      0                  0                   0                     0                   0           0
             0                 0          0       0          0             0      34984.300           0    54                       0                 0              0                0                0                    0          0     0          0      0         0                  0                 0                 89            0      432       50      0                  0                   0                     0                   0           0
             0                 0          0       0          0             0      34984.300           0    55                       0                 0              0                0                0                    0          0     0          0      0         0                  0                 0                 89            0      432       50      0                  0                   0                     0                   0           0
             0                 0          0       0          0             0      34984.300           0    56                       0                 0              0                0                0                    0          0     0          0      0         0                  0                 0                 89            0      432       50      0                  0                   0                     0                   0           0
             0                 0          0       0          0             0      34984.300           0    57                       0                 0              0                0                0                    0          0     0          0      0         0                  0                 0                 89            0      432       50      0                  0                   0                     0                   0           0
             0                 0          0       0          0             0      34984.300           0    58                       0                 0              0                0                0                    0          0     0          0      0         0                  0                 0                 89            0      432       50      0                  0                   0                     0                   0           0
            49                 6         19   1.333     37.500       699.000      40532.360          26    59                       0                 0              0                0                2                    6        198    38        198      0         0                  2                 0                 89            0      432       50      0                 14                   0                     0                   0          43
             0                23         27   1.913    113.739      2238.000      60676.520          23    60                       0                 0              0                0               42                    3        233   110        233      0         0                  0                 5                 87           45      432       50      0                 12                   0                     0                   0          20
             0                17         10   2.706    215.471      1025.824      71900.500           2    61                       0                 0              0                0               19                    0        173    73        173      0         0                  0                10                 98           54      432       50      0                  1                   1                     0                   0           3
             0                 2          0   2.500    277.000        45.000      74795.840           0    62                       0                 0              0                0                0                    0          0     0          0      0         0                  0                21                 78           47      432       50      0                  0                   0                     0                   0           1
             0                 0          1       0          0       184.000      77200.760           0    63                       0                 0              0                0                0                    0        101     1        101      0         0                  0                 8                 91           26      432       50      0                  0                   0                     0                   0           1
             0                 0          0       0          0             0      77569.760           0    64                       0                 0              0                0                0                    0          0     0          0      0         0                  0                 2                 88            2      432       50      0                  0                   0                     0                   0           1
             0                 0          1       0          0       206.000      79876.280           0    65                       0                 0              0                0                0                    0        101     1        101      0         0                  0                 0                 88            2      432       50      0                  0                   0                     0                   0           1
             0                 1          0   4.000    766.000       189.000      80067.200           0    66                       0                 0              0                0                0                    0        101     1        101      0         0                  0                 1                 88            6      432       50      0                  0                   0                     0                   0           0
             0                 0          0       0          0             0      82428.800           0    67                       0                 0              0                0                0                    0          0     0          0      0         0                  0                 2                 82           25      432       50      0                  0                   0                     0                   0           0
             0                 0          0       0          0             0      82428.800           0    68                       0                 0              0                0                0                    0          0     0          0      0         0                  0                 8                 91           25      432       50      0                  0                   0                     0                   0           0
             0                 0          0       0          0             0      82428.800           0    69                       0                 0              0                0                0                    0          0     0          0      0         0                  0                 2                 88            0      432       50      0                  0                   0                     0                   0           0
             0                 0          0       0          0             0      82428.800           0    70                       0                 0              0                0                0                    0          0     0          0      0         0                  0                 0                 88            0      432       50      0                  0                   0                     0                   0           0
             0                 0          0       0          0             0      82428.800           0    71                       0                 0              0                0                0                    0          0     0          0      0         0                  0                 0                 88            0      432       50      0                  0                   0                     0                   0           0
             0                 0          0       0          0             0      82428.800           0    72                       0                 0              0                0                0                    0          0     0          0      0         0                  0                 0                 88            0      432       50      0                  0                   0                     0                   0           0
             0                 0          0       0          0             0      82428.800           0    73                       0                 0              0                0                0                    0          0     0          0      0         0                  0                 0                 88            0      432       50      0                  0                   0                     0                   0           0
             0                 0          0       0          0             0      82428.800           0    74                       0                 0              0                0                0                    0          0     0          0      0         0                  0                 0                 88            0      432       50      0                  0                   0                     0                   0           0
             0                 0          0       0          0             0      82428.800           0    75                       0                 0              0                0                0                    0          0     0          0      0         0                  0                 0                 88            0      432       50      0                  0                   0                     0                   0           0
             0                 0          0       0          0             0      82428.800           0    76                       0                 0              0                0                0                    0          0     0          0      0         0                  0                 0                 88            0      432       50      0                  0                   0                     0                   0           0
             0                 0          0       0          0             0      82428.800           0    77                       0                 0              0                0                0                    0          0     0          0      0         0                  0                 0                 88            0      432       50      0                  0                   0                     0                   0           0
             0                 0          0       0          0             0      82428.800           0    78                       0                 0              0                0                0                    0          0     0          0      0         0                  0                 0                 88            0      432       50      0                  0                   0                     0                   0           0
             0                 0          0       0          0             0      82428.800           0    79                       0                 0              0                0                0                    0          0     0          0      0         0                  0                 0                 88            0      432       50      0                  0                   0                     0                   0           0
             0                 0          0       0          0             0      82428.800           0    80                       0                 0              0                0                0                    0          0     0          0      0         0                  0                 0                 88            0      432       50      0                  0                   0                     0                   0           0
             0                 0          0       0          0             0      82428.800           0    81                       0                 0              0                0                0                    0          0     0          0      0         0                  0                 0                 88            0      432       50      0                  0                   0                     0                   0           0
             0                 0          0       0          0             0      82428.800           0    82                       0                 0              0                0                0                    0          0     0          0      0         0                  0                 0                 88            0      432       50      0                  0                   0                     0                   0           0
             0                 0          0       0          0             0      82428.800           0    83                       0                 0              0                0                0                    0          0     0          0      0         0                  0                 0                 88            0      432       50      0                  0                   0                     0                   0           0
             0                 0          0       0          0             0      82428.800           0    84                       0                 0              0                0                0                    0          0     0          0      0         0                  0                 0                 88            0      432       50      0                  0                   0                     0                   0           0
             0                 0          0       0          0             0      82428.800           0    85                       0                 0              0                0                0                    0          0     0          0      0         0                  0                 0                 88            0      432       50      0                  0                   0                     0                   0           0
             0                 0          0       0          0             0      82428.800           0    86                       0                 0              0                0                0                    0          0     0          0      0         0                  0                 0                 88            0      432       50      0                  0                   0                     0                   0           0
             0                 0          0       0          0             0      82428.800           0    87                       0                 0              0                0                0                    0          0     0          0      0         0                  0                 0                 88            0      432       50      0                  0                   0                     0                   0           0
             0                 0          0       0          0             0      82428.800           0    88                       0                 0              0                0                0                    0          0     0          0      0         0                  0                 0                 88            0      432       50      0                  0                   0                     0                   0           0
             0                 0          0       0          0             0      82428.800           0    89                       0                 0              0                0                0                    0          0     0          0      0         0                  0                 0                 88            0      432       50      0                  0                   0                     0                   0           0
             0                 0          0       0          0             0      82428.800           0    90                       0                 0              0                0                0                    0          0     0          0      0         0                  0                 0                 88            0      432       50      0                  0                   0                     0                   0           0
             0                 0          0       0          0             0      82428.800           0    91                       0                 0              0                0                0                    0          0     0          0      0         0                  0                 0                 88            0      432       50      0                  0                   0                     0                   0           0
             0                 0          0       0          0             0      82428.800           0    92                       0                 0              0                0                0                    0          0     0          0      0         0                  0                 0                 88            0      432       50      0                  0                   0                     0                   0           0
             0                 0          0       0          0             0      82428.800           0    93                       0                 0              0                0                0                    0          0     0          0      0         0                  0                 0                 88            0      432       50      0                  0                   0                     0                   0           0
             0                 0          0       0          0             0      82428.800           0    94                       0                 0              0                0                0                    0          0     0          0      0         0                  0                 0                 88            0      432       50      0                  0                   0                     0                   0           0
             0                 0          0       0          0             0      82428.800           0    95                       0                 0              0                0                0                    0          0     0          0      0         0                  0                 0                 88            0      432       50      0                  0                   0                     0                   0           0
             0                 0          0       0          0             0      82428.800           0    96                       0                 0              0                0                0                    0          0     0          0      0         0                  0                 0                 88            0      432       50      0                  0                   0                     0                   0           0
             0                 0          0       0          0             0      82428.800           0    97                       0                 0              0                0                0                    0          0     0          0      0         0                  0                 0                 88            0      432       50      0                  0                   0                     0                   0           0
             0                 0          0       0          0             0      82428.800           0    98                       0                 0              0                0                0                    0          0     0          0      0         0                  0                 0                 88            0      432       50      0                  0                   0                     0                   0           0
             0                 0          0       0          0             0      82428.800           0    99                       0                 0              0                0                0                    0          0     0          0      0         0                  0                 0                 88            0      432       50      0                  0                   0                     0                   0           0
#pos runNum=0 0@(1.00000,1.00000)@0 1@(0.91923,1.36399)@853 2@(0.67064,1.19058)@853 3@(0.78040,1.01923)@568 4@(0.82894,1.03756)@853 5@(1.08735,1.22898)@1706 6@(0.68085,1.09071)@853 7@(0.75013,1.05340)@1136 8@(1.06137,1.17860)@1493 9@(1.00570,1.37819)@1421 10@(0.80414,1.10197)@1136 11@(1.00725,1.47118)@1706 12@(0.94554,1.24988)@1421 13@(1.00590,1.33880)@1989 14@(0.81320,1.42252)@1706 15@(1.00559,1.19823)@1584 16@(0.74584,1.23611)@1867 17@(0.76255,1.03463)@1704 18@(0.75507,1.39109)@1584 19@(0.98499,1.30415)@1421 20@(0.89641,1.07633)@1280 21@(1.14365,1.55775)@2274 22@(0.67430,1.14086)@2346 23@(0.97788,1.19701)@853 24@(1.17542,1.13609)@2274 25@(0.79543,1.32281)@2061 26@(1.22657,1.40916)@2346 27@(0.63884,1.23156)@1493 28@(0.75904,0.93393)@1299 29@(0.75661,0.95746)@1208 30@(1.12373,1.40046)@1989 31@(0.57536,0.97804)@1706 32@(0.81283,0.74773)@1867 33@(0.71237,0.78546)@1024 34@(0.71907,1.36032)@1877 35@(0.60286,1.24661)@1421 36@(1.04351,1.47215)@2224 37@(0.98201,1.13829)@1584 38@(0.92830,1.19584)@1421 39@(1.07085,1.04346)@2346 40@(0.74451,1.55728)@1584 41@(0.99084,1.47711)@2274 42@(1.09079,1.34356)@1989 43@(0.81382,0.87824)@568 44@(0.83158,0.74202)@1136 45@(0.56490,1.47229)@2152 46@(1.10955,0.80948)@2437 47@(1.06612,0.99644)@2224 48@(1.05112,1.29413)@1421 49@(0.97984,1.58381)@2914
#links runNum=0 12-39@-92dBm@0.676 14-34@-89dBm@0.894 11-22@-96dBm@0.105 7-37@-95dBm@0.246 39-46@-93dBm@0.571 19-21@-90dBm@0.840 0-2@-93dBm@0.661 19-42@-95dBm@0.300 32-44@-95dBm@0.277 5-26@-90dBm@0.809 35-41@-96dBm@0.124 1-11@-93dBm@0.646 17-29@-92dBm@0.709 18-27@-94dBm@0.345 4-43@-88dBm@0.914 15-19@-89dBm@0.868 7-44@-97dBm@0.023 1-25@-96dBm@0.181 2-34@-93dBm@0.540 13-30@-91dBm@0.728 19-47@-95dBm@0.209 6-9@-93dBm@0.541 5-15@-91dBm@0.726 30-48@-95dBm@0.230 8-10@-93dBm@0.637 25-45@-93dBm@0.646 18-40@-90dBm@0.861 27-34@-86dBm@0.952 7-18@-96dBm@0.176 1-8@-90dBm@0.864 11-17@-95dBm@0.223 11-18@-91dBm@0.784 7-29@-88dBm@0.921 12-19@-90dBm@0.858 29-38@-96dBm@0.095 15-26@-92dBm@0.677 29-44@-93dBm@0.658 27-35@-81dBm@0.985 18-44@-97dBm@0.041 30-36@-96dBm@0.184 38-49@-95dBm@0.237 11-16@-91dBm@0.748 11-37@-93dBm@0.651 1-4@-93dBm@0.649 1-38@-86dBm@0.954 17-33@-96dBm@0.179 3-8@-93dBm@0.592 9-43@-97dBm@0.033 10-15@-91dBm@0.725 9-15@-97dBm@0.012 1-5@-93dBm@0.642 25-35@-89dBm@0.867 7-20@-93dBm@0.652 11-41@-80dBm@0.989 4-7@-90dBm@0.862 5-13@-93dBm@0.645 27-31@-89dBm@0.869 12-48@-97dBm@0.071 17-18@-95dBm@0.265 14-40@-87dBm@0.945 40-49@-94dBm@0.338 3-38@-97dBm@0.016 26-36@-89dBm@0.867 34-38@-89dBm@0.878 13-25@-89dBm@0.865 23-49@-95dBm@0.227 34-40@-95dBm@0.226 3-17@-94dBm@0.358 37-48@-87dBm@0.943 5-11@-89dBm@0.882 8-20@-87dBm@0.946 16-17@-89dBm@0.891 1-40@-91dBm@0.735 9-19@-87dBm@0.945 17-38@-92dBm@0.682 1-2@-91dBm@0.763 12-23@-87dBm@0.948 6-16@-95dBm@0.312 4-10@-93dBm@0.575 6-7@-84dBm@0.974 28-46@-92dBm@0.684 7-14@-94dBm@0.421 1-12@-88dBm@0.934 11-21@-91dBm@0.777 0-23@-92dBm@0.681 16-26@-96dBm@0.171 5-43@-94dBm@0.449 16-25@-87dBm@0.946 3-7@-88dBm@0.936 8-37@-91dBm@0.784 10-38@-87dBm@0.939 11-36@-95dBm@0.209 17-43@-95dBm@0.228 38-41@-97dBm@0.022 10-18@-93dBm@0.549 8-22@-93dBm@0.642 17-22@-93dBm@0.650 36-42@-93dBm@0.523 0-41@-97dBm@0.048 29-46@-95dBm@0.274 15-48@-96dBm@0.086 9-16@-93dBm@0.640 2-6@-91dBm@0.731 1-9@-81dBm@0.987 22-31@-93dBm@0.578 7-16@-91dBm@0.753 3-6@-91dBm@0.780 2-12@-92dBm@0.674 4-38@-92dBm@0.663 26-38@-94dBm@0.416 24-39@-88dBm@0.928 2-20@-97dBm@0.048 16-20@-89dBm@0.870 40-41@-90dBm@0.838 4-35@-95dBm@0.236 32-33@-86dBm@0.952 18-45@-87dBm@0.942 9-30@-83dBm@0.974 4-28@-86dBm@0.958 6-10@-87dBm@0.938 33-37@-96dBm@0.141 14-25@-87dBm@0.940 5-24@-88dBm@0.933 2-3@-89dBm@0.870 29-33@-88dBm@0.914 29-32@-90dBm@0.865 3-10@-82dBm@0.985 6-18@-92dBm@0.664 5-29@-96dBm@0.172 4-6@-88dBm@0.934 16-27@-81dBm@0.987 9-41@-96dBm@0.188 11-14@-89dBm@0.883 26-30@-92dBm@0.692 2-5@-93dBm@0.552 12-16@-93dBm@0.608 10-39@-92dBm@0.676 21-36@-88dBm@0.907 15-38@-88dBm@0.936 36-45@-95dBm@0.310 36-49@-87dBm@0.943 5-8@-80dBm@0.991 1-19@-79dBm@0.997 4-14@-92dBm@0.680 18-47@-94dBm@0.329 47-48@-90dBm@0.862 0-4@-93dBm@0.621 14-18@-88dBm@0.913 6-29@-87dBm@0.942 16-47@-94dBm@0.398 8-9@-87dBm@0.944 9-42@-86dBm@0.953 15-49@-96dBm@0.152 5-27@-96dBm@0.090 27-49@-94dBm@0.335 9-25@-90dBm@0.862 10-25@-96dBm@0.169 14-29@-97dBm@0.032 6-31@-92dBm@0.667 18-34@-94dBm@0.357 0-49@-96dBm@0.174 11-25@-93dBm@0.591 16-37@-95dBm@0.271 3-35@-92dBm@0.713 39-42@-92dBm@0.708 13-26@-94dBm@0.499 5-12@-89dBm@0.890 2-35@-84dBm@0.971 22-25@-91dBm@0.726 11-34@-92dBm@0.690 1-45@-96dBm@0.119 16-22@-88dBm@0.936 14-31@-96dBm@0.189 6-27@-89dBm@0.886 29-43@-83dBm@0.974 10-34@-90dBm@0.830 8-38@-96dBm@0.129 9-37@-92dBm@0.664 23-28@-94dBm@0.435 19-23@-92dBm@0.703 6-37@-91dBm@0.776 30-49@-92dBm@0.684 2-15@-96dBm@0.172 12-25@-87dBm@0.945 3-28@-91dBm@0.735 8-40@-94dBm@0.330 8-42@-95dBm@0.290 10-14@-92dBm@0.710 19-48@-95dBm@0.283 15-20@-89dBm@0.870 13-48@-79dBm@0.998 8-29@-95dBm@0.208 16-31@-96dBm@0.140 15-41@-91dBm@0.799 19-27@-91dBm@0.735 8-24@-89dBm@0.892 17-25@-95dBm@0.208 28-43@-83dBm@0.979 20-27@-91dBm@0.783 12-47@-94dBm@0.462 10-43@-96dBm@0.159 0-33@-94dBm@0.504 33-43@-92dBm@0.694 10-13@-92dBm@0.662 18-41@-92dBm@0.713 6-38@-95dBm@0.220 40-45@-87dBm@0.938 22-39@-95dBm@0.200 9-11@-92dBm@0.683 17-45@-95dBm@0.254 11-20@-97dBm@0.044 2-17@-97dBm@0.055 8-34@-94dBm@0.396 17-35@-91dBm@0.736 13-22@-96dBm@0.183 3-4@-86dBm@0.955 17-30@-95dBm@0.228 8-23@-90dBm@0.851 0-3@-88dBm@0.937 10-32@-91dBm@0.728 12-13@-84dBm@0.974 3-29@-90dBm@0.837 15-23@-94dBm@0.357 10-35@-94dBm@0.404 10-46@-95dBm@0.205 6-15@-91dBm@0.734 22-28@-91dBm@0.796 5-39@-90dBm@0.862 10-19@-97dBm@0.062 10-41@-95dBm@0.308 23-44@-96dBm@0.186 15-25@-94dBm@0.460 1-18@-91dBm@0.764 0-1@-93dBm@0.626 20-28@-89dBm@0.869 8-47@-91dBm@0.746 31-32@-95dBm@0.308 8-36@-91dBm@0.761 39-47@-87dBm@0.940 20-47@-92dBm@0.680 0-6@-93dBm@0.646 20-41@-96dBm@0.135 4-29@-86dBm@0.958 9-12@-89dBm@0.887 37-38@-93dBm@0.525 0-20@-94dBm@0.407 19-37@-85dBm@0.966 9-21@-92dBm@0.663 1-3@-92dBm@0.709 8-49@-95dBm@0.307 6-17@-91dBm@0.741 10-17@-79dBm@1.000 24-42@-94dBm@0.474 43-44@-83dBm@0.976 4-5@-93dBm@0.623 0-43@-88dBm@0.916 7-17@-81dBm@0.985 33-44@-87dBm@0.939 22-38@-91dBm@0.730 17-34@-94dBm@0.402 1-48@-87dBm@0.942 4-20@-80dBm@0.990 15-46@-93dBm@0.646 21-49@-90dBm@0.861 37-49@-94dBm@0.467 19-24@-90dBm@0.861 28-32@-92dBm@0.680
#aveChargePerCycle runNum=0 0@179.17 1@216.60 2@15.31 3@47.37 4@7.08 5@32.63 6@57.19 7@12.00 8@31.56 9@61.41 10@7.82 11@8.69 12@8.23 13@1.94 14@3.24 15@12.16 16@3.24 17@4.54 18@12.67 19@1.30 20@4.54 21@27.22 22@2.59 23@1.94 24@1.30 25@1.30 26@1.94 27@1.30 28@1.30 29@3.89 30@1.30 31@1.94 32@1.30 33@3.24 34@1.94 35@1.30 36@1.30 37@1.94 38@1.30 39@1.30 40@9.72 41@1.94 42@1.30 43@8.07 44@1.30 45@1.94 46@5.19 47@1.94 48@1.94 49@2.59