## dioPeriod = 1.0
## startTime = 1502276500.62
## numMotes = 50
## otfHousekeepingPeriod = 1.0
## slotframeLength = 101
## squareSide = 2.0
## cpuID = 51
## sixtopPdrThreshold = 1.5
## slotDuration = 0.01
## sixtopNoHousekeeping = 0
## pkPeriodVar = 0.05
## numCyclesPerRun = 100
## numRuns = 1
## otfThreshold = 1
## sixtopNoRemoveWorstCell = 0
## burstTimestamp = 20
## simDataDir = simData
## numChans = 16
## minRssi = -97
## noInterference = 0
## algorithm = local_voting
## numPacketsBurst = 5
## gui = False
## pkPeriod = None
## combinationKeys = ['algorithm', 'numMotes', 'otfThreshold']
## sixtopHousekeepingPeriod = 1.0


# appGenerated appReachesDagroot appRelayed aveHops aveLatency aveQueueDelay chargeConsumed collidedTxs cycle droppedAppFailedEnqueue droppedMacRetries droppedNoRoute droppedNoTxCells droppedQueueFull effectiveCollidedTxs numRxCells numTx numTxCells otfAdd otfRemove probableCollisions rplChurnParentSet rplChurnPrefParent rplChurnRank rplRxDIO rplTxDIO runNum scheduleCollisions topRxRelocatedCells topTxRelocatedBundles topTxRelocatedCells txQueueFill
             0                 0          0       0          0             0              0           0     0                       0                 0              0                0                0                    0          0     0          0      0         0                  0                 0                  0            0        0        0      0                  0                   0                     0                   0           0
             0                 0          0       0          0             0              0           0     1                       0                 0              0                0                0                    0          0     0          0      0         0                  0               138                 85            2      512       50      0                  0                   0                     0                   0           0
             0                 0          0       0          0             0              0           0     2                       0                 0              0                0                0                    0          0     0          0      0         0                  0                 0                121            0      512       50      0                  0                   0                     0                   0           0
             0                 0          0       0          0             0              0           0     3                       0                 0              0                0                0                    0          0     0          0      0         0                  0                 0                121            0      512       50      0                  0                   0                     0                   0           0
             0                 0          0       0          0             0              0           0     4                       0                 0              0                0                0                    0          0     0          0      0         0                  0                 0                121            0      512       50      0                  0                   0                     0                   0           0
             0                 0          0       0          0             0              0           0     5                       0                 0              0                0                0                    0          0     0          0      0         0                  0                 0                121            0      512       50      0                  0                   0                     0                   0           0
             0                 0          0       0          0             0              0           0     6                       0                 0              0                0                0                    0          0     0          0      0         0                  0                 0                121            0      512       50      0                  0                   0                     0                   0           0
             0                 0          0       0          0             0              0           0     7                       0                 0              0                0                0                    0          0     0          0      0         0                  0                 0                121            0      512       50      0                  0                   0                     0                   0           0
             0                 0          0       0          0             0              0           0     8                       0                 0              0                0                0                    0          0     0          0      0         0                  0                 0                121            0      512       50      0                  0                   0                     0                   0           0
             0                 0          0       0          0             0              0           0     9                       0                 0              0                0                0                    0          0     0          0      0         0                  0                 0                121            0      512       50      0                  0                   0                     0                   0           0
             0                 0          0       0          0             0              0           0    10                       0                 0              0                0                0                    0          0     0          0      0         0                  0                 0                121            0      512       50      0                  0                   0                     0                   0           0
             0                 0          0       0          0             0              0           0    11                       0                 0              0                0                0                    0          0     0          0      0         0                  0                 0                121            0      512       50      0                  0                   0                     0                   0           0
             0                 0          0       0          0             0              0           0    12                       0                 0              0                0                0                    0          0     0          0      0         0                  0                 0                121            0      512       50      0                  0                   0                     0                   0           0
             0                 0          0       0          0             0              0           0    13                       0                 0              0                0                0                    0          0     0          0      0         0                  0                 0                121            0      512       50      0                  0                   0                     0                   0           0
             0                 0          0       0          0             0              0           0    14                       0                 0              0                0                0                    0          0     0          0      0         0                  0                 0                121            0      512       50      0                  0                   0                     0                   0           0
             0                 0          0       0          0             0              0           0    15                       0                 0              0                0                0                    0          0     0          0      0         0                  0                 0                121            0      512       50      0                  0                   0                     0                   0           0
             0                 0          0       0          0             0              0           0    16                       0                 0              0                0                0                    0          0     0          0      0         0                  0                 0                121            0      512       50      0                  0                   0                     0                   0           0
             0                 0          0       0          0             0              0           0    17                       0                 0              0                0                0                    0          0     0          0      0         0                  0                 0                121            0      512       50      0                  0                   0                     0                   0           0
             0                 0          0       0          0             0              0           0    18                       0                 0              0                0                0                    0          0     0          0      0         0                  0                 0                121            0      512       50      0                  0                   0                     0                   0           0
            49                 1          2   1.000     12.000        20.000        653.200           0    19                       0                 0              0                0                0                    0         58     5         58      0         0                  0                 0                121            0      512       50      0                  0                   0                     0                   0          48
             0                30         36   1.733     78.600      2875.812      14883.400          41    20                       0                 0              0                0                0                   12        323    79        323      0         0                  2                 1                125            5      512       50      0                 21                   1                     0                   0          18
             0                16          7   2.250    143.312       719.958      23223.840           2    21                       0                 0              0                0                0                    1         76     7         76      0         0                  0                 7                136           47      511       50      0                  1                   0                     0                   0           2
             0                 2          2   3.500    290.000       317.500      26617.380           0    22                       0                 0              0                0                0                    0         50     2         50      0         0                  0                 8                127           46      512       50      0                  0                   0                     0                   0           0
             0                 0          0       0          0             0      27306.180           0    23                       0                 0              0                0                0                    0          0     0          0      0         0                  0                 6                121           18      512       50      0                  0                   0                     0                   0           0
             0                 0          0       0          0             0      27306.180           0    24                       0                 0              0                0                0                    0          0     0          0      0         0                  0                 6                121           17      512       50      0                  0                   0                     0                   0           0
             0                 0          0       0          0             0      27306.180           0    25                       0                 0              0                0                0                    0          0     0          0      0         0                  0                 0                121            0      512       50      0                  0                   0                     0                   0           0
             0                 0          0       0          0             0      27306.180           0    26                       0                 0              0                0                0                    0          0     0          0      0         0                  0                 0                121            0      512       50      0                  0                   0                     0                   0           0
             0                 0          0       0          0             0      27306.180           0    27                       0                 0              0                0                0                    0          0     0          0      0         0                  0                 0                121            0      512       50      0                  0                   0                     0                   0           0
             0                 0          0       0          0             0      27306.180           0    28                       0                 0              0                0                0                    0          0     0          0      0         0                  0                 0                121            0      512       50      0                  0                   0                     0                   0           0
             0                 0          0       0          0             0      27306.180           0    29                       0                 0              0                0                0                    0          0     0          0      0         0                  0                 0                121            0      512       50      0                  0                   0                     0                   0           0
             0                 0          0       0          0             0      27306.180           0    30                       0                 0              0                0                0                    0          0     0          0      0         0                  0                 0                121            0      512       50      0                  0                   0                     0                   0           0
             0                 0          0       0          0             0      27306.180           0    31                       0                 0              0                0                0                    0          0     0          0      0         0                  0                 0                121            0      512       50      0                  0                   0                     0                   0           0
             0                 0          0       0          0             0      27306.180           0    32                       0                 0              0                0                0                    0          0     0          0      0         0                  0                 0                121            0      512       50      0                  0                   0                     0                   0           0
             0                 0          0       0          0             0      27306.180           0    33                       0                 0              0                0                0                    0          0     0          0      0         0                  0                 0                121            0      512       50      0                  0                   0                     0                   0           0
             0                 0          0       0          0             0      27306.180           0    34                       0                 0              0                0                0                    0          0     0          0      0         0                  0                 0                121            0      512       50      0                  0                   0                     0                   0           0
             0                 0          0       0          0             0      27306.180           0    35                       0                 0              0                0                0                    0          0     0          0      0         0                  0                 0                121            0      512       50      0                  0                   0                     0                   0           0
             0                 0          0       0          0             0      27306.180           0    36                       0                 0              0                0                0                    0          0     0          0      0         0                  0                 0                121            0      512       50      0                  0                   0                     0                   0           0
             0                 0          0       0          0             0      27306.180           0    37                       0                 0              0                0                0                    0          0     0          0      0         0                  0                 0                121            0      512       50      0                  0                   0                     0                   0           0
             0                 0          0       0          0             0      27306.180           0    38                       0                 0              0                0                0                    0          0     0          0      0         0                  0                 0                121            0      512       50      0                  0                   0                     0                   0           0
             0                 0          0       0          0             0      27306.180           0    39                       0                 0              0                0                0                    0          0     0          0      0         0                  0                 0                121            0      512       50      0                  0                   0                     0                   0           0
             0                 0          0       0          0             0      27306.180           0    40                       0                 0              0                0                0                    0          0     0          0      0         0                  0                 0                121            0      512       50      0                  0                   0                     0                   0           0
             0                 0          0       0          0             0      27306.180           0    41                       0                 0              0                0                0                    0          0     0          0      0         0                  0                 0                121            0      512       50      0                  0                   0                     0                   0           0
             0                 0          0       0          0             0      27306.180           0    42                       0                 0              0                0                0                    0          0     0          0      0         0                  0                 0                121            0      512       50      0                  0                   0                     0                   0           0
             0                 0          0       0          0             0      27306.180           0    43                       0                 0              0                0                0                    0          0     0          0      0         0                  0                 0                121            0      512       50      0                  0                   0                     0                   0           0
             0                 0          0       0          0             0      27306.180           0    44                       0                 0              0                0                0                    0          0     0          0      0         0                  0                 0                121            0      512       50      0                  0                   0                     0                   0           0
             0                 0          0       0          0             0      27306.180           0    45                       0                 0              0                0                0                    0          0     0          0      0         0                  0                 0                121            0      512       50      0                  0                   0                     0                   0           0
             0                 0          0       0          0             0      27306.180           0    46                       0                 0              0                0                0                    0          0     0          0      0         0                  0                 0                121            0      512       50      0                  0                   0                     0                   0           0
             0                 0          0       0          0             0      27306.180           0    47                       0                 0              0                0                0                    0          0     0          0      0         0                  0                 0                121            0      512       50      0                  0                   0                     0                   0           0
             0                 0          0       0          0             0      27306.180           0    48                       0                 0              0                0                0                    0          0     0          0      0         0                  0                 0                121            0      512       50      0                  0                   0                     0                   0           0
             0                 0          0       0          0             0      27306.180           0    49                       0                 0              0                0                0                    0          0     0          0      0         0                  0                 0                121            0      512       50      0                  0                   0                     0                   0           0
             0                 0          0       0          0             0      27306.180           0    50                       0                 0              0                0                0                    0          0     0          0      0         0                  0                 0                121            0      512       50      0                  0                   0                     0                   0           0
             0                 0          0       0          0             0      27306.180           0    51                       0                 0              0                0                0                    0          0     0          0      0         0                  0                 0                121            0      512       50      0                  0                   0                     0                   0           0
             0                 0          0       0          0             0      27306.180           0    52                       0                 0              0                0                0                    0          0     0          0      0         0                  0                 0                121            0      512       50      0                  0                   0                     0                   0           0
             0                 0          0       0          0             0      27306.180           0    53                       0                 0              0                0                0                    0          0     0          0      0         0                  0                 0                121            0      512       50      0                  0                   0                     0                   0           0
             0                 0          0       0          0             0      27306.180           0    54                       0                 0              0                0                0                    0          0     0          0      0         0                  0                 0                121            0      512       50      0                  0                   0                     0                   0           0
             0                 0          0       0          0             0      27306.180           0    55                       0                 0              0                0                0                    0          0     0          0      0         0                  0                 0                121            0      512       50      0                  0                   0                     0                   0           0
             0                 0          0       0          0             0      27306.180           0    56                       0                 0              0                0                0                    0          0     0          0      0         0                  0                 0                121            0      512       50      0                  0                   0                     0                   0           0
             0                 0          0       0          0             0      27306.180           0    57                       0                 0              0                0                0                    0          0     0          0      0         0                  0                 0                121            0      512       50      0                  0                   0                     0                   0           0
             0                 0          0       0          0             0      27306.180           0    58                       0                 0              0                0                0                    0          0     0          0      0         0                  0                 0                121            0      512       50      0                  0                   0                     0                   0           0
            49                 6         16   1.333     46.667       745.500      31776.640          12    59                       0                 0              0                0                0                    3        183    33        183      0         0                  1                 0                121            0      512       50      0                  6                   0                     0                   0          43
             0                42         31   2.024    104.976      2463.517      48662.700          22    60                       0                 0              0                0                0                    7        221    78        221      0         0                  2                 3                125           32      512       50      0                 11                   2                     0                   0           1
             0                 1          0   3.000    161.000        27.000      50600.220           0    61                       0                 0              0                0                0                    0          0     0          0      0         0                  0                10                144           49      512       50      0                  0                   2                     0                   0           0
             0                 0          0       0          0             0      50600.220           0    62                       0                 0              0                0                0                    0          0     0          0      0         0                  0                 4                118           39      512       50      0                  0                   0                     0                   0           0
             0                 0          0       0          0             0      50600.220           0    63                       0                 0              0                0                0                    0          0     0          0      0         0                  0                 3                115            0      512       50      0                  0                   0                     0                   0           0
             0                 0          0       0          0             0      50600.220           0    64                       0                 0              0                0                0                    0          0     0          0      0         0                  0                 0                115            0      512       50      0                  0                   0                     0                   0           0
             0                 0          0       0          0             0      50600.220           0    65                       0                 0              0                0                0                    0          0     0          0      0         0                  0                 0                115            0      512       50      0                  0                   0                     0                   0           0
             0                 0          0       0          0             0      50600.220           0    66                       0                 0              0                0                0                    0          0     0          0      0         0                  0                 0                115            0      512       50      0                  0                   0                     0                   0           0
             0                 0          0       0          0             0      50600.220           0    67                       0                 0              0                0                0                    0          0     0          0      0         0                  0                 0                115            0      512       50      0                  0                   0                     0                   0           0
             0                 0          0       0          0             0      50600.220           0    68                       0                 0              0                0                0                    0          0     0          0      0         0                  0                 0                115            0      512       50      0                  0                   0                     0                   0           0
             0                 0          0       0          0             0      50600.220           0    69                       0                 0              0                0                0                    0          0     0          0      0         0                  0                 0                115            0      512       50      0                  0                   0                     0                   0           0
             0                 0          0       0          0             0      50600.220           0    70                       0                 0              0                0                0                    0          0     0          0      0         0                  0                 0                115            0      512       50      0                  0                   0                     0                   0           0
             0                 0          0       0          0             0      50600.220           0    71                       0                 0              0                0                0                    0          0     0          0      0         0                  0                 0                115            0      512       50      0                  0                   0                     0                   0           0
             0                 0          0       0          0             0      50600.220           0    72                       0                 0              0                0                0                    0          0     0          0      0         0                  0                 0                115            0      512       50      0                  0                   0                     0                   0           0
             0                 0          0       0          0             0      50600.220           0    73                       0                 0              0                0                0                    0          0     0          0      0         0                  0                 0                115            0      512       50      0                  0                   0                     0                   0           0
             0                 0          0       0          0             0      50600.220           0    74                       0                 0              0                0                0                    0          0     0          0      0         0                  0                 0                115            0      512       50      0                  0                   0                     0                   0           0
             0                 0          0       0          0             0      50600.220           0    75                       0                 0              0                0                0                    0          0     0          0      0         0                  0                 0                115            0      512       50      0                  0                   0                     0                   0           0
             0                 0          0       0          0             0      50600.220           0    76                       0                 0              0                0                0                    0          0     0          0      0         0                  0                 0                115            0      512       50      0                  0                   0                     0                   0           0
             0                 0          0       0          0             0      50600.220           0    77                       0                 0              0                0                0                    0          0     0          0      0         0                  0                 0                115            0      512       50      0                  0                   0                     0                   0           0
             0                 0          0       0          0             0      50600.220           0    78                       0                 0              0                0                0                    0          0     0          0      0         0                  0                 0                115            0      512       50      0                  0                   0                     0                   0           0
             0                 0          0       0          0             0      50600.220           0    79                       0                 0              0                0                0                    0          0     0          0      0         0                  0                 0                115            0      512       50      0                  0                   0                     0                   0           0
             0                 0          0       0          0             0      50600.220           0    80                       0                 0              0                0                0                    0          0     0          0      0         0                  0                 0                115            0      512       50      0                  0                   0                     0                   0           0
             0                 0          0       0          0             0      50600.220           0    81                       0                 0              0                0                0                    0          0     0          0      0         0                  0                 0                115            0      512       50      0                  0                   0                     0                   0           0
             0                 0          0       0          0             0      50600.220           0    82                       0                 0              0                0                0                    0          0     0          0      0         0                  0                 0                115            0      512       50      0                  0                   0                     0                   0           0
             0                 0          0       0          0             0      50600.220           0    83                       0                 0              0                0                0                    0          0     0          0      0         0                  0                 0                115            0      512       50      0                  0                   0                     0                   0           0
             0                 0          0       0          0             0      50600.220           0    84                       0                 0              0                0                0                    0          0     0          0      0         0                  0                 0                115            0      512       50      0                  0                   0                     0                   0           0
             0                 0          0       0          0             0      50600.220           0    85                       0                 0              0                0                0                    0          0     0          0      0         0                  0                 0                115            0      512       50      0                  0                   0                     0                   0           0
             0                 0          0       0          0             0      50600.220           0    86                       0                 0              0                0                0                    0          0     0          0      0         0                  0                 0                115            0      512       50      0                  0                   0                     0                   0           0
             0                 0          0       0          0             0      50600.220           0    87                       0                 0              0                0                0                    0          0     0          0      0         0                  0                 0                115            0      512       50      0                  0                   0                     0                   0           0
             0                 0          0       0          0             0      50600.220           0    88                       0                 0              0                0                0                    0          0     0          0      0         0                  0                 0                115            0      512       50      0                  0                   0                     0                   0           0
             0                 0          0       0          0             0      50600.220           0    89                       0                 0              0                0                0                    0          0     0          0      0         0                  0                 0                115            0      512       50      0                  0                   0                     0                   0           0
             0                 0          0       0          0             0      50600.220           0    90                       0                 0              0                0                0                    0          0     0          0      0         0                  0                 0                115            0      512       50      0                  0                   0                     0                   0           0
             0                 0          0       0          0             0      50600.220           0    91                       0                 0              0                0                0                    0          0     0          0      0         0                  0                 0                115            0      512       50      0                  0                   0                     0                   0           0
             0                 0          0       0          0             0      50600.220           0    92                       0                 0              0                0                0                    0          0     0          0      0         0                  0                 0                115            0      512       50      0                  0                   0                     0                   0           0
             0                 0          0       0          0             0      50600.220           0    93                       0                 0              0                0                0                    0          0     0          0      0         0                  0                 0                115            0      512       50      0                  0                   0                     0                   0           0
             0                 0          0       0          0             0      50600.220           0    94                       0                 0              0                0                0                    0          0     0          0      0         0                  0                 0                115            0      512       50      0                  0                   0                     0                   0           0
             0                 0          0       0          0             0      50600.220           0    95                       0                 0              0                0                0                    0          0     0          0      0         0                  0                 0                115            0      512       50      0                  0                   0                     0                   0           0
             0                 0          0       0          0             0      50600.220           0    96                       0                 0              0                0                0                    0          0     0          0      0         0                  0                 0                115            0      512       50      0                  0                   0                     0                   0           0
             0                 0          0       0          0             0      50600.220           0    97                       0                 0              0                0                0                    0          0     0          0      0         0                  0                 0                115            0      512       50      0                  0                   0                     0                   0           0
             0                 0          0       0          0             0      50600.220           0    98                       0                 0              0                0                0                    0          0     0          0      0         0                  0                 0                115            0      512       50      0                  0                   0                     0                   0           0
             0                 0          0       0          0             0      50600.220           0    99                       0                 0              0                0                0                    0          0     0          0      0         0                  0                 0                115            0      512       50      0                  0                   0                     0                   0           0
#pos runNum=0 0@(1.00000,1.00000)@0 1@(0.95072,1.20513)@731 2@(1.04645,1.07917)@568 3@(1.03485,1.02519)@512 4@(1.01393,1.06294)@512 5@(0.93945,1.02087)@568 6@(0.94276,1.19462)@1243 7@(1.04527,0.97670)@568 8@(0.91893,1.03911)@640 9@(1.07516,1.15598)@1365 10@(1.01213,1.08154)@568 11@(1.26437,1.06627)@1421 12@(0.95187,0.99704)@1706 13@(1.26519,0.94667)@1208 14@(1.10238,0.89174)@1208 15@(1.30991,1.13435)@1421 16@(1.08054,0.91069)@1493 17@(1.02684,0.80783)@1243 18@(1.20362,0.79018)@1243 19@(1.19363,0.94541)@1592 20@(0.92503,1.10205)@1136 21@(1.00715,1.05693)@1136 22@(1.10476,1.17606)@1136 23@(0.98178,1.08377)@1136 24@(1.09093,0.94588)@1299 25@(1.04192,1.30183)@1811 26@(1.26111,0.82198)@1989 27@(0.90396,1.02686)@568 28@(1.12718,1.07565)@1208 29@(1.23163,0.98109)@1989 30@(0.92215,1.27008)@1365 31@(1.08105,0.85171)@1299 32@(0.88014,1.44759)@1811 33@(1.32423,0.97013)@1592 34@(0.70837,1.05197)@1536 35@(0.80994,1.47178)@1974 36@(0.83812,1.05266)@1024 37@(1.17211,0.80345)@1365 38@(1.00536,0.96793)@1421 39@(0.75236,1.42933)@2160 40@(0.84651,1.43484)@1371 41@(1.24830,0.95627)@1421 42@(1.06597,1.18788)@1299 43@(0.96791,0.97404)@1421 44@(1.30136,0.77286)@2061 45@(1.30878,1.05062)@1421 46@(1.17927,1.14828)@1299 47@(1.43626,0.78776)@2232 48@(0.78073,0.88272)@1493 49@(1.52205,0.98186)@2629
#links runNum=0 11-14@-90dBm@0.863 31-45@-94dBm@0.397 11-16@-95dBm@0.193 24-28@-90dBm@0.840 4-15@-94dBm@0.370 23-24@-96dBm@0.092 12-16@-92dBm@0.673 39-40@-97dBm@0.046 2-22@-84dBm@0.970 4-12@-82dBm@0.984 4-37@-92dBm@0.689 35-40@-92dBm@0.674 22-32@-95dBm@0.217 38-48@-95dBm@0.256 9-13@-92dBm@0.703 11-29@-80dBm@0.988 3-7@-93dBm@0.655 18-44@-94dBm@0.514 13-41@-95dBm@0.278 5-20@-91dBm@0.795 5-6@-88dBm@0.936 3-40@-96dBm@0.150 29-49@-90dBm@0.839 5-27@-79dBm@0.997 16-41@-87dBm@0.941 30-32@-89dBm@0.868 20-27@-92dBm@0.717 8-17@-89dBm@0.876 7-28@-93dBm@0.636 15-46@-88dBm@0.934 5-12@-95dBm@0.207 9-19@-92dBm@0.700 16-26@-97dBm@0.015 2-4@-75dBm@1.000 9-21@-93dBm@0.566 6-28@-96dBm@0.090 3-11@-91dBm@0.741 2-29@-96dBm@0.181 3-14@-95dBm@0.276 12-36@-91dBm@0.763 3-4@-90dBm@0.863 8-15@-97dBm@0.030 8-20@-87dBm@0.938 20-44@-94dBm@0.351 33-41@-95dBm@0.302 7-9@-88dBm@0.933 32-34@-93dBm@0.561 19-30@-93dBm@0.537 6-27@-93dBm@0.651 22-33@-92dBm@0.716 41-48@-95dBm@0.226 14-16@-82dBm@0.985 13-37@-86dBm@0.957 12-34@-93dBm@0.584 9-37@-94dBm@0.502 24-29@-84dBm@0.971 17-18@-92dBm@0.699 21-23@-91dBm@0.745 30-38@-90dBm@0.856 7-22@-88dBm@0.929 45-47@-92dBm@0.677 12-43@-80dBm@0.993 9-22@-72dBm@1.000 7-24@-91dBm@0.733 40-46@-95dBm@0.232 35-39@-82dBm@0.984 2-26@-96dBm@0.153 16-35@-96dBm@0.131 36-48@-91dBm@0.745 1-36@-96dBm@0.173 36-41@-93dBm@0.642 21-27@-87dBm@0.948 9-15@-96dBm@0.166 4-18@-92dBm@0.708 17-37@-84dBm@0.974 23-26@-93dBm@0.581 14-25@-96dBm@0.176 5-8@-78dBm@1.000 9-28@-89dBm@0.899 19-23@-92dBm@0.681 10-14@-88dBm@0.926 26-47@-90dBm@0.864 8-43@-83dBm@0.976 15-29@-90dBm@0.852 5-31@-95dBm@0.248 21-39@-93dBm@0.592 0-48@-95dBm@0.219 0-10@-86dBm@0.958 5-42@-94dBm@0.411 22-28@-90dBm@0.864 4-11@-96dBm@0.102 6-32@-88dBm@0.902 25-32@-92dBm@0.671 4-30@-91dBm@0.725 30-35@-89dBm@0.871 4-10@-94dBm@0.441 2-19@-94dBm@0.514 4-27@-81dBm@0.985 11-26@-88dBm@0.921 8-49@-97dBm@0.022 28-46@-83dBm@0.978 8-16@-92dBm@0.667 18-28@-95dBm@0.215 30-43@-93dBm@0.660 47-49@-89dBm@0.868 8-48@-93dBm@0.606 7-44@-94dBm@0.354 8-38@-92dBm@0.675 12-24@-89dBm@0.878 19-31@-97dBm@0.014 10-24@-96dBm@0.156 6-8@-87dBm@0.942 7-23@-84dBm@0.974 3-30@-92dBm@0.700 1-46@-88dBm@0.934 38-40@-96dBm@0.080 3-34@-93dBm@0.552 3-41@-92dBm@0.670 2-30@-97dBm@0.025 23-34@-94dBm@0.449 28-30@-95dBm@0.239 3-20@-93dBm@0.648 13-17@-96dBm@0.077 2-41@-92dBm@0.699 20-28@-87dBm@0.940 2-12@-83dBm@0.976 5-17@-91dBm@0.739 10-15@-92dBm@0.700 0-12@-94dBm@0.340 28-41@-93dBm@0.563 16-20@-90dBm@0.865 5-28@-89dBm@0.866 21-38@-86dBm@0.950 6-23@-90dBm@0.862 6-11@-96dBm@0.099 8-25@-96dBm@0.129 32-46@-97dBm@0.004 10-38@-87dBm@0.949 11-41@-87dBm@0.947 6-10@-90dBm@0.862 15-28@-92dBm@0.685 2-3@-77dBm@1.000 10-27@-85dBm@0.967 2-21@-87dBm@0.938 9-23@-91dBm@0.780 27-41@-92dBm@0.681 12-26@-96dBm@0.082 21-48@-93dBm@0.603 12-28@-93dBm@0.640 3-6@-91dBm@0.737 29-42@-93dBm@0.637 1-42@-82dBm@0.985 2-43@-92dBm@0.683 3-38@-95dBm@0.315 32-42@-94dBm@0.394 6-22@-89dBm@0.866 18-43@-92dBm@0.678 17-20@-92dBm@0.670 28-43@-90dBm@0.861 5-26@-94dBm@0.329 25-29@-92dBm@0.693 15-45@-84dBm@0.969 0-5@-85dBm@0.961 8-42@-95dBm@0.199 1-2@-86dBm@0.958 10-36@-88dBm@0.936 0-4@-78dBm@1.000 3-12@-96dBm@0.172 4-43@-97dBm@0.040 29-31@-89dBm@0.868 2-23@-79dBm@0.999 19-27@-91dBm@0.766 4-17@-92dBm@0.709 4-36@-85dBm@0.959 23-30@-90dBm@0.829 1-3@-93dBm@0.661 19-47@-97dBm@0.048 1-44@-97dBm@0.045 40-43@-95dBm@0.197 7-21@-96dBm@0.093 5-21@-91dBm@0.726 21-41@-92dBm@0.701 31-41@-92dBm@0.708 21-31@-92dBm@0.705 0-8@-90dBm@0.835 2-13@-90dBm@0.862 22-40@-92dBm@0.691 38-43@-95dBm@0.307 0-7@-81dBm@0.985 17-38@-97dBm@0.045 7-38@-84dBm@0.970 31-37@-91dBm@0.775 9-43@-93dBm@0.653 22-39@-96dBm@0.169 0-2@-85dBm@0.959 14-38@-92dBm@0.712 23-29@-95dBm@0.304 10-11@-91dBm@0.728 4-42@-89dBm@0.873 6-35@-91dBm@0.723 12-30@-92dBm@0.676 25-42@-88dBm@0.935 13-33@-92dBm@0.670 4-5@-90dBm@0.842 12-23@-94dBm@0.492 4-19@-93dBm@0.550 37-44@-91dBm@0.719 20-40@-92dBm@0.674 4-21@-71dBm@1.000 7-33@-93dBm@0.543 14-26@-93dBm@0.650 11-15@-86dBm@0.953 5-7@-95dBm@0.234 1-7@-90dBm@0.806 5-30@-89dBm@0.868 14-44@-95dBm@0.251 16-17@-96dBm@0.156 2-11@-92dBm@0.671 11-25@-91dBm@0.758 5-45@-92dBm@0.663 8-13@-92dBm@0.680 12-48@-96dBm@0.118 30-39@-88dBm@0.908 14-24@-85dBm@0.960 32-35@-89dBm@0.867 2-5@-89dBm@0.866 15-24@-90dBm@0.810 2-27@-86dBm@0.957 22-41@-91dBm@0.728 8-27@-83dBm@0.974 16-19@-82dBm@0.985 2-38@-93dBm@0.615 11-45@-77dBm@1.000 20-36@-91dBm@0.796 1-40@-89dBm@0.877 12-38@-95dBm@0.223 7-10@-87dBm@0.941 10-20@-90dBm@0.829 42-46@-92dBm@0.683 7-43@-86dBm@0.951 10-46@-94dBm@0.482 7-46@-94dBm@0.443 0-29@-95dBm@0.217 0-3@-79dBm@1.000 13-47@-93dBm@0.600 1-20@-94dBm@0.347 17-19@-90dBm@0.814 9-42@-81dBm@0.987 28-42@-87dBm@0.939 26-31@-92dBm@0.704 3-9@-93dBm@0.636 21-30@-88dBm@0.928 22-29@-95dBm@0.197 1-28@-95dBm@0.281 1-6@-77dBm@1.000 41-46@-89dBm@0.883 4-26@-94dBm@0.356 22-46@-86dBm@0.954 19-37@-87dBm@0.944 13-42@-92dBm@0.709 13-15@-87dBm@0.938 39-46@-95dBm@0.275 6-25@-86dBm@0.953 12-14@-92dBm@0.666 7-31@-91dBm@0.789 0-1@-91dBm@0.753 21-25@-92dBm@0.678 6-45@-93dBm@0.527 5-23@-96dBm@0.115 9-48@-97dBm@0.028 29-46@-92dBm@0.683 0-6@-97dBm@0.002 8-23@-79dBm@1.000 16-29@-96dBm@0.102 0-27@-87dBm@0.938 29-33@-95dBm@0.249 45-49@-89dBm@0.866 19-25@-93dBm@0.553 9-12@-90dBm@0.835 9-25@-93dBm@0.640 1-19@-95dBm@0.239 2-20@-88dBm@0.934 19-29@-75dBm@1.000 18-26@-81dBm@0.985 26-46@-93dBm@0.637 34-38@-93dBm@0.543 2-31@-91dBm@0.735 12-21@-93dBm@0.601 23-43@-84dBm@0.974 2-10@-91dBm@0.743 41-44@-89dBm@0.868 2-42@-90dBm@0.862 27-37@-95dBm@0.319 10-12@-81dBm@0.985 5-14@-90dBm@0.865 14-28@-91dBm@0.719 14-42@-93dBm@0.598 21-46@-96dBm@0.191 25-46@-91dBm@0.750 0-36@-93dBm@0.578 6-9@-91dBm@0.767 16-18@-92dBm@0.690
#aveChargePerCycle runNum=0 0@133.42 1@37.84 2@84.51 3@17.43 4@17.67 5@17.58 6@18.16 7@21.12 8@15.49 9@1.94 10@6.34 11@32.21 12@2.59 13@8.80 14@1.30 15@1.94 16@3.89 17@1.94 18@1.94 19@3.24 20@1.30 21@7.08 22@1.94 23@1.30 24@1.94 25@1.30 26@5.83 27@1.30 28@1.30 29@7.33 30@3.24 31@1.94 32@1.30 33@2.59 34@3.24 35@1.30 36@1.94 37@1.94 38@1.94 39@1.94 40@1.30 41@3.24 42@1.30 43@1.94 44@8.43 45@1.94 46@1.30 47@1.30 48@1.94 49@1.94