## dioPeriod = 1.0
## startTime = 1502276499.31
## numMotes = 50
## otfHousekeepingPeriod = 1.0
## slotframeLength = 101
## squareSide = 2.0
## cpuID = 41
## sixtopPdrThreshold = 1.5
## slotDuration = 0.01
## sixtopNoHousekeeping = 0
## pkPeriodVar = 0.05
## numCyclesPerRun = 100
## numRuns = 1
## otfThreshold = 1
## sixtopNoRemoveWorstCell = 0
## burstTimestamp = 20
## simDataDir = simData
## numChans = 16
## minRssi = -97
## noInterference = 0
## algorithm = local_voting
## numPacketsBurst = 5
## gui = False
## pkPeriod = None
## combinationKeys = ['algorithm', 'numMotes', 'otfThreshold']
## sixtopHousekeepingPeriod = 1.0


# appGenerated appReachesDagroot appRelayed aveHops aveLatency aveQueueDelay chargeConsumed collidedTxs cycle droppedAppFailedEnqueue droppedMacRetries droppedNoRoute droppedNoTxCells droppedQueueFull effectiveCollidedTxs numRxCells numTx numTxCells otfAdd otfRemove probableCollisions rplChurnParentSet rplChurnPrefParent rplChurnRank rplRxDIO rplTxDIO runNum scheduleCollisions topRxRelocatedCells topTxRelocatedBundles topTxRelocatedCells txQueueFill
             0                 0          0       0          0             0              0           0     0                       0                 0              0                0                0                    0          0     0          0      0         0                  0                 0                  0            0        0        0      0                  0                   0                     0                   0           0
             0                 0          0       0          0             0              0           0     1                       0                 0              0                0                0                    0          0     0          0      0         0                  0               137                 79            2      528       50      0                  0                   0                     0                   0           0
             0                 0          0       0          0             0              0           0     2                       0                 0              0                0                0                    0          0     0          0      0         0                  0                 0                125            0      528       50      0                  0                   0                     0                   0           0
             0                 0          0       0          0             0              0           0     3                       0                 0              0                0                0                    0          0     0          0      0         0                  0                 0                125            0      528       50      0                  0                   0                     0                   0           0
             0                 0          0       0          0             0              0           0     4                       0                 0              0                0                0                    0          0     0          0      0         0                  0                 0                125            0      528       50      0                  0                   0                     0                   0           0
             0                 0          0       0          0             0              0           0     5                       0                 0              0                0                0                    0          0     0          0      0         0                  0                 0                125            0      528       50      0                  0                   0                     0                   0           0
             0                 0          0       0          0             0              0           0     6                       0                 0              0                0                0                    0          0     0          0      0         0                  0                 0                125            0      528       50      0                  0                   0                     0                   0           0
             0                 0          0       0          0             0              0           0     7                       0                 0              0                0                0                    0          0     0          0      0         0                  0                 0                125            0      528       50      0                  0                   0                     0                   0           0
             0                 0          0       0          0             0              0           0     8                       0                 0              0                0                0                    0          0     0          0      0         0                  0                 0                125            0      528       50      0                  0                   0                     0                   0           0
             0                 0          0       0          0             0              0           0     9                       0                 0              0                0                0                    0          0     0          0      0         0                  0                 0                125            0      528       50      0                  0                   0                     0                   0           0
             0                 0          0       0          0             0              0           0    10                       0                 0              0                0                0                    0          0     0          0      0         0                  0                 0                125            0      528       50      0                  0                   0                     0                   0           0
             0                 0          0       0          0             0              0           0    11                       0                 0              0                0                0                    0          0     0          0      0         0                  0                 0                125            0      528       50      0                  0                   0                     0                   0           0
             0                 0          0       0          0             0              0           0    12                       0                 0              0                0                0                    0          0     0          0      0         0                  0                 0                125            0      528       50      0                  0                   0                     0                   0           0
             0                 0          0       0          0             0              0           0    13                       0                 0              0                0                0                    0          0     0          0      0         0                  0                 0                125            0      528       50      0                  0                   0                     0                   0           0
             0                 0          0       0          0             0              0           0    14                       0                 0              0                0                0                    0          0     0          0      0         0                  0                 0                125            0      528       50      0                  0                   0                     0                   0           0
             0                 0          0       0          0             0              0           0    15                       0                 0              0                0                0                    0          0     0          0      0         0                  0                 0                125            0      528       50      0                  0                   0                     0                   0           0
             0                 0          0       0          0             0              0           0    16                       0                 0              0                0                0                    0          0     0          0      0         0                  0                 0                125            0      528       50      0                  0                   0                     0                   0           0
             0                 0          0       0          0             0              0           0    17                       0                 0              0                0                0                    0          0     0          0      0         0                  0                 0                125            0      528       50      0                  0                   0                     0                   0           0
             0                 0          0       0          0             0              0           0    18                       0                 0              0                0                0                    0          0     0          0      0         0                  0                 0                125            0      528       50      0                  0                   0                     0                   0           0
            49                 1          3   1.000     14.000        33.000        656.300           2    19                       0                 0              0                0                0                    1         55     5         55      0         0                  0                 0                125            0      528       50      0                  1                   0                     0                   0          48
             0                36         31   1.722     89.639      2923.046      13959.480          29    20                       0                 0              0                0                0                   10        256    75        256      0         0                  2                 1                125            5      528       50      0                 15                   0                     0                   0          12
             0                11          4   1.909    168.182       780.500      19437.520           0    21                       0                 0              0                0                0                    0         94     5         94      0         0                  0                 7                116           45      528       50      0                  0                   1                     0                   0           1
             0                 1          0   3.000    263.000       114.000      21587.460           0    22                       0                 0              0                0                0                    0          7     2          7      0         0                  0                 8                129           49      528       50      0                  0                   0                     0                   0           0
             0                 0          0       0          0             0      21661.260           0    23                       0                 0              0                0                0                    0          0     0          0      0         0                  0                 3                130           18      528       50      0                  0                   0                     0                   0           0
             0                 0          0       0          0             0      21661.260           0    24                       0                 0              0                0                0                    0          0     0          0      0         0                  0                 4                125           11      528       50      0                  0                   0                     0                   0           0
             0                 0          0       0          0             0      21661.260           0    25                       0                 0              0                0                0                    0          0     0          0      0         0                  0                 0                125            0      528       50      0                  0                   0                     0                   0           0
             0                 0          0       0          0             0      21661.260           0    26                       0                 0              0                0                0                    0          0     0          0      0         0                  0                 0                125            0      528       50      0                  0                   0                     0                   0           0
             0                 0          0       0          0             0      21661.260           0    27                       0                 0              0                0                0                    0          0     0          0      0         0                  0                 0                125            0      528       50      0                  0                   0                     0                   0           0
             0                 0          0       0          0             0      21661.260           0    28                       0                 0              0                0                0                    0          0     0          0      0         0                  0                 0                125            0      528       50      0                  0                   0                     0                   0           0
             0                 0          0       0          0             0      21661.260           0    29                       0                 0              0                0                0                    0          0     0          0      0         0                  0                 0                125            0      528       50      0                  0                   0                     0                   0           0
             0                 0          0       0          0             0      21661.260           0    30                       0                 0              0                0                0                    0          0     0          0      0         0                  0                 0                125            0      528       50      0                  0                   0                     0                   0           0
             0                 0          0       0          0             0      21661.260           0    31                       0                 0              0                0                0                    0          0     0          0      0         0                  0                 0                125            0      528       50      0                  0                   0                     0                   0           0
             0                 0          0       0          0             0      21661.260           0    32                       0                 0              0                0                0                    0          0     0          0      0         0                  0                 0                125            0      528       50      0                  0                   0                     0                   0           0
             0                 0          0       0          0             0      21661.260           0    33                       0                 0              0                0                0                    0          0     0          0      0         0                  0                 0                125            0      528       50      0                  0                   0                     0                   0           0
             0                 0          0       0          0             0      21661.260           0    34                       0                 0              0                0                0                    0          0     0          0      0         0                  0                 0                125            0      528       50      0                  0                   0                     0                   0           0
             0                 0          0       0          0             0      21661.260           0    35                       0                 0              0                0                0                    0          0     0          0      0         0                  0                 0                125            0      528       50      0                  0                   0                     0                   0           0
             0                 0          0       0          0             0      21661.260           0    36                       0                 0              0                0                0                    0          0     0          0      0         0                  0                 0                125            0      528       50      0                  0                   0                     0                   0           0
             0                 0          0       0          0             0      21661.260           0    37                       0                 0              0                0                0                    0          0     0          0      0         0                  0                 0                125            0      528       50      0                  0                   0                     0                   0           0
             0                 0          0       0          0             0      21661.260           0    38                       0                 0              0                0                0                    0          0     0          0      0         0                  0                 0                125            0      528       50      0                  0                   0                     0                   0           0
             0                 0          0       0          0             0      21661.260           0    39                       0                 0              0                0                0                    0          0     0          0      0         0                  0                 0                125            0      528       50      0                  0                   0                     0                   0           0
             0                 0          0       0          0             0      21661.260           0    40                       0                 0              0                0                0                    0          0     0          0      0         0                  0                 0                125            0      528       50      0                  0                   0                     0                   0           0
             0                 0          0       0          0             0      21661.260           0    41                       0                 0              0                0                0                    0          0     0          0      0         0                  0                 0                125            0      528       50      0                  0                   0                     0                   0           0
             0                 0          0       0          0             0      21661.260           0    42                       0                 0              0                0                0                    0          0     0          0      0         0                  0                 0                125            0      528       50      0                  0                   0                     0                   0           0
             0                 0          0       0          0             0      21661.260           0    43                       0                 0              0                0                0                    0          0     0          0      0         0                  0                 0                125            0      528       50      0                  0                   0                     0                   0           0
             0                 0          0       0          0             0      21661.260           0    44                       0                 0              0                0                0                    0          0     0          0      0         0                  0                 0                125            0      528       50      0                  0                   0                     0                   0           0
             0                 0          0       0          0             0      21661.260           0    45                       0                 0              0                0                0                    0          0     0          0      0         0                  0                 0                125            0      528       50      0                  0                   0                     0                   0           0
             0                 0          0       0          0             0      21661.260           0    46                       0                 0              0                0                0                    0          0     0          0      0         0                  0                 0                125            0      528       50      0                  0                   0                     0                   0           0
             0                 0          0       0          0             0      21661.260           0    47                       0                 0              0                0                0                    0          0     0          0      0         0                  0                 0                125            0      528       50      0                  0                   0                     0                   0           0
             0                 0          0       0          0             0      21661.260           0    48                       0                 0              0                0                0                    0          0     0          0      0         0                  0                 0                125            0      528       50      0                  0                   0                     0                   0           0
             0                 0          0       0          0             0      21661.260           0    49                       0                 0              0                0                0                    0          0     0          0      0         0                  0                 0                125            0      528       50      0                  0                   0                     0                   0           0
             0                 0          0       0          0             0      21661.260           0    50                       0                 0              0                0                0                    0          0     0          0      0         0                  0                 0                125            0      528       50      0                  0                   0                     0                   0           0
             0                 0          0       0          0             0      21661.260           0    51                       0                 0              0                0                0                    0          0     0          0      0         0                  0                 0                125            0      528       50      0                  0                   0                     0                   0           0
             0                 0          0       0          0             0      21661.260           0    52                       0                 0              0                0                0                    0          0     0          0      0         0                  0                 0                125            0      528       50      0                  0                   0                     0                   0           0
             0                 0          0       0          0             0      21661.260           0    53                       0                 0              0                0                0                    0          0     0          0      0         0                  0                 0                125            0      528       50      0                  0                   0                     0                   0           0
             0                 0          0       0          0             0      21661.260           0    54                       0                 0              0                0                0                    0          0     0          0      0         0                  0                 0                125            0      528       50      0                  0                   0                     0                   0           0
             0                 0          0       0          0             0      21661.260           0    55                       0                 0              0                0                0                    0          0     0          0      0         0                  0                 0                125            0      528       50      0                  0                   0                     0                   0           0
             0                 0          0       0          0             0      21661.260           0    56                       0                 0              0                0                0                    0          0     0          0      0         0                  0                 0                125            0      528       50      0                  0                   0                     0                   0           0
             0                 0          0       0          0             0      21661.260           0    57                       0                 0              0                0                0                    0          0     0          0      0         0                  0                 0                125            0      528       50      0                  0                   0                     0                   0           0
             0                 0          0       0          0             0      21661.260           0    58                       0                 0              0                0                0                    0          0     0          0      0         0                  0                 0                125            0      528       50      0                  0                   0                     0                   0           0
            49                 8          9   1.125     34.625       523.500      24806.160          16    59                       0                 0              0                0                0                    4        164    20        164      0         0                  0                 0                125            0      528       50      0                  8                   0                     0                   0          41
             0                36         28   1.833    107.278      2873.893      39106.680          16    60                       0                 0              0                0                0                    1        187    59        187      0         0                  2                 6                121           34      528       50      0                  8                   0                     0                   0           5
             0                 5          0   2.200    206.000       216.750      42232.720           0    61                       0                 0              0                0                0                    0         84    16         84      0         0                  0                 6                117           45      528       50      0                  0                   0                     0                   0           0
             0                 0          0       0          0             0      43142.920           0    62                       0                 0              0                0                0                    0          0     0          0      0         0                  0                 7                118           41      528       50      0                  0                   0                     0                   0           0
             0                 0          0       0          0             0      43142.920           0    63                       0                 0              0                0                0                    0          0     0          0      0         0                  0                 5                121           15      528       50      0                  0                   0                     0                   0           0
             0                 0          0       0          0             0      43142.920           0    64                       0                 0              0                0                0                    0          0     0          0      0         0                  0                 2                121            0      528       50      0                  0                   0                     0                   0           0
             0                 0          0       0          0             0      43142.920           0    65                       0                 0              0                0                0                    0          0     0          0      0         0                  0                 0                121            0      528       50      0                  0                   0                     0                   0           0
             0                 0          0       0          0             0      43142.920           0    66                       0                 0              0                0                0                    0          0     0          0      0         0                  0                 0                121            0      528       50      0                  0                   0                     0                   0           0
             0                 0          0       0          0             0      43142.920           0    67                       0                 0              0                0                0                    0          0     0          0      0         0                  0                 0                121            0      528       50      0                  0                   0                     0                   0           0
             0                 0          0       0          0             0      43142.920           0    68                       0                 0              0                0                0                    0          0     0          0      0         0                  0                 0                121            0      528       50      0                  0                   0                     0                   0           0
             0                 0          0       0          0             0      43142.920           0    69                       0                 0              0                0                0                    0          0     0          0      0         0                  0                 0                121            0      528       50      0                  0                   0                     0                   0           0
             0                 0          0       0          0             0      43142.920           0    70                       0                 0              0                0                0                    0          0     0          0      0         0                  0                 0                121            0      528       50      0                  0                   0                     0                   0           0
             0                 0          0       0          0             0      43142.920           0    71                       0                 0              0                0                0                    0          0     0          0      0         0                  0                 0                121            0      528       50      0                  0                   0                     0                   0           0
             0                 0          0       0          0             0      43142.920           0    72                       0                 0              0                0                0                    0          0     0          0      0         0                  0                 0                121            0      528       50      0                  0                   0                     0                   0           0
             0                 0          0       0          0             0      43142.920           0    73                       0                 0              0                0                0                    0          0     0          0      0         0                  0                 0                121            0      528       50      0                  0                   0                     0                   0           0
             0                 0          0       0          0             0      43142.920           0    74                       0                 0              0                0                0                    0          0     0          0      0         0                  0                 0                121            0      528       50      0                  0                   0                     0                   0           0
             0                 0          0       0          0             0      43142.920           0    75                       0                 0              0                0                0                    0          0     0          0      0         0                  0                 0                121            0      528       50      0                  0                   0                     0                   0           0
             0                 0          0       0          0             0      43142.920           0    76                       0                 0              0                0                0                    0          0     0          0      0         0                  0                 0                121            0      528       50      0                  0                   0                     0                   0           0
             0                 0          0       0          0             0      43142.920           0    77                       0                 0              0                0                0                    0          0     0          0      0         0                  0                 0                121            0      528       50      0                  0                   0                     0                   0           0
             0                 0          0       0          0             0      43142.920           0    78                       0                 0              0                0                0                    0          0     0          0      0         0                  0                 0                121            0      528       50      0                  0                   0                     0                   0           0
             0                 0          0       0          0             0      43142.920           0    79                       0                 0              0                0                0                    0          0     0          0      0         0                  0                 0                121            0      528       50      0                  0                   0                     0                   0           0
             0                 0          0       0          0             0      43142.920           0    80                       0                 0              0                0                0                    0          0     0          0      0         0                  0                 0                121            0      528       50      0                  0                   0                     0                   0           0
             0                 0          0       0          0             0      43142.920           0    81                       0                 0              0                0                0                    0          0     0          0      0         0                  0                 0                121            0      528       50      0                  0                   0                     0                   0           0
             0                 0          0       0          0             0      43142.920           0    82                       0                 0              0                0                0                    0          0     0          0      0         0                  0                 0                121            0      528       50      0                  0                   0                     0                   0           0
             0                 0          0       0          0             0      43142.920           0    83                       0                 0              0                0                0                    0          0     0          0      0         0                  0                 0                121            0      528       50      0                  0                   0                     0                   0           0
             0                 0          0       0          0             0      43142.920           0    84                       0                 0              0                0                0                    0          0     0          0      0         0                  0                 0                121            0      528       50      0                  0                   0                     0                   0           0
             0                 0          0       0          0             0      43142.920           0    85                       0                 0              0                0                0                    0          0     0          0      0         0                  0                 0                121            0      528       50      0                  0                   0                     0                   0           0
             0                 0          0       0          0             0      43142.920           0    86                       0                 0              0                0                0                    0          0     0          0      0         0                  0                 0                121            0      528       50      0                  0                   0                     0                   0           0
             0                 0          0       0          0             0      43142.920           0    87                       0                 0              0                0                0                    0          0     0          0      0         0                  0                 0                121            0      528       50      0                  0                   0                     0                   0           0
             0                 0          0       0          0             0      43142.920           0    88                       0                 0              0                0                0                    0          0     0          0      0         0                  0                 0                121            0      528       50      0                  0                   0                     0                   0           0
             0                 0          0       0          0             0      43142.920           0    89                       0                 0              0                0                0                    0          0     0          0      0         0                  0                 0                121            0      528       50      0                  0                   0                     0                   0           0
             0                 0          0       0          0             0      43142.920           0    90                       0                 0              0                0                0                    0          0     0          0      0         0                  0                 0                121            0      528       50      0                  0                   0                     0                   0           0
             0                 0          0       0          0             0      43142.920           0    91                       0                 0              0                0                0                    0          0     0          0      0         0                  0                 0                121            0      528       50      0                  0                   0                     0                   0           0
             0                 0          0       0          0             0      43142.920           0    92                       0                 0              0                0                0                    0          0     0          0      0         0                  0                 0                121            0      528       50      0                  0                   0                     0                   0           0
             0                 0          0       0          0             0      43142.920           0    93                       0                 0              0                0                0                    0          0     0          0      0         0                  0                 0                121            0      528       50      0                  0                   0                     0                   0           0
             0                 0          0       0          0             0      43142.920           0    94                       0                 0              0                0                0                    0          0     0          0      0         0                  0                 0                121            0      528       50      0                  0                   0                     0                   0           0
             0                 0          0       0          0             0      43142.920           0    95                       0                 0              0                0                0                    0          0     0          0      0         0                  0                 0                121            0      528       50      0                  0                   0                     0                   0           0
             0                 0          0       0          0             0      43142.920           0    96                       0                 0              0                0                0                    0          0     0          0      0         0                  0                 0                121            0      528       50      0                  0                   0                     0                   0           0
             0                 0          0       0          0             0      43142.920           0    97                       0                 0              0                0                0                    0          0     0          0      0         0                  0                 0                121            0      528       50      0                  0                   0                     0                   0           0
             0                 0          0       0          0             0      43142.920           0    98                       0                 0              0                0                0                    0          0     0          0      0         0                  0                 0                121            0      528       50      0                  0                   0                     0                   0           0
             0                 0          0       0          0             0      43142.920           0    99                       0                 0              0                0                0                    0          0     0          0      0         0                  0                 0                121            0      528       50      0                  0                   0                     0                   0           0
#pos runNum=0 0@(1.00000,1.00000)@0 1@(0.83329,0.93943)@568 2@(0.85403,0.95200)@568 3@(0.88582,0.85088)@568 4@(0.89315,1.07270)@568 5@(1.04305,0.80366)@853 6@(0.95827,0.93587)@853 7@(0.80657,0.91810)@1080 8@(0.71138,1.10308)@1208 9@(0.75569,0.98386)@1299 10@(0.97243,0.84765)@853 11@(0.97020,0.79567)@568 12@(0.51473,0.92466)@1592 13@(0.80351,0.86225)@1592 14@(0.94482,1.17166)@568 15@(0.92012,0.87732)@1136 16@(0.69396,1.02978)@1024 17@(0.66237,1.00872)@853 18@(0.91174,0.98732)@1136 19@(0.56663,1.01846)@1299 20@(0.95151,0.96164)@1365 21@(0.71890,1.05525)@1280 22@(0.85638,0.84736)@1299 23@(0.59269,1.04303)@1208 24@(1.15149,0.84115)@1592 25@(0.76755,0.99411)@1136 26@(0.50168,1.17599)@1592 27@(0.93109,0.99823)@1493 28@(1.15889,0.94947)@1706 29@(1.05383,1.00247)@512 30@(1.09285,1.04340)@1208 31@(0.92810,0.65678)@1421 32@(0.38752,0.94669)@1584 33@(0.93056,0.65826)@1208 34@(0.79757,0.73213)@1208 35@(0.85750,1.10930)@1299 36@(0.96780,0.93095)@568 37@(1.00610,0.95105)@1421 38@(0.45815,0.85781)@1939 39@(0.83348,0.91916)@1080 40@(1.24663,0.88489)@1493 41@(0.72576,0.76879)@1208 42@(0.60356,1.19528)@1848 43@(1.27486,1.04204)@640 44@(0.81522,1.20087)@1592 45@(0.79209,0.69072)@1989 46@(0.69763,0.71800)@1299 47@(0.75291,0.98332)@1136 48@(0.87679,0.77862)@731 49@(1.25078,1.06670)@1848
#links runNum=0 0-17@-92dBm@0.682 16-23@-90dBm@0.864 9-18@-88dBm@0.935 33-48@-84dBm@0.968 18-22@-85dBm@0.960 17-19@-83dBm@0.977 4-15@-91dBm@0.764 1-21@-85dBm@0.966 20-45@-93dBm@0.587 11-15@-89dBm@0.865 4-8@-91dBm@0.754 14-27@-86dBm@0.959 1-24@-93dBm@0.558 7-26@-93dBm@0.660 1-10@-89dBm@0.881 30-44@-91dBm@0.760 2-8@-89dBm@0.878 40-43@-96dBm@0.081 3-23@-92dBm@0.690 13-14@-93dBm@0.618 3-7@-89dBm@0.868 9-16@-89dBm@0.879 7-30@-93dBm@0.578 8-42@-90dBm@0.864 11-35@-96dBm@0.077 7-12@-94dBm@0.513 18-49@-94dBm@0.326 21-23@-82dBm@0.981 25-48@-91dBm@0.770 7-41@-90dBm@0.842 39-46@-93dBm@0.572 21-32@-92dBm@0.704 16-39@-89dBm@0.867 12-45@-93dBm@0.641 19-47@-91dBm@0.722 28-43@-84dBm@0.974 18-20@-96dBm@0.144 6-9@-86dBm@0.950 18-24@-96dBm@0.111 2-48@-94dBm@0.335 13-48@-81dBm@0.985 11-39@-88dBm@0.937 36-37@-97dBm@0.002 15-47@-94dBm@0.394 1-7@-73dBm@1.000 23-25@-91dBm@0.783 10-13@-87dBm@0.938 9-25@-92dBm@0.664 13-41@-89dBm@0.869 3-4@-89dBm@0.876 7-22@-92dBm@0.691 4-16@-90dBm@0.861 21-41@-92dBm@0.663 26-42@-93dBm@0.652 7-9@-93dBm@0.661 21-49@-95dBm@0.271 2-22@-91dBm@0.729 43-49@-82dBm@0.983 0-43@-90dBm@0.865 9-40@-96dBm@0.080 12-27@-95dBm@0.274 32-34@-95dBm@0.199 5-18@-93dBm@0.595 11-27@-90dBm@0.813 11-20@-94dBm@0.411 6-40@-95dBm@0.281 9-21@-79dBm@1.000 24-48@-89dBm@0.868 7-47@-96dBm@0.110 23-31@-95dBm@0.199 1-4@-86dBm@0.951 0-21@-94dBm@0.432 11-14@-93dBm@0.562 3-8@-90dBm@0.862 2-7@-81dBm@0.986 14-33@-97dBm@0.060 13-26@-93dBm@0.526 11-24@-89dBm@0.878 4-25@-84dBm@0.974 13-17@-88dBm@0.933 18-29@-93dBm@0.656 18-25@-94dBm@0.334 4-7@-86dBm@0.957 1-39@-72dBm@1.000 3-27@-97dBm@0.049 18-37@-86dBm@0.957 21-22@-88dBm@0.908 14-40@-93dBm@0.656 18-27@-79dBm@1.000 27-40@-97dBm@0.069 17-26@-88dBm@0.935 10-47@-91dBm@0.793 12-42@-92dBm@0.668 20-35@-96dBm@0.176 22-39@-95dBm@0.214 31-41@-89dBm@0.900 0-48@-92dBm@0.706 1-35@-91dBm@0.741 0-10@-93dBm@0.610 9-38@-90dBm@0.830 10-27@-95dBm@0.208 3-33@-90dBm@0.807 13-19@-96dBm@0.166 0-16@-93dBm@0.531 4-30@-89dBm@0.896 20-43@-93dBm@0.540 4-10@-90dBm@0.854 1-46@-91dBm@0.775 42-44@-90dBm@0.855 27-49@-93dBm@0.522 18-33@-91dBm@0.747 24-44@-97dBm@0.038 9-14@-95dBm@0.208 7-20@-91dBm@0.775 14-21@-93dBm@0.597 8-16@-96dBm@0.123 29-44@-95dBm@0.204 9-47@-70dBm@1.000 15-32@-97dBm@0.011 16-25@-94dBm@0.378 18-40@-93dBm@0.537 7-13@-76dBm@1.000 10-40@-90dBm@0.840 17-38@-94dBm@0.364 10-36@-92dBm@0.714 0-46@-96dBm@0.103 18-31@-93dBm@0.645 13-31@-90dBm@0.862 4-39@-94dBm@0.324 21-47@-86dBm@0.951 2-19@-91dBm@0.754 2-49@-94dBm@0.465 2-6@-90dBm@0.858 35-48@-93dBm@0.645 1-9@-92dBm@0.704 19-22@-97dBm@0.044 4-29@-86dBm@0.957 18-39@-95dBm@0.225 3-44@-93dBm@0.569 2-41@-89dBm@0.897 2-12@-93dBm@0.532 5-17@-94dBm@0.388 19-39@-93dBm@0.647 14-29@-89dBm@0.880 38-48@-93dBm@0.648 10-22@-96dBm@0.080 20-36@-89dBm@0.890 0-37@-95dBm@0.288 16-47@-90dBm@0.838 19-25@-94dBm@0.482 6-11@-84dBm@0.969 12-37@-97dBm@0.018 24-27@-96dBm@0.183 10-28@-89dBm@0.866 21-45@-95dBm@0.214 20-21@-96dBm@0.139 19-35@-96dBm@0.092 2-47@-87dBm@0.948 3-10@-94dBm@0.369 33-34@-91dBm@0.753 9-23@-87dBm@0.941 2-15@-85dBm@0.961 37-48@-97dBm@0.038 7-8@-94dBm@0.449 47-48@-96dBm@0.161 16-20@-97dBm@0.058 11-48@-82dBm@0.984 12-41@-89dBm@0.885 3-22@-77dBm@1.000 28-36@-93dBm@0.623 4-49@-92dBm@0.671 8-35@-87dBm@0.938 10-31@-87dBm@0.941 17-37@-91dBm@0.751 22-30@-93dBm@0.622 12-19@-82dBm@0.983 26-39@-93dBm@0.626 6-19@-97dBm@0.041 37-47@-88dBm@0.902 0-5@-93dBm@0.659 7-35@-90dBm@0.823 35-47@-93dBm@0.602 1-2@-72dBm@1.000 20-22@-95dBm@0.240 17-42@-87dBm@0.943 0-4@-83dBm@0.979 17-45@-95dBm@0.293 3-34@-89dBm@0.896 2-23@-89dBm@0.871 5-48@-92dBm@0.677 1-25@-83dBm@0.974 31-34@-84dBm@0.973 24-33@-94dBm@0.386 21-27@-93dBm@0.655 1-3@-87dBm@0.948 3-24@-96dBm@0.080 17-25@-95dBm@0.226 22-44@-93dBm@0.639 1-37@-92dBm@0.687 10-24@-91dBm@0.793 37-39@-92dBm@0.708 16-48@-95dBm@0.216 14-17@-94dBm@0.413 14-36@-95dBm@0.232 15-22@-94dBm@0.328 22-47@-96dBm@0.172 10-11@-90dBm@0.825 5-28@-92dBm@0.697 0-14@-88dBm@0.936 8-12@-96dBm@0.134 33-37@-96dBm@0.077 5-11@-79dBm@1.000 0-2@-88dBm@0.928 16-21@-77dBm@1.000 2-25@-82dBm@0.985 14-19@-94dBm@0.393 44-47@-93dBm@0.639 4-22@-88dBm@0.933 29-30@-97dBm@0.022 2-36@-85dBm@0.963 4-43@-95dBm@0.195 25-43@-95dBm@0.230 15-18@-94dBm@0.360 0-11@-87dBm@0.940 29-36@-90dBm@0.841 8-14@-90dBm@0.832 9-15@-87dBm@0.939 6-7@-92dBm@0.680 20-48@-95dBm@0.255 41-45@-83dBm@0.978 5-7@-94dBm@0.402 3-11@-89dBm@0.867 27-31@-93dBm@0.647 5-30@-89dBm@0.868 39-47@-90dBm@0.862 14-44@-90dBm@0.864 28-49@-85dBm@0.964 6-36@-69dBm@1.000 7-40@-94dBm@0.406 13-18@-93dBm@0.650 17-31@-97dBm@0.039 11-31@-97dBm@0.009 3-38@-97dBm@0.046 6-33@-90dBm@0.832 4-9@-85dBm@0.963 22-25@-87dBm@0.944 3-17@-89dBm@0.868 25-47@-95dBm@0.214 3-5@-93dBm@0.629 19-41@-96dBm@0.119 4-21@-96dBm@0.188 10-41@-92dBm@0.676 19-23@-77dBm@1.000 9-13@-87dBm@0.947 7-10@-95dBm@0.287 17-21@-95dBm@0.280 10-20@-89dBm@0.868 7-43@-94dBm@0.395 26-44@-91dBm@0.730 7-11@-91dBm@0.719 15-39@-81dBm@0.985 0-29@-76dBm@1.000 22-40@-92dBm@0.683 15-45@-92dBm@0.673 0-3@-86dBm@0.957 6-27@-89dBm@0.894 2-3@-89dBm@0.886 31-33@-76dBm@1.000 5-43@-93dBm@0.637 24-28@-86dBm@0.953 24-36@-96dBm@0.152 25-39@-92dBm@0.709 2-18@-86dBm@0.956 22-34@-92dBm@0.702 13-22@-82dBm@0.985 12-25@-93dBm@0.644 1-6@-92dBm@0.701 20-49@-91dBm@0.783 30-35@-89dBm@0.877 4-26@-93dBm@0.587 9-48@-96dBm@0.123 32-38@-86dBm@0.956 1-48@-91dBm@0.752 45-46@-89dBm@0.873 0-1@-88dBm@0.930 5-36@-84dBm@0.974 14-47@-93dBm@0.655 0-6@-92dBm@0.683 17-32@-91dBm@0.784 10-39@-93dBm@0.611 9-12@-90dBm@0.851 6-20@-73dBm@1.000 36-41@-93dBm@0.646 3-31@-95dBm@0.202 0-13@-96dBm@0.114 15-35@-90dBm@0.822 4-35@-86dBm@0.954 4-5@-91dBm@0.722 37-38@-96dBm@0.112 4-13@-94dBm@0.351 31-45@-95dBm@0.278 2-10@-96dBm@0.161 37-41@-93dBm@0.656 25-34@-90dBm@0.841 34-39@-93dBm@0.541 20-23@-93dBm@0.653 12-32@-87dBm@0.940 7-36@-85dBm@0.962 21-38@-92dBm@0.692 13-47@-96dBm@0.191 17-35@-94dBm@0.384 24-31@-91dBm@0.780 16-17@-97dBm@0.017 13-44@-97dBm@0.008 0-36@-81dBm@0.985 18-21@-88dBm@0.931 13-27@-94dBm@0.508
#aveChargePerCycle runNum=0 0@150.64 1@47.26 2@62.96 3@15.95 4@12.13 5@10.35 6@11.15 7@5.61 8@7.33 9@9.12 10@13.83 11@1.30 12@15.25 13@1.30 14@1.94 15@1.30 16@3.24 17@7.63 18@1.30 19@3.24 20@1.30 21@3.89 22@1.30 23@1.30 24@1.94 25@1.30 26@1.94 27@1.30 28@2.59 29@1.30 30@1.30 31@1.30 32@1.94 33@1.30 34@1.94 35@1.30 36@1.30 37@1.30 38@1.94 39@1.30 40@1.30 41@1.30 42@1.94 43@1.30 44@1.94 45@1.30 46@1.30 47@1.30 48@2.59 49@1.30