## dioPeriod = 1.0
## startTime = 1502276500.88
## numMotes = 50
## otfHousekeepingPeriod = 1.0
## slotframeLength = 101
## squareSide = 2.0
## cpuID = 76
## sixtopPdrThreshold = 1.5
## slotDuration = 0.01
## sixtopNoHousekeeping = 0
## pkPeriodVar = 0.05
## numCyclesPerRun = 100
## numRuns = 1
## otfThreshold = 1
## sixtopNoRemoveWorstCell = 0
## burstTimestamp = 20
## simDataDir = simData
## numChans = 16
## minRssi = -97
## noInterference = 0
## algorithm = local_voting
## numPacketsBurst = 5
## gui = False
## pkPeriod = None
## combinationKeys = ['algorithm', 'numMotes', 'otfThreshold']
## sixtopHousekeepingPeriod = 1.0


# appGenerated appReachesDagroot appRelayed aveHops aveLatency aveQueueDelay chargeConsumed collidedTxs cycle droppedAppFailedEnqueue droppedMacRetries droppedNoRoute droppedNoTxCells droppedQueueFull effectiveCollidedTxs numRxCells numTx numTxCells otfAdd otfRemove probableCollisions rplChurnParentSet rplChurnPrefParent rplChurnRank rplRxDIO rplTxDIO runNum scheduleCollisions topRxRelocatedCells topTxRelocatedBundles topTxRelocatedCells txQueueFill
             0                 0          0       0          0             0              0           0     0                       0                 0              0                0                0                    0          0     0          0      0         0                  0                 0                  0            0        0        0      0                  0                   0                     0                   0           0
             0                 0          0       0          0             0              0           0     1                       0                 0              0                0                0                    0          0     0          0      0         0                  0               139                 81            3      488       50      0                  0                   0                     0                   0           0
             0                 0          0       0          0             0              0           0     2                       0                 0              0                0                0                    0          0     0          0      0         0                  0                 0                113            0      488       50      0                  0                   0                     0                   0           0
             0                 0          0       0          0             0              0           0     3                       0                 0              0                0                0                    0          0     0          0      0         0                  0                 0                113            0      488       50      0                  0                   0                     0                   0           0
             0                 0          0       0          0             0              0           0     4                       0                 0              0                0                0                    0          0     0          0      0         0                  0                 0                113            0      488       50      0                  0                   0                     0                   0           0
             0                 0          0       0          0             0              0           0     5                       0                 0              0                0                0                    0          0     0          0      0         0                  0                 0                113            0      488       50      0                  0                   0                     0                   0           0
             0                 0          0       0          0             0              0           0     6                       0                 0              0                0                0                    0          0     0          0      0         0                  0                 0                113            0      488       50      0                  0                   0                     0                   0           0
             0                 0          0       0          0             0              0           0     7                       0                 0              0                0                0                    0          0     0          0      0         0                  0                 0                113            0      488       50      0                  0                   0                     0                   0           0
             0                 0          0       0          0             0              0           0     8                       0                 0              0                0                0                    0          0     0          0      0         0                  0                 0                113            0      488       50      0                  0                   0                     0                   0           0
             0                 0          0       0          0             0              0           0     9                       0                 0              0                0                0                    0          0     0          0      0         0                  0                 0                113            0      488       50      0                  0                   0                     0                   0           0
             0                 0          0       0          0             0              0           0    10                       0                 0              0                0                0                    0          0     0          0      0         0                  0                 0                113            0      488       50      0                  0                   0                     0                   0           0
             0                 0          0       0          0             0              0           0    11                       0                 0              0                0                0                    0          0     0          0      0         0                  0                 0                113            0      488       50      0                  0                   0                     0                   0           0
             0                 0          0       0          0             0              0           0    12                       0                 0              0                0                0                    0          0     0          0      0         0                  0                 0                113            0      488       50      0                  0                   0                     0                   0           0
             0                 0          0       0          0             0              0           0    13                       0                 0              0                0                0                    0          0     0          0      0         0                  0                 0                113            0      488       50      0                  0                   0                     0                   0           0
             0                 0          0       0          0             0              0           0    14                       0                 0              0                0                0                    0          0     0          0      0         0                  0                 0                113            0      488       50      0                  0                   0                     0                   0           0
             0                 0          0       0          0             0              0           0    15                       0                 0              0                0                0                    0          0     0          0      0         0                  0                 0                113            0      488       50      0                  0                   0                     0                   0           0
             0                 0          0       0          0             0              0           0    16                       0                 0              0                0                0                    0          0     0          0      0         0                  0                 0                113            0      488       50      0                  0                   0                     0                   0           0
             0                 0          0       0          0             0              0           0    17                       0                 0              0                0                0                    0          0     0          0      0         0                  0                 0                113            0      488       50      0                  0                   0                     0                   0           0
             0                 0          0       0          0             0              0           0    18                       0                 0              0                0                0                    0          0     0          0      0         0                  0                 0                113            0      488       50      0                  0                   0                     0                   0           0
            49                 2          5   1.000      8.000        63.000       1244.680           0    19                       0                 0              0                0                0                    0         86     9         86      0         0                  0                 0                113            0      488       50      0                  0                   0                     0                   0          47
             0                25         25   1.600     86.600      2171.586      13243.280          35    20                       0                 0              0                0                0                    9        257    61        257      0         0                  0                 0                112           10      488       50      0                 18                   0                     0                   0          22
             0                20          8   2.050    152.800      1571.200      20389.140           0    21                       0                 0              0                0                0                    0        158    28        158      0         0                  0                 5                133           50      488       50      0                  0                   1                     0                   0           2
             0                 0          0       0          0             0      23759.340           0    22                       0                 0              0                0                0                    0        101     1        101      0         0                  0                 2                136           47      488       50      0                  0                   0                     0                   0           2
             0                 2          0   2.000    414.500       226.500      24516.820           0    23                       0                 0              0                0                0                    0        101     4        101      0         0                  0                 3                107           21      488       50      0                  0                   0                     0                   0           0
             0                 0          0       0          0             0      26903.020           0    24                       0                 0              0                0                0                    0          0     0          0      0         0                  0                 1                 96            8      488       50      0                  0                   0                     0                   0           0
             0                 0          0       0          0             0      26903.020           0    25                       0                 0              0                0                0                    0          0     0          0      0         0                  0                 1                104            7      488       50      0                  0                   0                     0                   0           0
             0                 0          0       0          0             0      26903.020           0    26                       0                 0              0                0                0                    0          0     0          0      0         0                  0                 0                105            0      488       50      0                  0                   0                     0                   0           0
             0                 0          0       0          0             0      26903.020           0    27                       0                 0              0                0                0                    0          0     0          0      0         0                  0                 0                105            0      488       50      0                  0                   0                     0                   0           0
             0                 0          0       0          0             0      26903.020           0    28                       0                 0              0                0                0                    0          0     0          0      0         0                  0                 0                105            0      488       50      0                  0                   0                     0                   0           0
             0                 0          0       0          0             0      26903.020           0    29                       0                 0              0                0                0                    0          0     0          0      0         0                  0                 0                105            0      488       50      0                  0                   0                     0                   0           0
             0                 0          0       0          0             0      26903.020           0    30                       0                 0              0                0                0                    0          0     0          0      0         0                  0                 0                105            0      488       50      0                  0                   0                     0                   0           0
             0                 0          0       0          0             0      26903.020           0    31                       0                 0              0                0                0                    0          0     0          0      0         0                  0                 0                105            0      488       50      0                  0                   0                     0                   0           0
             0                 0          0       0          0             0      26903.020           0    32                       0                 0              0                0                0                    0          0     0          0      0         0                  0                 0                105            0      488       50      0                  0                   0                     0                   0           0
             0                 0          0       0          0             0      26903.020           0    33                       0                 0              0                0                0                    0          0     0          0      0         0                  0                 0                105            0      488       50      0                  0                   0                     0                   0           0
             0                 0          0       0          0             0      26903.020           0    34                       0                 0              0                0                0                    0          0     0          0      0         0                  0                 0                105            0      488       50      0                  0                   0                     0                   0           0
             0                 0          0       0          0             0      26903.020           0    35                       0                 0              0                0                0                    0          0     0          0      0         0                  0                 0                105            0      488       50      0                  0                   0                     0                   0           0
             0                 0          0       0          0             0      26903.020           0    36                       0                 0              0                0                0                    0          0     0          0      0         0                  0                 0                105            0      488       50      0                  0                   0                     0                   0           0
             0                 0          0       0          0             0      26903.020           0    37                       0                 0              0                0                0                    0          0     0          0      0         0                  0                 0                105            0      488       50      0                  0                   0                     0                   0           0
             0                 0          0       0          0             0      26903.020           0    38                       0                 0              0                0                0                    0          0     0          0      0         0                  0                 0                105            0      488       50      0                  0                   0                     0                   0           0
             0                 0          0       0          0             0      26903.020           0    39                       0                 0              0                0                0                    0          0     0          0      0         0                  0                 0                105            0      488       50      0                  0                   0                     0                   0           0
             0                 0          0       0          0             0      26903.020           0    40                       0                 0              0                0                0                    0          0     0          0      0         0                  0                 0                105            0      488       50      0                  0                   0                     0                   0           0
             0                 0          0       0          0             0      26903.020           0    41                       0                 0              0                0                0                    0          0     0          0      0         0                  0                 0                105            0      488       50      0                  0                   0                     0                   0           0
             0                 0          0       0          0             0      26903.020           0    42                       0                 0              0                0                0                    0          0     0          0      0         0                  0                 0                105            0      488       50      0                  0                   0                     0                   0           0
             0                 0          0       0          0             0      26903.020           0    43                       0                 0              0                0                0                    0          0     0          0      0         0                  0                 0                105            0      488       50      0                  0                   0                     0                   0           0
             0                 0          0       0          0             0      26903.020           0    44                       0                 0              0                0                0                    0          0     0          0      0         0                  0                 0                105            0      488       50      0                  0                   0                     0                   0           0
             0                 0          0       0          0             0      26903.020           0    45                       0                 0              0                0                0                    0          0     0          0      0         0                  0                 0                105            0      488       50      0                  0                   0                     0                   0           0
             0                 0          0       0          0             0      26903.020           0    46                       0                 0              0                0                0                    0          0     0          0      0         0                  0                 0                105            0      488       50      0                  0                   0                     0                   0           0
             0                 0          0       0          0             0      26903.020           0    47                       0                 0              0                0                0                    0          0     0          0      0         0                  0                 0                105            0      488       50      0                  0                   0                     0                   0           0
             0                 0          0       0          0             0      26903.020           0    48                       0                 0              0                0                0                    0          0     0          0      0         0                  0                 0                105            0      488       50      0                  0                   0                     0                   0           0
             0                 0          0       0          0             0      26903.020           0    49                       0                 0              0                0                0                    0          0     0          0      0         0                  0                 0                105            0      488       50      0                  0                   0                     0                   0           0
             0                 0          0       0          0             0      26903.020           0    50                       0                 0              0                0                0                    0          0     0          0      0         0                  0                 0                105            0      488       50      0                  0                   0                     0                   0           0
             0                 0          0       0          0             0      26903.020           0    51                       0                 0              0                0                0                    0          0     0          0      0         0                  0                 0                105            0      488       50      0                  0                   0                     0                   0           0
             0                 0          0       0          0             0      26903.020           0    52                       0                 0              0                0                0                    0          0     0          0      0         0                  0                 0                105            0      488       50      0                  0                   0                     0                   0           0
             0                 0          0       0          0             0      26903.020           0    53                       0                 0              0                0                0                    0          0     0          0      0         0                  0                 0                105            0      488       50      0                  0                   0                     0                   0           0
             0                 0          0       0          0             0      26903.020           0    54                       0                 0              0                0                0                    0          0     0          0      0         0                  0                 0                105            0      488       50      0                  0                   0                     0                   0           0
             0                 0          0       0          0             0      26903.020           0    55                       0                 0              0                0                0                    0          0     0          0      0         0                  0                 0                105            0      488       50      0                  0                   0                     0                   0           0
             0                 0          0       0          0             0      26903.020           0    56                       0                 0              0                0                0                    0          0     0          0      0         0                  0                 0                105            0      488       50      0                  0                   0                     0                   0           0
             0                 0          0       0          0             0      26903.020           0    57                       0                 0              0                0                0                    0          0     0          0      0         0                  0                 0                105            0      488       50      0                  0                   0                     0                   0           0
             0                 0          0       0          0             0      26903.020           0    58                       0                 0              0                0                0                    0          0     0          0      0         0                  0                 0                105            0      488       50      0                  0                   0                     0                   0           0
            49                 9          5   1.000     34.556       470.000      29524.360          14    59                       0                 0              0                0                0                    4        137    17        137      0         0                  0                 0                105            0      488       50      0                  7                   0                     0                   0          40
             0                26         33   1.769    103.038      3204.833      45486.480          40    60                       0                 0              0                0                0                    5        249    59        249      0         0                  2                 3                102           41      488       50      0                 20                   1                     0                   0          14
             0                14          0   2.286    194.000       194.833      49863.400           0    61                       0                 0              0                0                0                    0         62    24         62      0         0                  0                 5                114           50      488       50      0                  0                   1                     0                   0           0
             0                 0          0       0          0             0      50527.600           0    62                       0                 0              0                0                0                    0          0     0          0      0         0                  0                 5                118           40      488       50      0                  0                   0                     0                   0           0
             0                 0          0       0          0             0      50527.600           0    63                       0                 0              0                0                0                    0          0     0          0      0         0                  0                 4                107           21      488       50      0                  0                   0                     0                   0           0
             0                 0          0       0          0             0      50527.600           0    64                       0                 0              0                0                0                    0          0     0          0      0         0                  0                 1                105            0      488       50      0                  0                   0                     0                   0           0
             0                 0          0       0          0             0      50527.600           0    65                       0                 0              0                0                0                    0          0     0          0      0         0                  0                 0                105            0      488       50      0                  0                   0                     0                   0           0
             0                 0          0       0          0             0      50527.600           0    66                       0                 0              0                0                0                    0          0     0          0      0         0                  0                 0                105            0      488       50      0                  0                   0                     0                   0           0
             0                 0          0       0          0             0      50527.600           0    67                       0                 0              0                0                0                    0          0     0          0      0         0                  0                 0                105            0      488       50      0                  0                   0                     0                   0           0
             0                 0          0       0          0             0      50527.600           0    68                       0                 0              0                0                0                    0          0     0          0      0         0                  0                 0                105            0      488       50      0                  0                   0                     0                   0           0
             0                 0          0       0          0             0      50527.600           0    69                       0                 0              0                0                0                    0          0     0          0      0         0                  0                 0                105            0      488       50      0                  0                   0                     0                   0           0
             0                 0          0       0          0             0      50527.600           0    70                       0                 0              0                0                0                    0          0     0          0      0         0                  0                 0                105            0      488       50      0                  0                   0                     0                   0           0
             0                 0          0       0          0             0      50527.600           0    71                       0                 0              0                0                0                    0          0     0          0      0         0                  0                 0                105            0      488       50      0                  0                   0                     0                   0           0
             0                 0          0       0          0             0      50527.600           0    72                       0                 0              0                0                0                    0          0     0          0      0         0                  0                 0                105            0      488       50      0                  0                   0                     0                   0           0
             0                 0          0       0          0             0      50527.600           0    73                       0                 0              0                0                0                    0          0     0          0      0         0                  0                 0                105            0      488       50      0                  0                   0                     0                   0           0
             0                 0          0       0          0             0      50527.600           0    74                       0                 0              0                0                0                    0          0     0          0      0         0                  0                 0                105            0      488       50      0                  0                   0                     0                   0           0
             0                 0          0       0          0             0      50527.600           0    75                       0                 0              0                0                0                    0          0     0          0      0         0                  0                 0                105            0      488       50      0                  0                   0                     0                   0           0
             0                 0          0       0          0             0      50527.600           0    76                       0                 0              0                0                0                    0          0     0          0      0         0                  0                 0                105            0      488       50      0                  0                   0                     0                   0           0
             0                 0          0       0          0             0      50527.600           0    77                       0                 0              0                0                0                    0          0     0          0      0         0                  0                 0                105            0      488       50      0                  0                   0                     0                   0           0
             0                 0          0       0          0             0      50527.600           0    78                       0                 0              0                0                0                    0          0     0          0      0         0                  0                 0                105            0      488       50      0                  0                   0                     0                   0           0
             0                 0          0       0          0             0      50527.600           0    79                       0                 0              0                0                0                    0          0     0          0      0         0                  0                 0                105            0      488       50      0                  0                   0                     0                   0           0
             0                 0          0       0          0             0      50527.600           0    80                       0                 0              0                0                0                    0          0     0          0      0         0                  0                 0                105            0      488       50      0                  0                   0                     0                   0           0
             0                 0          0       0          0             0      50527.600           0    81                       0                 0              0                0                0                    0          0     0          0      0         0                  0                 0                105            0      488       50      0                  0                   0                     0                   0           0
             0                 0          0       0          0             0      50527.600           0    82                       0                 0              0                0                0                    0          0     0          0      0         0                  0                 0                105            0      488       50      0                  0                   0                     0                   0           0
             0                 0          0       0          0             0      50527.600           0    83                       0                 0              0                0                0                    0          0     0          0      0         0                  0                 0                105            0      488       50      0                  0                   0                     0                   0           0
             0                 0          0       0          0             0      50527.600           0    84                       0                 0              0                0                0                    0          0     0          0      0         0                  0                 0                105            0      488       50      0                  0                   0                     0                   0           0
             0                 0          0       0          0             0      50527.600           0    85                       0                 0              0                0                0                    0          0     0          0      0         0                  0                 0                105            0      488       50      0                  0                   0                     0                   0           0
             0                 0          0       0          0             0      50527.600           0    86                       0                 0              0                0                0                    0          0     0          0      0         0                  0                 0                105            0      488       50      0                  0                   0                     0                   0           0
             0                 0          0       0          0             0      50527.600           0    87                       0                 0              0                0                0                    0          0     0          0      0         0                  0                 0                105            0      488       50      0                  0                   0                     0                   0           0
             0                 0          0       0          0             0      50527.600           0    88                       0                 0              0                0                0                    0          0     0          0      0         0                  0                 0                105            0      488       50      0                  0                   0                     0                   0           0
             0                 0          0       0          0             0      50527.600           0    89                       0                 0              0                0                0                    0          0     0          0      0         0                  0                 0                105            0      488       50      0                  0                   0                     0                   0           0
             0                 0          0       0          0             0      50527.600           0    90                       0                 0              0                0                0                    0          0     0          0      0         0                  0                 0                105            0      488       50      0                  0                   0                     0                   0           0
             0                 0          0       0          0             0      50527.600           0    91                       0                 0              0                0                0                    0          0     0          0      0         0                  0                 0                105            0      488       50      0                  0                   0                     0                   0           0
             0                 0          0       0          0             0      50527.600           0    92                       0                 0              0                0                0                    0          0     0          0      0         0                  0                 0                105            0      488       50      0                  0                   0                     0                   0           0
             0                 0          0       0          0             0      50527.600           0    93                       0                 0              0                0                0                    0          0     0          0      0         0                  0                 0                105            0      488       50      0                  0                   0                     0                   0           0
             0                 0          0       0          0             0      50527.600           0    94                       0                 0              0                0                0                    0          0     0          0      0         0                  0                 0                105            0      488       50      0                  0                   0                     0                   0           0
             0                 0          0       0          0             0      50527.600           0    95                       0                 0              0                0                0                    0          0     0          0      0         0                  0                 0                105            0      488       50      0                  0                   0                     0                   0           0
             0                 0          0       0          0             0      50527.600           0    96                       0                 0              0                0                0                    0          0     0          0      0         0                  0                 0                105            0      488       50      0                  0                   0                     0                   0           0
             0                 0          0       0          0             0      50527.600           0    97                       0                 0              0                0                0                    0          0     0          0      0         0                  0                 0                105            0      488       50      0                  0                   0                     0                   0           0
             0                 0          0       0          0             0      50527.600           0    98                       0                 0              0                0                0                    0          0     0          0      0         0                  0                 0                105            0      488       50      0                  0                   0                     0                   0           0
             0                 0          0       0          0             0      50527.600           0    99                       0                 0              0                0                0                    0          0     0          0      0         0                  0                 0                105            0      488       50      0                  0                   0                     0                   0           0
#pos runNum=0 0@(1.00000,1.00000)@0 1@(1.28209,1.08710)@640 2@(1.20985,0.95149)@640 3@(1.14674,1.12275)@640 4@(1.17229,1.11382)@853 5@(1.10772,0.92385)@1208 6@(1.43668,0.93807)@1493 7@(1.17364,0.98434)@640 8@(1.10562,1.12294)@1280 9@(1.24497,1.03862)@731 10@(1.06024,1.02623)@568 11@(1.41492,1.10381)@1208 12@(1.19720,0.75693)@640 13@(1.27699,1.05648)@1152 14@(1.21826,1.01008)@731 15@(1.37671,0.94882)@1280 16@(0.95803,0.94958)@568 17@(1.17829,1.03130)@1024 18@(1.04158,0.96977)@1136 19@(1.16254,1.10550)@1152 20@(1.44986,0.88274)@1371 21@(1.06172,0.86567)@568 22@(1.17474,1.37717)@853 23@(1.19039,1.13048)@1280 24@(1.43586,1.15838)@1493 25@(1.46264,0.79188)@1493 26@(0.97436,0.87748)@1920 27@(1.28210,0.85629)@1493 28@(1.21042,0.84543)@1208 29@(1.04830,0.68362)@731 30@(1.32857,1.11067)@1208 31@(1.19478,0.83218)@1776 32@(1.10962,1.06979)@1208 33@(1.38933,1.22185)@1664 34@(1.07058,1.25613)@1493 35@(0.87469,0.83562)@1664 36@(1.11506,0.96855)@1208 37@(1.19552,1.00973)@1208 38@(1.35578,0.79973)@1664 39@(1.46332,0.98533)@1280 40@(1.58566,0.84653)@2346 41@(0.86425,0.90006)@1755 42@(1.17743,1.42424)@1493 43@(1.06381,1.03543)@1776 44@(1.10944,0.82531)@1280 45@(1.01154,0.79767)@1136 46@(1.14185,0.72171)@1208 47@(1.07117,0.90209)@853 48@(1.45026,0.83897)@1920 49@(1.46347,0.76543)@2005
#links runNum=0 0-17@-93dBm@0.583 13-15@-88dBm@0.920 15-31@-89dBm@0.884 1-42@-92dBm@0.662 2-48@-93dBm@0.640 21-28@-96dBm@0.103 4-8@-86dBm@0.958 27-31@-90dBm@0.857 2-7@-82dBm@0.985 21-37@-91dBm@0.772 1-10@-96dBm@0.083 11-23@-91dBm@0.790 3-23@-82dBm@0.985 3-7@-91dBm@0.790 18-22@-97dBm@0.055 18-30@-91dBm@0.760 7-30@-91dBm@0.796 18-23@-90dBm@0.865 12-38@-94dBm@0.514 5-6@-92dBm@0.678 7-44@-89dBm@0.866 3-13@-93dBm@0.537 11-26@-96dBm@0.182 15-38@-88dBm@0.909 17-47@-91dBm@0.753 6-12@-90dBm@0.863 5-38@-94dBm@0.333 2-13@-83dBm@0.979 3-33@-93dBm@0.522 26-36@-91dBm@0.739 3-11@-95dBm@0.274 1-4@-92dBm@0.678 4-23@-78dBm@1.000 1-8@-90dBm@0.805 8-15@-94dBm@0.402 33-36@-92dBm@0.664 10-34@-90dBm@0.864 7-9@-84dBm@0.968 18-43@-81dBm@0.987 6-27@-90dBm@0.811 2-32@-87dBm@0.946 9-23@-92dBm@0.702 21-25@-92dBm@0.669 8-14@-86dBm@0.956 19-41@-95dBm@0.267 5-33@-95dBm@0.281 13-14@-89dBm@0.868 5-9@-86dBm@0.957 2-15@-89dBm@0.866 0-21@-88dBm@0.917 23-28@-95dBm@0.274 20-25@-91dBm@0.752 3-8@-91dBm@0.754 8-33@-90dBm@0.839 3-37@-86dBm@0.957 17-27@-89dBm@0.868 9-19@-85dBm@0.961 13-24@-88dBm@0.907 3-16@-90dBm@0.862 30-39@-86dBm@0.958 2-37@-79dBm@0.999 28-38@-93dBm@0.637 12-20@-91dBm@0.733 26-49@-96dBm@0.185 4-18@-94dBm@0.348 18-28@-92dBm@0.699 32-43@-83dBm@0.974 14-22@-93dBm@0.660 25-39@-88dBm@0.933 0-33@-95dBm@0.295 20-36@-94dBm@0.447 38-46@-93dBm@0.656 22-34@-86dBm@0.955 38-48@-87dBm@0.943 0-22@-93dBm@0.654 14-31@-88dBm@0.909 5-7@-91dBm@0.748 17-24@-93dBm@0.598 9-38@-96dBm@0.157 15-27@-87dBm@0.942 2-17@-88dBm@0.936 26-41@-92dBm@0.672 0-16@-86dBm@0.957 1-27@-93dBm@0.661 30-45@-96dBm@0.173 35-41@-95dBm@0.197 2-11@-88dBm@0.915 12-21@-92dBm@0.685 10-32@-96dBm@0.184 9-32@-95dBm@0.223 18-45@-90dBm@0.850 43-45@-91dBm@0.763 2-39@-90dBm@0.812 20-28@-92dBm@0.708 10-43@-79dBm@1.000 31-32@-89dBm@0.874 8-16@-95dBm@0.240 14-27@-96dBm@0.077 1-11@-88dBm@0.928 7-14@-82dBm@0.982 0-9@-91dBm@0.781 10-18@-79dBm@0.997 21-30@-92dBm@0.704 3-30@-87dBm@0.948 14-36@-90dBm@0.865 21-36@-84dBm@0.974 44-45@-95dBm@0.196 36-47@-82dBm@0.979 4-32@-83dBm@0.979 13-49@-93dBm@0.658 2-30@-93dBm@0.545 21-31@-92dBm@0.673 1-9@-93dBm@0.573 3-20@-94dBm@0.424 12-36@-91dBm@0.738 14-19@-89dBm@0.867 3-6@-93dBm@0.604 7-23@-87dBm@0.939 23-42@-96dBm@0.129 7-35@-94dBm@0.428 0-12@-90dBm@0.860 17-41@-94dBm@0.338 6-21@-93dBm@0.595 14-29@-93dBm@0.618 23-36@-90dBm@0.854 20-48@-85dBm@0.960 6-11@-93dBm@0.629 11-32@-95dBm@0.240 12-35@-93dBm@0.656 33-44@-96dBm@0.150 9-11@-89dBm@0.901 19-37@-91dBm@0.740 26-29@-87dBm@0.939 1-20@-91dBm@0.734 3-10@-87dBm@0.941 4-36@-90dBm@0.823 29-48@-96dBm@0.156 4-34@-90dBm@0.862 27-40@-93dBm@0.642 3-47@-90dBm@0.864 17-23@-82dBm@0.984 3-22@-92dBm@0.690 22-42@-89dBm@0.890 19-39@-96dBm@0.133 7-21@-85dBm@0.964 0-38@-95dBm@0.279 17-37@-93dBm@0.630 16-21@-85dBm@0.967 19-48@-95dBm@0.192 16-41@-89dBm@0.893 26-28@-88dBm@0.935 15-47@-94dBm@0.396 37-42@-93dBm@0.554 21-27@-94dBm@0.493 19-21@-97dBm@0.019 10-28@-93dBm@0.574 1-2@-87dBm@0.945 18-47@-91dBm@0.738 0-4@-93dBm@0.645 11-37@-91dBm@0.754 35-47@-96dBm@0.153 29-46@-91dBm@0.744 23-27@-96dBm@0.136 4-17@-80dBm@0.991 1-25@-93dBm@0.652 15-42@-96dBm@0.173 21-34@-92dBm@0.691 3-49@-95dBm@0.278 2-20@-96dBm@0.189 3-24@-92dBm@0.675 22-33@-93dBm@0.529 8-47@-94dBm@0.513 12-46@-83dBm@0.974 3-17@-86dBm@0.957 5-21@-91dBm@0.745 44-47@-90dBm@0.861 36-37@-87dBm@0.947 24-39@-96dBm@0.113 15-20@-83dBm@0.975 6-30@-87dBm@0.938 5-12@-93dBm@0.651 9-36@-87dBm@0.946 0-7@-90dBm@0.863 1-13@-71dBm@1.000 2-14@-92dBm@0.662 2-35@-93dBm@0.581 16-37@-96dBm@0.120 23-26@-92dBm@0.678 0-2@-89dBm@0.895 36-41@-97dBm@0.046 2-25@-90dBm@0.836 28-39@-90dBm@0.806 8-26@-89dBm@0.869 2-36@-80dBm@0.989 14-38@-89dBm@0.868 4-19@-68dBm@1.000 15-35@-95dBm@0.242 10-14@-95dBm@0.272 10-31@-90dBm@0.861 9-15@-90dBm@0.861 26-47@-88dBm@0.924 0-10@-83dBm@0.974 17-43@-91dBm@0.745 8-10@-96dBm@0.165 0-23@-94dBm@0.483 25-49@-78dBm@1.000 21-23@-91dBm@0.769 2-10@-96dBm@0.175 30-40@-92dBm@0.668 5-45@-96dBm@0.080 14-39@-91dBm@0.744 20-49@-97dBm@0.014 26-34@-96dBm@0.117 2-16@-89dBm@0.872 21-44@-81dBm@0.986 16-26@-94dBm@0.343 2-5@-84dBm@0.974 17-44@-87dBm@0.938 11-49@-95dBm@0.319 8-32@-89dBm@0.880 3-14@-86dBm@0.957 36-40@-96dBm@0.106 1-37@-83dBm@0.977 18-26@-97dBm@0.005 3-5@-87dBm@0.948 9-41@-93dBm@0.568 25-27@-88dBm@0.936 8-17@-89dBm@0.868 19-23@-85dBm@0.960 24-40@-92dBm@0.663 7-10@-86dBm@0.957 25-48@-94dBm@0.322 7-43@-89dBm@0.897 16-45@-88dBm@0.935 7-11@-93dBm@0.642 19-33@-97dBm@0.073 3-4@-78dBm@1.000 0-29@-91dBm@0.791 0-47@-93dBm@0.656 2-3@-91dBm@0.744 5-31@-84dBm@0.972 5-43@-85dBm@0.960 19-43@-91dBm@0.759 34-36@-94dBm@0.404 25-28@-91dBm@0.728 18-35@-97dBm@0.056 18-41@-95dBm@0.231 24-25@-94dBm@0.484 4-33@-95dBm@0.234 25-40@-90dBm@0.861 8-18@-85dBm@0.960 2-29@-97dBm@0.048 7-28@-88dBm@0.935 0-14@-92dBm@0.711 3-19@-73dBm@1.000 27-39@-95dBm@0.234 21-35@-96dBm@0.139 1-48@-94dBm@0.468 6-25@-96dBm@0.189 14-49@-91dBm@0.737 0-1@-90dBm@0.860 5-36@-81dBm@0.985 9-27@-91dBm@0.791 26-43@-93dBm@0.646 7-49@-96dBm@0.191 8-12@-94dBm@0.329 9-30@-90dBm@0.807 28-49@-89dBm@0.870 29-45@-91dBm@0.751 15-37@-86dBm@0.957 12-26@-90dBm@0.863 1-19@-96dBm@0.156 25-46@-91dBm@0.775 1-3@-93dBm@0.656 28-47@-95dBm@0.197 0-3@-90dBm@0.829 37-47@-88dBm@0.934 12-29@-86dBm@0.958 4-5@-88dBm@0.936 32-36@-89dBm@0.885 1-16@-93dBm@0.639 26-35@-93dBm@0.637 3-21@-96dBm@0.177 16-18@-87dBm@0.943 40-49@-84dBm@0.974 17-20@-97dBm@0.025 4-6@-94dBm@0.512 7-36@-89dBm@0.869 25-31@-95dBm@0.213 31-37@-94dBm@0.404 21-39@-96dBm@0.146 10-30@-91dBm@0.733 34-42@-90dBm@0.838 6-20@-88dBm@0.937 11-39@-83dBm@0.979 10-36@-90dBm@0.861 21-26@-93dBm@0.645 15-21@-93dBm@0.563
#aveChargePerCycle runNum=0 0@163.18 1@70.13 2@39.29 3@54.84 4@7.57 5@13.12 6@1.30 7@13.92 8@7.24 9@7.24 10@6.34 11@1.30 12@18.93 13@8.07 14@1.30 15@1.30 16@9.45 17@3.89 18@1.30 19@1.30 20@1.30 21@1.30 22@1.30 23@2.59 24@16.59 25@1.30 26@1.30 27@3.89 28@1.30 29@1.94 30@4.54 31@1.30 32@1.30 33@4.54 34@1.94 35@3.89 36@1.30 37@1.30 38@1.30 39@1.94 40@2.59 41@1.30 42@1.94 43@1.30 44@1.94 45@2.59 46@1.30 47@1.94 48@1.30 49@1.94