## dioPeriod = 1.0
## startTime = 1502276498.97
## numMotes = 50
## otfHousekeepingPeriod = 1.0
## slotframeLength = 101
## squareSide = 2.0
## cpuID = 42
## sixtopPdrThreshold = 1.5
## slotDuration = 0.01
## sixtopNoHousekeeping = 0
## pkPeriodVar = 0.05
## numCyclesPerRun = 100
## numRuns = 1
## otfThreshold = 1
## sixtopNoRemoveWorstCell = 0
## burstTimestamp = 20
## simDataDir = simData
## numChans = 16
## minRssi = -97
## noInterference = 0
## algorithm = local_voting
## numPacketsBurst = 5
## gui = False
## pkPeriod = None
## combinationKeys = ['algorithm', 'numMotes', 'otfThreshold']
## sixtopHousekeepingPeriod = 1.0


# appGenerated appReachesDagroot appRelayed aveHops aveLatency aveQueueDelay chargeConsumed collidedTxs cycle droppedAppFailedEnqueue droppedMacRetries droppedNoRoute droppedNoTxCells droppedQueueFull effectiveCollidedTxs numRxCells numTx numTxCells otfAdd otfRemove probableCollisions rplChurnParentSet rplChurnPrefParent rplChurnRank rplRxDIO rplTxDIO runNum scheduleCollisions topRxRelocatedCells topTxRelocatedBundles topTxRelocatedCells txQueueFill
             0                 0          0       0          0             0              0           0     0                       0                 0              0                0                0                    0          0     0          0      0         0                  0                 0                  0            0        0        0      0                  0                   0                     0                   0           0
             0                 0          0       0          0             0              0           0     1                       0                 0              0                0                0                    0          0     0          0      0         0                  0               133                 70            4      506       50      0                  0                   0                     0                   0           0
             0                 0          0       0          0             0              0           0     2                       0                 0              0                0                0                    0          0     0          0      0         0                  0                 0                106            0      506       50      0                  0                   0                     0                   0           0
             0                 0          0       0          0             0              0           0     3                       0                 0              0                0                0                    0          0     0          0      0         0                  0                 0                106            0      506       50      0                  0                   0                     0                   0           0
             0                 0          0       0          0             0              0           0     4                       0                 0              0                0                0                    0          0     0          0      0         0                  0                 0                106            0      506       50      0                  0                   0                     0                   0           0
             0                 0          0       0          0             0              0           0     5                       0                 0              0                0                0                    0          0     0          0      0         0                  0                 0                106            0      506       50      0                  0                   0                     0                   0           0
             0                 0          0       0          0             0              0           0     6                       0                 0              0                0                0                    0          0     0          0      0         0                  0                 0                106            0      506       50      0                  0                   0                     0                   0           0
             0                 0          0       0          0             0              0           0     7                       0                 0              0                0                0                    0          0     0          0      0         0                  0                 0                106            0      506       50      0                  0                   0                     0                   0           0
             0                 0          0       0          0             0              0           0     8                       0                 0              0                0                0                    0          0     0          0      0         0                  0                 0                106            0      506       50      0                  0                   0                     0                   0           0
             0                 0          0       0          0             0              0           0     9                       0                 0              0                0                0                    0          0     0          0      0         0                  0                 0                106            0      506       50      0                  0                   0                     0                   0           0
             0                 0          0       0          0             0              0           0    10                       0                 0              0                0                0                    0          0     0          0      0         0                  0                 0                106            0      506       50      0                  0                   0                     0                   0           0
             0                 0          0       0          0             0              0           0    11                       0                 0              0                0                0                    0          0     0          0      0         0                  0                 0                106            0      506       50      0                  0                   0                     0                   0           0
             0                 0          0       0          0             0              0           0    12                       0                 0              0                0                0                    0          0     0          0      0         0                  0                 0                106            0      506       50      0                  0                   0                     0                   0           0
             0                 0          0       0          0             0              0           0    13                       0                 0              0                0                0                    0          0     0          0      0         0                  0                 0                106            0      506       50      0                  0                   0                     0                   0           0
             0                 0          0       0          0             0              0           0    14                       0                 0              0                0                0                    0          0     0          0      0         0                  0                 0                106            0      506       50      0                  0                   0                     0                   0           0
             0                 0          0       0          0             0              0           0    15                       0                 0              0                0                0                    0          0     0          0      0         0                  0                 0                106            0      506       50      0                  0                   0                     0                   0           0
             0                 0          0       0          0             0              0           0    16                       0                 0              0                0                0                    0          0     0          0      0         0                  0                 0                106            0      506       50      0                  0                   0                     0                   0           0
             0                 0          0       0          0             0              0           0    17                       0                 0              0                0                0                    0          0     0          0      0         0                  0                 0                106            0      506       50      0                  0                   0                     0                   0           0
             0                 0          0       0          0             0              0           0    18                       0                 0              0                0                0                    0          0     0          0      0         0                  0                 0                106            0      506       50      0                  0                   0                     0                   0           0
            49                 1          1   1.000      6.000        21.000        308.040           2    19                       0                 0              0                0                0                    1         30     2         30      0         0                  0                 0                106            0      506       50      0                  1                   0                     0                   0          48
             0                29         27   1.483     82.552      2927.881      11824.260          30    20                       0                 0              0                0                0                    5        284    63        284      0         0                  0                 2                106            3      506       50      0                 15                   1                     0                   0          19
             0                19          2   1.842    158.684      1279.750      19167.860           2    21                       0                 0              0                0                0                    1        115    21        115      0         0                  0                 7                101           49      506       50      0                  1                   0                     0                   0           0
             0                 0          0       0          0             0      20865.260           0    22                       0                 0              0                0                0                    0          0     0          0      0         0                  0                 9                108           53      505       50      0                  0                   0                     0                   0           0
             0                 0          0       0          0             0      20865.260           0    23                       0                 0              0                0                0                    0          0     0          0      0         0                  0                 7                101           15      506       50      0                  0                   0                     0                   0           0
             0                 0          0       0          0             0      20865.260           0    24                       0                 0              0                0                0                    0          0     0          0      0         0                  0                 5                100            0      506       50      0                  0                   0                     0                   0           0
             0                 0          0       0          0             0      20865.260           0    25                       0                 0              0                0                0                    0          0     0          0      0         0                  0                 0                100            0      506       50      0                  0                   0                     0                   0           0
             0                 0          0       0          0             0      20865.260           0    26                       0                 0              0                0                0                    0          0     0          0      0         0                  0                 0                100            0      506       50      0                  0                   0                     0                   0           0
             0                 0          0       0          0             0      20865.260           0    27                       0                 0              0                0                0                    0          0     0          0      0         0                  0                 0                100            0      506       50      0                  0                   0                     0                   0           0
             0                 0          0       0          0             0      20865.260           0    28                       0                 0              0                0                0                    0          0     0          0      0         0                  0                 0                100            0      506       50      0                  0                   0                     0                   0           0
             0                 0          0       0          0             0      20865.260           0    29                       0                 0              0                0                0                    0          0     0          0      0         0                  0                 0                100            0      506       50      0                  0                   0                     0                   0           0
             0                 0          0       0          0             0      20865.260           0    30                       0                 0              0                0                0                    0          0     0          0      0         0                  0                 0                100            0      506       50      0                  0                   0                     0                   0           0
             0                 0          0       0          0             0      20865.260           0    31                       0                 0              0                0                0                    0          0     0          0      0         0                  0                 0                100            0      506       50      0                  0                   0                     0                   0           0
             0                 0          0       0          0             0      20865.260           0    32                       0                 0              0                0                0                    0          0     0          0      0         0                  0                 0                100            0      506       50      0                  0                   0                     0                   0           0
             0                 0          0       0          0             0      20865.260           0    33                       0                 0              0                0                0                    0          0     0          0      0         0                  0                 0                100            0      506       50      0                  0                   0                     0                   0           0
             0                 0          0       0          0             0      20865.260           0    34                       0                 0              0                0                0                    0          0     0          0      0         0                  0                 0                100            0      506       50      0                  0                   0                     0                   0           0
             0                 0          0       0          0             0      20865.260           0    35                       0                 0              0                0                0                    0          0     0          0      0         0                  0                 0                100            0      506       50      0                  0                   0                     0                   0           0
             0                 0          0       0          0             0      20865.260           0    36                       0                 0              0                0                0                    0          0     0          0      0         0                  0                 0                100            0      506       50      0                  0                   0                     0                   0           0
             0                 0          0       0          0             0      20865.260           0    37                       0                 0              0                0                0                    0          0     0          0      0         0                  0                 0                100            0      506       50      0                  0                   0                     0                   0           0
             0                 0          0       0          0             0      20865.260           0    38                       0                 0              0                0                0                    0          0     0          0      0         0                  0                 0                100            0      506       50      0                  0                   0                     0                   0           0
             0                 0          0       0          0             0      20865.260           0    39                       0                 0              0                0                0                    0          0     0          0      0         0                  0                 0                100            0      506       50      0                  0                   0                     0                   0           0
             0                 0          0       0          0             0      20865.260           0    40                       0                 0              0                0                0                    0          0     0          0      0         0                  0                 0                100            0      506       50      0                  0                   0                     0                   0           0
             0                 0          0       0          0             0      20865.260           0    41                       0                 0              0                0                0                    0          0     0          0      0         0                  0                 0                100            0      506       50      0                  0                   0                     0                   0           0
             0                 0          0       0          0             0      20865.260           0    42                       0                 0              0                0                0                    0          0     0          0      0         0                  0                 0                100            0      506       50      0                  0                   0                     0                   0           0
             0                 0          0       0          0             0      20865.260           0    43                       0                 0              0                0                0                    0          0     0          0      0         0                  0                 0                100            0      506       50      0                  0                   0                     0                   0           0
             0                 0          0       0          0             0      20865.260           0    44                       0                 0              0                0                0                    0          0     0          0      0         0                  0                 0                100            0      506       50      0                  0                   0                     0                   0           0
             0                 0          0       0          0             0      20865.260           0    45                       0                 0              0                0                0                    0          0     0          0      0         0                  0                 0                100            0      506       50      0                  0                   0                     0                   0           0
             0                 0          0       0          0             0      20865.260           0    46                       0                 0              0                0                0                    0          0     0          0      0         0                  0                 0                100            0      506       50      0                  0                   0                     0                   0           0
             0                 0          0       0          0             0      20865.260           0    47                       0                 0              0                0                0                    0          0     0          0      0         0                  0                 0                100            0      506       50      0                  0                   0                     0                   0           0
             0                 0          0       0          0             0      20865.260           0    48                       0                 0              0                0                0                    0          0     0          0      0         0                  0                 0                100            0      506       50      0                  0                   0                     0                   0           0
             0                 0          0       0          0             0      20865.260           0    49                       0                 0              0                0                0                    0          0     0          0      0         0                  0                 0                100            0      506       50      0                  0                   0                     0                   0           0
             0                 0          0       0          0             0      20865.260           0    50                       0                 0              0                0                0                    0          0     0          0      0         0                  0                 0                100            0      506       50      0                  0                   0                     0                   0           0
             0                 0          0       0          0             0      20865.260           0    51                       0                 0              0                0                0                    0          0     0          0      0         0                  0                 0                100            0      506       50      0                  0                   0                     0                   0           0
             0                 0          0       0          0             0      20865.260           0    52                       0                 0              0                0                0                    0          0     0          0      0         0                  0                 0                100            0      506       50      0                  0                   0                     0                   0           0
             0                 0          0       0          0             0      20865.260           0    53                       0                 0              0                0                0                    0          0     0          0      0         0                  0                 0                100            0      506       50      0                  0                   0                     0                   0           0
             0                 0          0       0          0             0      20865.260           0    54                       0                 0              0                0                0                    0          0     0          0      0         0                  0                 0                100            0      506       50      0                  0                   0                     0                   0           0
             0                 0          0       0          0             0      20865.260           0    55                       0                 0              0                0                0                    0          0     0          0      0         0                  0                 0                100            0      506       50      0                  0                   0                     0                   0           0
             0                 0          0       0          0             0      20865.260           0    56                       0                 0              0                0                0                    0          0     0          0      0         0                  0                 0                100            0      506       50      0                  0                   0                     0                   0           0
             0                 0          0       0          0             0      20865.260           0    57                       0                 0              0                0                0                    0          0     0          0      0         0                  0                 0                100            0      506       50      0                  0                   0                     0                   0           0
             0                 0          0       0          0             0      20865.260           0    58                       0                 0              0                0                0                    0          0     0          0      0         0                  0                 0                100            0      506       50      0                  0                   0                     0                   0           0
            49                11         12   1.182     44.182       760.000      24860.480           6    59                       0                 0              0                0                0                    1        174    26        174      0         0                  0                 0                100            0      506       50      0                  3                   0                     0                   0          38
             0                33         18   1.758     98.182      2560.333      37041.400          20    60                       0                 0              0                0                0                    3        162    28        162      0         0                  0                 8                101           30      506       50      0                 10                   1                     0                   0           5
             0                 5          0   1.600    204.400       450.000      40149.480           0    61                       0                 0              0                0                0                    0         81     8         81      0         0                  0                 4                105           42      506       50      0                  0                   2                     0                   0           0
             0                 0          0       0          0             0      41133.480           0    62                       0                 0              0                0                0                    0          0     0          0      0         0                  0                 9                106           21      506       50      0                  0                   0                     0                   0           0
             0                 0          0       0          0             0      41133.480           0    63                       0                 0              0                0                0                    0          0     0          0      0         0                  0                 0                100            4      506       50      0                  0                   0                     0                   0           0
             0                 0          0       0          0             0      41133.480           0    64                       0                 0              0                0                0                    0          0     0          0      0         0                  0                 2                100            0      506       50      0                  0                   0                     0                   0           0
             0                 0          0       0          0             0      41133.480           0    65                       0                 0              0                0                0                    0          0     0          0      0         0                  0                 0                100            0      506       50      0                  0                   0                     0                   0           0
             0                 0          0       0          0             0      41133.480           0    66                       0                 0              0                0                0                    0          0     0          0      0         0                  0                 0                100            0      506       50      0                  0                   0                     0                   0           0
             0                 0          0       0          0             0      41133.480           0    67                       0                 0              0                0                0                    0          0     0          0      0         0                  0                 0                100            0      506       50      0                  0                   0                     0                   0           0
             0                 0          0       0          0             0      41133.480           0    68                       0                 0              0                0                0                    0          0     0          0      0         0                  0                 0                100            0      506       50      0                  0                   0                     0                   0           0
             0                 0          0       0          0             0      41133.480           0    69                       0                 0              0                0                0                    0          0     0          0      0         0                  0                 0                100            0      506       50      0                  0                   0                     0                   0           0
             0                 0          0       0          0             0      41133.480           0    70                       0                 0              0                0                0                    0          0     0          0      0         0                  0                 0                100            0      506       50      0                  0                   0                     0                   0           0
             0                 0          0       0          0             0      41133.480           0    71                       0                 0              0                0                0                    0          0     0          0      0         0                  0                 0                100            0      506       50      0                  0                   0                     0                   0           0
             0                 0          0       0          0             0      41133.480           0    72                       0                 0              0                0                0                    0          0     0          0      0         0                  0                 0                100            0      506       50      0                  0                   0                     0                   0           0
             0                 0          0       0          0             0      41133.480           0    73                       0                 0              0                0                0                    0          0     0          0      0         0                  0                 0                100            0      506       50      0                  0                   0                     0                   0           0
             0                 0          0       0          0             0      41133.480           0    74                       0                 0              0                0                0                    0          0     0          0      0         0                  0                 0                100            0      506       50      0                  0                   0                     0                   0           0
             0                 0          0       0          0             0      41133.480           0    75                       0                 0              0                0                0                    0          0     0          0      0         0                  0                 0                100            0      506       50      0                  0                   0                     0                   0           0
             0                 0          0       0          0             0      41133.480           0    76                       0                 0              0                0                0                    0          0     0          0      0         0                  0                 0                100            0      506       50      0                  0                   0                     0                   0           0
             0                 0          0       0          0             0      41133.480           0    77                       0                 0              0                0                0                    0          0     0          0      0         0                  0                 0                100            0      506       50      0                  0                   0                     0                   0           0
             0                 0          0       0          0             0      41133.480           0    78                       0                 0              0                0                0                    0          0     0          0      0         0                  0                 0                100            0      506       50      0                  0                   0                     0                   0           0
             0                 0          0       0          0             0      41133.480           0    79                       0                 0              0                0                0                    0          0     0          0      0         0                  0                 0                100            0      506       50      0                  0                   0                     0                   0           0
             0                 0          0       0          0             0      41133.480           0    80                       0                 0              0                0                0                    0          0     0          0      0         0                  0                 0                100            0      506       50      0                  0                   0                     0                   0           0
             0                 0          0       0          0             0      41133.480           0    81                       0                 0              0                0                0                    0          0     0          0      0         0                  0                 0                100            0      506       50      0                  0                   0                     0                   0           0
             0                 0          0       0          0             0      41133.480           0    82                       0                 0              0                0                0                    0          0     0          0      0         0                  0                 0                100            0      506       50      0                  0                   0                     0                   0           0
             0                 0          0       0          0             0      41133.480           0    83                       0                 0              0                0                0                    0          0     0          0      0         0                  0                 0                100            0      506       50      0                  0                   0                     0                   0           0
             0                 0          0       0          0             0      41133.480           0    84                       0                 0              0                0                0                    0          0     0          0      0         0                  0                 0                100            0      506       50      0                  0                   0                     0                   0           0
             0                 0          0       0          0             0      41133.480           0    85                       0                 0              0                0                0                    0          0     0          0      0         0                  0                 0                100            0      506       50      0                  0                   0                     0                   0           0
             0                 0          0       0          0             0      41133.480           0    86                       0                 0              0                0                0                    0          0     0          0      0         0                  0                 0                100            0      506       50      0                  0                   0                     0                   0           0
             0                 0          0       0          0             0      41133.480           0    87                       0                 0              0                0                0                    0          0     0          0      0         0                  0                 0                100            0      506       50      0                  0                   0                     0                   0           0
             0                 0          0       0          0             0      41133.480           0    88                       0                 0              0                0                0                    0          0     0          0      0         0                  0                 0                100            0      506       50      0                  0                   0                     0                   0           0
             0                 0          0       0          0             0      41133.480           0    89                       0                 0              0                0                0                    0          0     0          0      0         0                  0                 0                100            0      506       50      0                  0                   0                     0                   0           0
             0                 0          0       0          0             0      41133.480           0    90                       0                 0              0                0                0                    0          0     0          0      0         0                  0                 0                100            0      506       50      0                  0                   0                     0                   0           0
             0                 0          0       0          0             0      41133.480           0    91                       0                 0              0                0                0                    0          0     0          0      0         0                  0                 0                100            0      506       50      0                  0                   0                     0                   0           0
             0                 0          0       0          0             0      41133.480           0    92                       0                 0              0                0                0                    0          0     0          0      0         0                  0                 0                100            0      506       50      0                  0                   0                     0                   0           0
             0                 0          0       0          0             0      41133.480           0    93                       0                 0              0                0                0                    0          0     0          0      0         0                  0                 0                100            0      506       50      0                  0                   0                     0                   0           0
             0                 0          0       0          0             0      41133.480           0    94                       0                 0              0                0                0                    0          0     0          0      0         0                  0                 0                100            0      506       50      0                  0                   0                     0                   0           0
             0                 0          0       0          0             0      41133.480           0    95                       0                 0              0                0                0                    0          0     0          0      0         0                  0                 0                100            0      506       50      0                  0                   0                     0                   0           0
             0                 0          0       0          0             0      41133.480           0    96                       0                 0              0                0                0                    0          0     0          0      0         0                  0                 0                100            0      506       50      0                  0                   0                     0                   0           0
             0                 0          0       0          0             0      41133.480           0    97                       0                 0              0                0                0                    0          0     0          0      0         0                  0                 0                100            0      506       50      0                  0                   0                     0                   0           0
             0                 0          0       0          0             0      41133.480           0    98                       0                 0              0                0                0                    0          0     0          0      0         0                  0                 0                100            0      506       50      0                  0                   0                     0                   0           0
             0                 0          0       0          0             0      41133.480           0    99                       0                 0              0                0                0                    0          0     0          0      0         0                  0                 0                100            0      506       50      0                  0                   0                     0                   0           0
#pos runNum=0 0@(1.00000,1.00000)@0 1@(1.20680,0.95952)@640 2@(0.99978,0.58424)@853 3@(0.99232,0.97834)@568 4@(0.98111,0.95637)@512 5@(1.08489,0.82363)@731 6@(1.05080,0.93133)@1136 7@(1.07256,0.73189)@1371 8@(1.01313,1.07288)@731 9@(1.05688,0.96239)@568 10@(1.25076,1.17638)@1299 11@(1.14906,0.92359)@1208 12@(0.92529,1.03797)@853 13@(0.83824,1.03933)@1208 14@(1.01001,1.16563)@568 15@(0.93373,1.01371)@568 16@(1.11444,1.04459)@568 17@(0.82247,1.21181)@640 18@(1.20517,0.86955)@731 19@(0.89875,1.08052)@853 20@(0.82690,1.00676)@1136 21@(1.02431,1.13078)@1136 22@(1.07078,0.84063)@1208 23@(0.93280,0.90679)@853 24@(1.07892,0.80208)@1299 25@(0.80016,0.76745)@1776 26@(0.84311,0.89623)@640 27@(0.92310,1.05365)@568 28@(0.89208,0.96362)@568 29@(1.29262,1.21481)@853 30@(0.96258,1.05688)@568 31@(1.01073,0.74563)@1421 32@(0.95898,0.88265)@1280 33@(0.87716,1.17570)@1080 34@(0.86428,1.23304)@640 35@(1.34580,0.76770)@1024 36@(1.33491,1.02024)@2030 37@(0.76175,0.82084)@1462 38@(0.99762,1.22871)@731 39@(1.34456,0.77671)@1371 40@(1.20719,0.99059)@1989 41@(1.15917,0.75118)@1371 42@(1.23340,1.13525)@1208 43@(1.26640,1.02136)@1136 44@(1.04798,1.12617)@1867 45@(0.81449,0.58989)@1421 46@(0.83237,0.78218)@1706 47@(1.28532,0.95532)@2218 48@(1.28131,1.01609)@1208 49@(0.83438,0.73847)@2274
#links runNum=0 26-32@-88dBm@0.918 3-7@-88dBm@0.906 21-42@-92dBm@0.670 1-4@-93dBm@0.654 0-38@-91dBm@0.730 16-28@-95dBm@0.228 11-32@-95dBm@0.218 5-6@-85dBm@0.962 4-45@-96dBm@0.127 30-34@-96dBm@0.173 0-9@-87dBm@0.949 10-36@-91dBm@0.778 6-44@-95dBm@0.195 26-27@-86dBm@0.957 13-22@-91dBm@0.774 0-16@-85dBm@0.960 30-44@-81dBm@0.985 10-29@-82dBm@0.981 16-32@-89dBm@0.870 3-24@-96dBm@0.104 21-40@-97dBm@0.016 15-45@-93dBm@0.629 4-8@-82dBm@0.984 37-49@-96dBm@0.135 14-21@-73dBm@1.000 28-35@-94dBm@0.332 30-33@-93dBm@0.653 4-29@-94dBm@0.488 5-32@-84dBm@0.973 20-46@-90dBm@0.863 10-41@-93dBm@0.645 8-26@-91dBm@0.724 8-14@-80dBm@0.989 19-27@-86dBm@0.957 22-47@-88dBm@0.923 6-35@-91dBm@0.759 1-11@-82dBm@0.981 15-25@-93dBm@0.639 29-35@-95dBm@0.273 5-28@-96dBm@0.162 9-43@-96dBm@0.188 15-17@-89dBm@0.890 7-27@-94dBm@0.346 5-31@-94dBm@0.383 15-27@-92dBm@0.679 0-2@-93dBm@0.641 36-42@-87dBm@0.940 13-20@-77dBm@1.000 20-27@-87dBm@0.943 5-26@-92dBm@0.709 0-19@-92dBm@0.662 18-31@-89dBm@0.883 20-30@-84dBm@0.974 38-49@-95dBm@0.236 12-27@-80dBm@0.994 0-17@-90dBm@0.859 4-27@-96dBm@0.114 9-23@-87dBm@0.941 19-32@-90dBm@0.845 19-49@-94dBm@0.325 11-43@-93dBm@0.569 4-19@-93dBm@0.641 7-37@-92dBm@0.711 0-35@-93dBm@0.559 4-10@-93dBm@0.582 1-39@-91dBm@0.791 24-27@-94dBm@0.361 5-22@-69dBm@1.000 8-19@-88dBm@0.921 7-35@-93dBm@0.651 0-23@-92dBm@0.666 41-47@-92dBm@0.713 6-40@-92dBm@0.684 45-46@-96dBm@0.187 1-3@-94dBm@0.503 3-30@-83dBm@0.974 3-15@-82dBm@0.984 14-18@-92dBm@0.706 2-46@-93dBm@0.644 32-41@-95dBm@0.224 3-13@-90dBm@0.855 19-34@-89dBm@0.881 16-36@-94dBm@0.498 14-28@-88dBm@0.937 28-32@-87dBm@0.948 2-31@-87dBm@0.938 12-29@-93dBm@0.560 18-40@-91dBm@0.755 15-18@-91dBm@0.721 6-28@-88dBm@0.932 41-48@-93dBm@0.646 0-8@-92dBm@0.711 15-19@-85dBm@0.965 35-41@-95dBm@0.201 4-7@-91dBm@0.728 15-26@-84dBm@0.972 14-26@-91dBm@0.768 9-20@-95dBm@0.309 0-29@-93dBm@0.660 8-39@-93dBm@0.592 13-38@-95dBm@0.256 2-3@-93dBm@0.548 1-26@-97dBm@0.017 18-36@-90dBm@0.863 0-18@-91dBm@0.724 14-17@-88dBm@0.936 4-13@-92dBm@0.710 3-26@-87dBm@0.947 20-34@-90dBm@0.863 12-26@-85dBm@0.966 0-30@-86dBm@0.956 21-30@-93dBm@0.660 9-48@-92dBm@0.676 17-38@-85dBm@0.959 37-43@-95dBm@0.227 3-22@-89dBm@0.878 30-32@-90dBm@0.805 14-44@-87dBm@0.948 29-36@-96dBm@0.132 24-31@-79dBm@0.999 10-34@-92dBm@0.671 23-46@-89dBm@0.876 36-47@-96dBm@0.080 1-35@-90dBm@0.841 35-48@-94dBm@0.336 11-41@-91dBm@0.738 32-49@-92dBm@0.664 20-25@-92dBm@0.673 0-27@-86dBm@0.951 22-26@-94dBm@0.445 5-13@-97dBm@0.051 0-4@-75dBm@1.000 44-47@-97dBm@0.001 2-7@-96dBm@0.089 3-11@-88dBm@0.935 16-37@-93dBm@0.525 16-48@-95dBm@0.229 23-36@-96dBm@0.122 15-16@-97dBm@0.033 21-29@-89dBm@0.870 17-19@-90dBm@0.836 1-22@-86dBm@0.951 18-41@-90dBm@0.836 16-43@-86dBm@0.957 17-28@-96dBm@0.166 6-7@-96dBm@0.192 34-44@-94dBm@0.360 22-44@-92dBm@0.717 6-24@-87dBm@0.948 33-34@-97dBm@0.026 37-46@-84dBm@0.974 23-31@-95dBm@0.207 36-40@-83dBm@0.974 47-48@-89dBm@0.868 6-13@-93dBm@0.591 3-5@-92dBm@0.687 0-3@-80dBm@0.989 16-23@-94dBm@0.499 9-29@-96dBm@0.103 21-27@-90dBm@0.811 1-48@-85dBm@0.962 15-49@-94dBm@0.376 43-48@-65dBm@1.000 31-41@-85dBm@0.961 15-32@-84dBm@0.974 4-33@-88dBm@0.917 3-4@-80dBm@0.994 39-40@-89dBm@0.897 20-33@-94dBm@0.406 4-22@-97dBm@0.049 31-43@-97dBm@0.050 4-47@-94dBm@0.322 25-26@-93dBm@0.620 3-6@-81dBm@0.986 32-45@-93dBm@0.612 12-28@-89dBm@0.868 36-48@-85dBm@0.959 17-20@-97dBm@0.023 6-18@-87dBm@0.946 30-41@-92dBm@0.680 0-34@-89dBm@0.888 40-44@-94dBm@0.480 7-32@-89dBm@0.865 7-16@-95dBm@0.234 7-30@-91dBm@0.772 22-41@-93dBm@0.562 0-15@-88dBm@0.933 6-36@-97dBm@0.057 9-24@-86dBm@0.954 5-11@-83dBm@0.974 0-5@-91dBm@0.748 9-30@-84dBm@0.970 23-28@-89dBm@0.869 11-20@-92dBm@0.675 24-39@-92dBm@0.713 3-10@-91dBm@0.766 6-8@-85dBm@0.961 3-21@-88dBm@0.937 36-43@-91dBm@0.785 1-8@-93dBm@0.636 9-16@-83dBm@0.978 16-27@-94dBm@0.418 5-18@-95dBm@0.233 33-37@-96dBm@0.161 4-17@-96dBm@0.184 5-47@-96dBm@0.153 11-31@-96dBm@0.100 0-12@-93dBm@0.611 1-7@-91dBm@0.735 31-44@-96dBm@0.164 5-8@-95dBm@0.199 35-39@-80dBm@0.989 30-48@-92dBm@0.713 30-36@-97dBm@0.002 6-46@-91dBm@0.743 8-12@-81dBm@0.985 1-14@-91dBm@0.771 11-44@-97dBm@0.022 27-37@-90dBm@0.864 10-19@-93dBm@0.581 3-12@-92dBm@0.676 3-38@-89dBm@0.867 41-49@-91dBm@0.804 4-6@-89dBm@0.866 0-26@-90dBm@0.865 25-43@-96dBm@0.089 32-47@-91dBm@0.797 23-38@-96dBm@0.093 3-20@-87dBm@0.946 21-44@-68dBm@1.000 3-31@-88dBm@0.927 0-33@-95dBm@0.307 19-30@-89dBm@0.899 10-42@-92dBm@0.694 23-32@-73dBm@1.000 1-27@-96dBm@0.190 17-23@-92dBm@0.667 32-37@-89dBm@0.867 27-28@-94dBm@0.399 6-9@-86dBm@0.957 7-24@-83dBm@0.978 1-2@-93dBm@0.638 13-39@-96dBm@0.114 24-40@-89dBm@0.901 2-24@-94dBm@0.441 18-39@-94dBm@0.473 15-29@-95dBm@0.241 26-44@-92dBm@0.715 3-42@-90dBm@0.864 6-38@-91dBm@0.729 17-43@-94dBm@0.460 3-25@-96dBm@0.093 40-42@-92dBm@0.662 4-49@-97dBm@0.070 12-15@-82dBm@0.981 20-23@-90dBm@0.865 41-46@-91dBm@0.777 5-14@-96dBm@0.170 18-35@-91dBm@0.729 4-9@-80dBm@0.992 35-47@-95dBm@0.206 10-44@-88dBm@0.938 0-14@-87dBm@0.942 13-32@-94dBm@0.323 0-28@-88dBm@0.919 9-11@-81dBm@0.986 1-49@-96dBm@0.115 9-37@-95dBm@0.253 0-1@-89dBm@0.885 12-48@-92dBm@0.680 30-31@-93dBm@0.608 4-12@-88dBm@0.934 27-30@-86dBm@0.957 46-48@-95dBm@0.230 25-28@-92dBm@0.666 21-41@-96dBm@0.151 2-39@-93dBm@0.585 20-41@-97dBm@0.070 9-22@-85dBm@0.965 5-24@-88dBm@0.917 46-49@-74dBm@1.000 3-23@-80dBm@0.995 13-19@-88dBm@0.933 39-44@-95dBm@0.216 33-44@-91dBm@0.726 26-33@-91dBm@0.734 6-25@-90dBm@0.863 19-28@-92dBm@0.671 8-20@-97dBm@0.074 1-32@-89dBm@0.889 8-9@-87dBm@0.943 22-30@-90dBm@0.860 19-25@-96dBm@0.079 1-5@-92dBm@0.686 24-41@-89dBm@0.869 5-10@-93dBm@0.656 10-17@-94dBm@0.348 6-21@-91dBm@0.762 45-49@-97dBm@0.068 26-45@-91dBm@0.740 8-37@-91dBm@0.727 2-28@-96dBm@0.136 12-36@-93dBm@0.532 20-26@-97dBm@0.058 34-43@-95dBm@0.254 16-41@-95dBm@0.211 18-30@-92dBm@0.712 10-16@-92dBm@0.701 3-14@-87dBm@0.939 23-29@-96dBm@0.167
#aveChargePerCycle runNum=0 0@148.42 1@34.54 2@24.56 3@41.94 4@13.85 5@8.38 6@12.13 7@1.94 8@10.44 9@1.94 10@17.61 11@1.30 12@2.59 13@1.30 14@1.30 15@15.33 16@7.33 17@1.30 18@10.68 19@1.30 20@1.30 21@1.94 22@1.30 23@1.94 24@1.30 25@1.30 26@1.30 27@1.30 28@1.94 29@1.94 30@1.30 31@1.30 32@1.30 33@5.19 34@1.94 35@2.59 36@1.30 37@1.30 38@1.30 39@1.30 40@2.59 41@1.30 42@1.30 43@1.30 44@1.30 45@2.59 46@1.94 47@1.30 48@1.30 49@3.89