## dioPeriod = 1.0
## startTime = 1502276497.08
## numMotes = 50
## otfHousekeepingPeriod = 1.0
## slotframeLength = 101
## squareSide = 2.0
## cpuID = 71
## sixtopPdrThreshold = 1.5
## slotDuration = 0.01
## sixtopNoHousekeeping = 0
## pkPeriodVar = 0.05
## numCyclesPerRun = 100
## numRuns = 1
## otfThreshold = 1
## sixtopNoRemoveWorstCell = 0
## burstTimestamp = 20
## simDataDir = simData
## numChans = 16
## minRssi = -97
## noInterference = 0
## algorithm = local_voting
## numPacketsBurst = 5
## gui = False
## pkPeriod = None
## combinationKeys = ['algorithm', 'numMotes', 'otfThreshold']
## sixtopHousekeepingPeriod = 1.0


# appGenerated appReachesDagroot appRelayed aveHops aveLatency aveQueueDelay chargeConsumed collidedTxs cycle droppedAppFailedEnqueue droppedMacRetries droppedNoRoute droppedNoTxCells droppedQueueFull effectiveCollidedTxs numRxCells numTx numTxCells otfAdd otfRemove probableCollisions rplChurnParentSet rplChurnPrefParent rplChurnRank rplRxDIO rplTxDIO runNum scheduleCollisions topRxRelocatedCells topTxRelocatedBundles topTxRelocatedCells txQueueFill
             0                 0          0       0          0             0              0           0     0                       0                 0              0                0                0                    0          0     0          0      0         0                  0                 0                  0            0        0        0      0                  0                   0                     0                   0           0
             0                 0          0       0          0             0              0           0     1                       0                 0              0                0                0                    0          0     0          0      0         0                  0               148                102            9      517       50      0                  0                   0                     0                   0           0
             0                 0          0       0          0             0              0           0     2                       0                 0              0                0                0                    0          0     0          0      0         0                  0                 0                151            0      517       50      0                  0                   0                     0                   0           0
             0                 0          0       0          0             0              0           0     3                       0                 0              0                0                0                    0          0     0          0      0         0                  0                 0                151            0      517       50      0                  0                   0                     0                   0           0
             0                 0          0       0          0             0              0           0     4                       0                 0              0                0                0                    0          0     0          0      0         0                  0                 0                151            0      517       50      0                  0                   0                     0                   0           0
             0                 0          0       0          0             0              0           0     5                       0                 0              0                0                0                    0          0     0          0      0         0                  0                 0                151            0      517       50      0                  0                   0                     0                   0           0
             0                 0          0       0          0             0              0           0     6                       0                 0              0                0                0                    0          0     0          0      0         0                  0                 0                151            0      517       50      0                  0                   0                     0                   0           0
             0                 0          0       0          0             0              0           0     7                       0                 0              0                0                0                    0          0     0          0      0         0                  0                 0                151            0      517       50      0                  0                   0                     0                   0           0
             0                 0          0       0          0             0              0           0     8                       0                 0              0                0                0                    0          0     0          0      0         0                  0                 0                151            0      517       50      0                  0                   0                     0                   0           0
             0                 0          0       0          0             0              0           0     9                       0                 0              0                0                0                    0          0     0          0      0         0                  0                 0                151            0      517       50      0                  0                   0                     0                   0           0
             0                 0          0       0          0             0              0           0    10                       0                 0              0                0                0                    0          0     0          0      0         0                  0                 0                151            0      517       50      0                  0                   0                     0                   0           0
             0                 0          0       0          0             0              0           0    11                       0                 0              0                0                0                    0          0     0          0      0         0                  0                 0                151            0      517       50      0                  0                   0                     0                   0           0
             0                 0          0       0          0             0              0           0    12                       0                 0              0                0                0                    0          0     0          0      0         0                  0                 0                151            0      517       50      0                  0                   0                     0                   0           0
             0                 0          0       0          0             0              0           0    13                       0                 0              0                0                0                    0          0     0          0      0         0                  0                 0                151            0      517       50      0                  0                   0                     0                   0           0
             0                 0          0       0          0             0              0           0    14                       0                 0              0                0                0                    0          0     0          0      0         0                  0                 0                151            0      517       50      0                  0                   0                     0                   0           0
             0                 0          0       0          0             0              0           0    15                       0                 0              0                0                0                    0          0     0          0      0         0                  0                 0                151            0      517       50      0                  0                   0                     0                   0           0
             0                 0          0       0          0             0              0           0    16                       0                 0              0                0                0                    0          0     0          0      0         0                  0                 0                151            0      517       50      0                  0                   0                     0                   0           0
             0                 0          0       0          0             0              0           0    17                       0                 0              0                0                0                    0          0     0          0      0         0                  0                 0                151            0      517       50      0                  0                   0                     0                   0           0
             0                 0          0       0          0             0              0           0    18                       0                 0              0                0                0                    0          0     0          0      0         0                  0                 0                151            0      517       50      0                  0                   0                     0                   0           0
            49                 1          6   1.000     18.000        80.000       1334.100           2    19                       0                 0              0                0                0                    0         72    10         72      0         0                  0                 0                151            0      517       50      0                  1                   0                     0                   0          48
             0                25         31   1.600     86.880      2897.500      13787.080          52    20                       0                 0              0                0                0                    5        302    69        302      0         0                  0                 9                154           24      517       50      0                 27                   0                     0                   0          23
             0                21          6   2.143    160.333      1213.444      22287.140           4    21                       0                 0              0                0                0                    2        120    35        120      0         0                  0                13                164           55      517       50      0                  2                   0                     0                   0           2
             0                 2          0   3.000    225.500        65.000      24759.980           0    22                       0                 0              0                0                0                    0          0     0          0      0         0                  0                 5                154           52      517       50      0                  0                   0                     0                   0           0
             0                 0          0       0          0             0      24759.980           0    23                       0                 0              0                0                0                    0          0     0          0      0         0                  0                 5                144           28      517       50      0                  0                   0                     0                   0           0
             0                 0          0       0          0             0      24759.980           0    24                       0                 0              0                0                0                    0          0     0          0      0         0                  0                 0                142            0      517       50      0                  0                   0                     0                   0           0
             0                 0          0       0          0             0      24759.980           0    25                       0                 0              0                0                0                    0          0     0          0      0         0                  0                 0                142            0      517       50      0                  0                   0                     0                   0           0
             0                 0          0       0          0             0      24759.980           0    26                       0                 0              0                0                0                    0          0     0          0      0         0                  0                 0                142            0      517       50      0                  0                   0                     0                   0           0
             0                 0          0       0          0             0      24759.980           0    27                       0                 0              0                0                0                    0          0     0          0      0         0                  0                 0                142            0      517       50      0                  0                   0                     0                   0           0
             0                 0          0       0          0             0      24759.980           0    28                       0                 0              0                0                0                    0          0     0          0      0         0                  0                 0                142            0      517       50      0                  0                   0                     0                   0           0
             0                 0          0       0          0             0      24759.980           0    29                       0                 0              0                0                0                    0          0     0          0      0         0                  0                 0                142            0      517       50      0                  0                   0                     0                   0           0
             0                 0          0       0          0             0      24759.980           0    30                       0                 0              0                0                0                    0          0     0          0      0         0                  0                 0                142            0      517       50      0                  0                   0                     0                   0           0
             0                 0          0       0          0             0      24759.980           0    31                       0                 0              0                0                0                    0          0     0          0      0         0                  0                 0                142            0      517       50      0                  0                   0                     0                   0           0
             0                 0          0       0          0             0      24759.980           0    32                       0                 0              0                0                0                    0          0     0          0      0         0                  0                 0                142            0      517       50      0                  0                   0                     0                   0           0
             0                 0          0       0          0             0      24759.980           0    33                       0                 0              0                0                0                    0          0     0          0      0         0                  0                 0                142            0      517       50      0                  0                   0                     0                   0           0
             0                 0          0       0          0             0      24759.980           0    34                       0                 0              0                0                0                    0          0     0          0      0         0                  0                 0                142            0      517       50      0                  0                   0                     0                   0           0
             0                 0          0       0          0             0      24759.980           0    35                       0                 0              0                0                0                    0          0     0          0      0         0                  0                 0                142            0      517       50      0                  0                   0                     0                   0           0
             0                 0          0       0          0             0      24759.980           0    36                       0                 0              0                0                0                    0          0     0          0      0         0                  0                 0                142            0      517       50      0                  0                   0                     0                   0           0
             0                 0          0       0          0             0      24759.980           0    37                       0                 0              0                0                0                    0          0     0          0      0         0                  0                 0                142            0      517       50      0                  0                   0                     0                   0           0
             0                 0          0       0          0             0      24759.980           0    38                       0                 0              0                0                0                    0          0     0          0      0         0                  0                 0                142            0      517       50      0                  0                   0                     0                   0           0
             0                 0          0       0          0             0      24759.980           0    39                       0                 0              0                0                0                    0          0     0          0      0         0                  0                 0                142            0      517       50      0                  0                   0                     0                   0           0
             0                 0          0       0          0             0      24759.980           0    40                       0                 0              0                0                0                    0          0     0          0      0         0                  0                 0                142            0      517       50      0                  0                   0                     0                   0           0
             0                 0          0       0          0             0      24759.980           0    41                       0                 0              0                0                0                    0          0     0          0      0         0                  0                 0                142            0      517       50      0                  0                   0                     0                   0           0
             0                 0          0       0          0             0      24759.980           0    42                       0                 0              0                0                0                    0          0     0          0      0         0                  0                 0                142            0      517       50      0                  0                   0                     0                   0           0
             0                 0          0       0          0             0      24759.980           0    43                       0                 0              0                0                0                    0          0     0          0      0         0                  0                 0                142            0      517       50      0                  0                   0                     0                   0           0
             0                 0          0       0          0             0      24759.980           0    44                       0                 0              0                0                0                    0          0     0          0      0         0                  0                 0                142            0      517       50      0                  0                   0                     0                   0           0
             0                 0          0       0          0             0      24759.980           0    45                       0                 0              0                0                0                    0          0     0          0      0         0                  0                 0                142            0      517       50      0                  0                   0                     0                   0           0
             0                 0          0       0          0             0      24759.980           0    46                       0                 0              0                0                0                    0          0     0          0      0         0                  0                 0                142            0      517       50      0                  0                   0                     0                   0           0
             0                 0          0       0          0             0      24759.980           0    47                       0                 0              0                0                0                    0          0     0          0      0         0                  0                 0                142            0      517       50      0                  0                   0                     0                   0           0
             0                 0          0       0          0             0      24759.980           0    48                       0                 0              0                0                0                    0          0     0          0      0         0                  0                 0                142            0      517       50      0                  0                   0                     0                   0           0
             0                 0          0       0          0             0      24759.980           0    49                       0                 0              0                0                0                    0          0     0          0      0         0                  0                 0                142            0      517       50      0                  0                   0                     0                   0           0
             0                 0          0       0          0             0      24759.980           0    50                       0                 0              0                0                0                    0          0     0          0      0         0                  0                 0                142            0      517       50      0                  0                   0                     0                   0           0
             0                 0          0       0          0             0      24759.980           0    51                       0                 0              0                0                0                    0          0     0          0      0         0                  0                 0                142            0      517       50      0                  0                   0                     0                   0           0
             0                 0          0       0          0             0      24759.980           0    52                       0                 0              0                0                0                    0          0     0          0      0         0                  0                 0                142            0      517       50      0                  0                   0                     0                   0           0
             0                 0          0       0          0             0      24759.980           0    53                       0                 0              0                0                0                    0          0     0          0      0         0                  0                 0                142            0      517       50      0                  0                   0                     0                   0           0
             0                 0          0       0          0             0      24759.980           0    54                       0                 0              0                0                0                    0          0     0          0      0         0                  0                 0                142            0      517       50      0                  0                   0                     0                   0           0
             0                 0          0       0          0             0      24759.980           0    55                       0                 0              0                0                0                    0          0     0          0      0         0                  0                 0                142            0      517       50      0                  0                   0                     0                   0           0
             0                 0          0       0          0             0      24759.980           0    56                       0                 0              0                0                0                    0          0     0          0      0         0                  0                 0                142            0      517       50      0                  0                   0                     0                   0           0
             0                 0          0       0          0             0      24759.980           0    57                       0                 0              0                0                0                    0          0     0          0      0         0                  0                 0                142            0      517       50      0                  0                   0                     0                   0           0
             0                 0          0       0          0             0      24759.980           0    58                       0                 0              0                0                0                    0          0     0          0      0         0                  0                 0                142            0      517       50      0                  0                   0                     0                   0           0
            49                 3         17   1.333     54.333       694.500      28795.100          11    59                       0                 0              0                0                0                    3        176    26        176      0         0                  0                 0                142            0      517       50      0                  6                   0                     0                   0          46
             0                43         26   1.907    112.535      2657.701      44777.980          22    60                       0                 0              0                0                4                    2        183    73        183      0         0                  1                 4                150           29      517       50      0                 11                   1                     0                   0           3
             0                 3          0   2.000    180.000        71.333      46334.740           0    61                       0                 0              0                0                0                    0          0     0          0      0         0                  0                16                129           55      517       50      0                  0                   0                     0                   0           0
             0                 0          0       0          0             0      46334.740           0    62                       0                 0              0                0                0                    0          0     0          0      0         0                  0                 5                147           46      517       50      0                  0                   0                     0                   0           0
             0                 0          0       0          0             0      46334.740           0    63                       0                 0              0                0                0                    0          0     0          0      0         0                  0                 7                142            0      517       50      0                  0                   0                     0                   0           0
             0                 0          0       0          0             0      46334.740           0    64                       0                 0              0                0                0                    0          0     0          0      0         0                  0                 0                142            0      517       50      0                  0                   0                     0                   0           0
             0                 0          0       0          0             0      46334.740           0    65                       0                 0              0                0                0                    0          0     0          0      0         0                  0                 0                142            0      517       50      0                  0                   0                     0                   0           0
             0                 0          0       0          0             0      46334.740           0    66                       0                 0              0                0                0                    0          0     0          0      0         0                  0                 0                142            0      517       50      0                  0                   0                     0                   0           0
             0                 0          0       0          0             0      46334.740           0    67                       0                 0              0                0                0                    0          0     0          0      0         0                  0                 0                142            0      517       50      0                  0                   0                     0                   0           0
             0                 0          0       0          0             0      46334.740           0    68                       0                 0              0                0                0                    0          0     0          0      0         0                  0                 0                142            0      517       50      0                  0                   0                     0                   0           0
             0                 0          0       0          0             0      46334.740           0    69                       0                 0              0                0                0                    0          0     0          0      0         0                  0                 0                142            0      517       50      0                  0                   0                     0                   0           0
             0                 0          0       0          0             0      46334.740           0    70                       0                 0              0                0                0                    0          0     0          0      0         0                  0                 0                142            0      517       50      0                  0                   0                     0                   0           0
             0                 0          0       0          0             0      46334.740           0    71                       0                 0              0                0                0                    0          0     0          0      0         0                  0                 0                142            0      517       50      0                  0                   0                     0                   0           0
             0                 0          0       0          0             0      46334.740           0    72                       0                 0              0                0                0                    0          0     0          0      0         0                  0                 0                142            0      517       50      0                  0                   0                     0                   0           0
             0                 0          0       0          0             0      46334.740           0    73                       0                 0              0                0                0                    0          0     0          0      0         0                  0                 0                142            0      517       50      0                  0                   0                     0                   0           0
             0                 0          0       0          0             0      46334.740           0    74                       0                 0              0                0                0                    0          0     0          0      0         0                  0                 0                142            0      517       50      0                  0                   0                     0                   0           0
             0                 0          0       0          0             0      46334.740           0    75                       0                 0              0                0                0                    0          0     0          0      0         0                  0                 0                142            0      517       50      0                  0                   0                     0                   0           0
             0                 0          0       0          0             0      46334.740           0    76                       0                 0              0                0                0                    0          0     0          0      0         0                  0                 0                142            0      517       50      0                  0                   0                     0                   0           0
             0                 0          0       0          0             0      46334.740           0    77                       0                 0              0                0                0                    0          0     0          0      0         0                  0                 0                142            0      517       50      0                  0                   0                     0                   0           0
             0                 0          0       0          0             0      46334.740           0    78                       0                 0              0                0                0                    0          0     0          0      0         0                  0                 0                142            0      517       50      0                  0                   0                     0                   0           0
             0                 0          0       0          0             0      46334.740           0    79                       0                 0              0                0                0                    0          0     0          0      0         0                  0                 0                142            0      517       50      0                  0                   0                     0                   0           0
             0                 0          0       0          0             0      46334.740           0    80                       0                 0              0                0                0                    0          0     0          0      0         0                  0                 0                142            0      517       50      0                  0                   0                     0                   0           0
             0                 0          0       0          0             0      46334.740           0    81                       0                 0              0                0                0                    0          0     0          0      0         0                  0                 0                142            0      517       50      0                  0                   0                     0                   0           0
             0                 0          0       0          0             0      46334.740           0    82                       0                 0              0                0                0                    0          0     0          0      0         0                  0                 0                142            0      517       50      0                  0                   0                     0                   0           0
             0                 0          0       0          0             0      46334.740           0    83                       0                 0              0                0                0                    0          0     0          0      0         0                  0                 0                142            0      517       50      0                  0                   0                     0                   0           0
             0                 0          0       0          0             0      46334.740           0    84                       0                 0              0                0                0                    0          0     0          0      0         0                  0                 0                142            0      517       50      0                  0                   0                     0                   0           0
             0                 0          0       0          0             0      46334.740           0    85                       0                 0              0                0                0                    0          0     0          0      0         0                  0                 0                142            0      517       50      0                  0                   0                     0                   0           0
             0                 0          0       0          0             0      46334.740           0    86                       0                 0              0                0                0                    0          0     0          0      0         0                  0                 0                142            0      517       50      0                  0                   0                     0                   0           0
             0                 0          0       0          0             0      46334.740           0    87                       0                 0              0                0                0                    0          0     0          0      0         0                  0                 0                142            0      517       50      0                  0                   0                     0                   0           0
             0                 0          0       0          0             0      46334.740           0    88                       0                 0              0                0                0                    0          0     0          0      0         0                  0                 0                142            0      517       50      0                  0                   0                     0                   0           0
             0                 0          0       0          0             0      46334.740           0    89                       0                 0              0                0                0                    0          0     0          0      0         0                  0                 0                142            0      517       50      0                  0                   0                     0                   0           0
             0                 0          0       0          0             0      46334.740           0    90                       0                 0              0                0                0                    0          0     0          0      0         0                  0                 0                142            0      517       50      0                  0                   0                     0                   0           0
             0                 0          0       0          0             0      46334.740           0    91                       0                 0              0                0                0                    0          0     0          0      0         0                  0                 0                142            0      517       50      0                  0                   0                     0                   0           0
             0                 0          0       0          0             0      46334.740           0    92                       0                 0              0                0                0                    0          0     0          0      0         0                  0                 0                142            0      517       50      0                  0                   0                     0                   0           0
             0                 0          0       0          0             0      46334.740           0    93                       0                 0              0                0                0                    0          0     0          0      0         0                  0                 0                142            0      517       50      0                  0                   0                     0                   0           0
             0                 0          0       0          0             0      46334.740           0    94                       0                 0              0                0                0                    0          0     0          0      0         0                  0                 0                142            0      517       50      0                  0                   0                     0                   0           0
             0                 0          0       0          0             0      46334.740           0    95                       0                 0              0                0                0                    0          0     0          0      0         0                  0                 0                142            0      517       50      0                  0                   0                     0                   0           0
             0                 0          0       0          0             0      46334.740           0    96                       0                 0              0                0                0                    0          0     0          0      0         0                  0                 0                142            0      517       50      0                  0                   0                     0                   0           0
             0                 0          0       0          0             0      46334.740           0    97                       0                 0              0                0                0                    0          0     0          0      0         0                  0                 0                142            0      517       50      0                  0                   0                     0                   0           0
             0                 0          0       0          0             0      46334.740           0    98                       0                 0              0                0                0                    0          0     0          0      0         0                  0                 0                142            0      517       50      0                  0                   0                     0                   0           0
             0                 0          0       0          0             0      46334.740           0    99                       0                 0              0                0                0                    0          0     0          0      0         0                  0                 0                142            0      517       50      0                  0                   0                     0                   0           0
#pos runNum=0 0@(1.00000,1.00000)@0 1@(1.06945,0.71317)@853 2@(0.94668,0.77940)@640 3@(1.08493,1.05924)@568 4@(0.96695,0.85406)@1706 5@(1.08121,0.76362)@1421 6@(1.01807,0.88179)@853 7@(1.07720,0.94860)@1493 8@(1.16984,0.66822)@1706 9@(1.15578,0.82137)@1208 10@(0.82194,0.92483)@1493 11@(1.14925,0.83518)@1706 12@(1.15551,0.81103)@1208 13@(1.09598,1.09001)@1493 14@(1.17908,0.98525)@640 15@(1.09662,0.79781)@1493 16@(1.06374,0.67761)@1365 17@(1.10701,1.00415)@568 18@(0.91633,0.53353)@1371 19@(1.27136,0.88009)@2133 20@(1.26861,0.93688)@1493 21@(1.16007,0.86765)@1421 22@(1.34466,0.54199)@2437 23@(1.38434,0.95482)@1592 24@(1.23620,1.08381)@731 25@(0.97096,0.80347)@1421 26@(1.45174,0.89899)@1877 27@(1.12450,0.58282)@1421 28@(0.97019,1.16653)@1208 29@(0.82415,0.95537)@1493 30@(1.31432,0.65641)@1493 31@(1.09087,1.08117)@1584 32@(0.98863,0.94953)@1421 33@(1.14659,0.78197)@640 34@(0.77848,0.79695)@1421 35@(0.68404,0.72584)@1024 36@(1.28881,0.65777)@1933 37@(1.06612,0.64584)@1280 38@(1.28640,0.61194)@2559 39@(1.02984,0.59629)@853 40@(1.07579,1.06983)@568 41@(1.03862,1.03537)@568 42@(1.13513,0.57712)@1933 43@(0.95092,0.94217)@1136 44@(1.05213,1.11569)@1136 45@(1.56296,0.63788)@2445 46@(0.78509,0.98101)@1208 47@(0.79734,0.87010)@1280 48@(1.01184,0.90926)@1208 49@(0.98777,0.48868)@1939
#links runNum=0 0-17@-85dBm@0.960 13-17@-88dBm@0.903 9-36@-96dBm@0.089 5-39@-89dBm@0.888 1-4@-93dBm@0.659 14-24@-92dBm@0.686 10-17@-91dBm@0.733 23-26@-85dBm@0.960 3-40@-93dBm@0.656 5-14@-91dBm@0.768 11-13@-95dBm@0.219 3-15@-94dBm@0.372 18-49@-85dBm@0.961 42-49@-94dBm@0.357 2-37@-90dBm@0.846 27-42@-69dBm@1.000 11-21@-96dBm@0.107 1-40@-92dBm@0.663 25-37@-97dBm@0.042 4-8@-93dBm@0.603 8-30@-92dBm@0.669 1-31@-92dBm@0.708 25-34@-91dBm@0.795 3-4@-90dBm@0.836 10-31@-95dBm@0.217 9-12@-75dBm@1.000 14-33@-88dBm@0.934 24-40@-88dBm@0.922 5-41@-89dBm@0.866 12-22@-93dBm@0.577 30-36@-83dBm@0.974 10-11@-92dBm@0.682 1-11@-92dBm@0.695 15-44@-92dBm@0.703 6-48@-80dBm@0.989 4-31@-93dBm@0.651 9-22@-95dBm@0.263 3-43@-88dBm@0.925 38-44@-96dBm@0.156 11-14@-90dBm@0.849 12-20@-89dBm@0.865 6-10@-95dBm@0.243 19-39@-92dBm@0.667 14-21@-90dBm@0.824 0-2@-90dBm@0.865 38-48@-94dBm@0.431 4-11@-95dBm@0.315 4-33@-91dBm@0.741 31-44@-84dBm@0.969 7-43@-93dBm@0.543 24-26@-91dBm@0.725 40-47@-91dBm@0.762 11-34@-97dBm@0.066 0-24@-91dBm@0.720 35-37@-95dBm@0.201 2-13@-92dBm@0.697 6-26@-93dBm@0.580 12-21@-96dBm@0.189 1-16@-78dBm@1.000 12-42@-94dBm@0.498 3-33@-94dBm@0.407 5-7@-93dBm@0.565 1-30@-90dBm@0.838 34-47@-92dBm@0.685 22-25@-96dBm@0.183 8-33@-95dBm@0.238 5-12@-87dBm@0.939 27-47@-96dBm@0.174 7-13@-85dBm@0.967 17-28@-89dBm@0.879 8-22@-91dBm@0.791 41-46@-91dBm@0.757 23-41@-96dBm@0.147 1-3@-92dBm@0.666 10-34@-92dBm@0.669 15-31@-90dBm@0.834 5-20@-93dBm@0.659 7-19@-89dBm@0.884 0-33@-90dBm@0.863 12-33@-88dBm@0.935 21-36@-89dBm@0.870 7-41@-82dBm@0.981 36-43@-95dBm@0.308 5-49@-95dBm@0.217 12-37@-96dBm@0.161 1-27@-88dBm@0.920 9-27@-90dBm@0.863 6-35@-95dBm@0.310 17-44@-86dBm@0.950 15-43@-96dBm@0.107 13-19@-95dBm@0.266 27-39@-96dBm@0.174 38-42@-85dBm@0.960 32-43@-78dBm@1.000 8-36@-97dBm@0.057 12-16@-94dBm@0.509 2-21@-89dBm@0.882 15-21@-96dBm@0.166 2-6@-83dBm@0.974 27-49@-95dBm@0.231 28-36@-97dBm@0.004 23-36@-94dBm@0.406 22-38@-89dBm@0.869 29-49@-94dBm@0.333 24-47@-97dBm@0.003 4-13@-93dBm@0.587 4-19@-92dBm@0.714 11-37@-88dBm@0.934 16-19@-97dBm@0.006 2-4@-79dBm@1.000 25-46@-90dBm@0.836 20-23@-83dBm@0.976 1-25@-88dBm@0.929 10-15@-93dBm@0.641 11-43@-95dBm@0.288 9-11@-86dBm@0.958 6-37@-90dBm@0.863 9-44@-95dBm@0.263 13-31@-82dBm@0.984 12-48@-96dBm@0.165 29-46@-86dBm@0.958 8-40@-92dBm@0.666 11-41@-91dBm@0.771 24-44@-92dBm@0.714 1-9@-93dBm@0.592 7-12@-95dBm@0.228 9-10@-91dBm@0.743 6-43@-85dBm@0.960 10-35@-90dBm@0.865 31-33@-96dBm@0.178 19-23@-92dBm@0.684 18-40@-97dBm@0.065 3-23@-93dBm@0.543 17-21@-86dBm@0.956 7-37@-97dBm@0.040 0-40@-81dBm@0.985 25-36@-93dBm@0.650 33-42@-96dBm@0.170 5-16@-90dBm@0.832 6-18@-92dBm@0.704 14-31@-93dBm@0.604 9-49@-94dBm@0.437 31-48@-92dBm@0.708 16-27@-93dBm@0.606 2-10@-93dBm@0.658 25-42@-91dBm@0.764 40-46@-90dBm@0.845 14-41@-92dBm@0.671 8-26@-95dBm@0.236 1-47@-93dBm@0.654 24-32@-89dBm@0.868 6-7@-89dBm@0.893 11-33@-90dBm@0.864 16-21@-95dBm@0.310 8-38@-93dBm@0.654 15-48@-94dBm@0.468 13-28@-89dBm@0.867 12-31@-91dBm@0.754 9-33@-82dBm@0.984 0-3@-87dBm@0.941 14-29@-92dBm@0.662 8-16@-95dBm@0.234 15-49@-96dBm@0.090 25-28@-94dBm@0.510 23-32@-95dBm@0.313 9-14@-89dBm@0.900 7-16@-94dBm@0.323 0-35@-93dBm@0.583 5-40@-96dBm@0.105 5-37@-91dBm@0.740 43-46@-91dBm@0.723 7-11@-91dBm@0.794 1-21@-85dBm@0.959 25-33@-96dBm@0.180 47-48@-91dBm@0.739 3-6@-94dBm@0.470 11-40@-94dBm@0.381 4-36@-97dBm@0.070 46-48@-89dBm@0.872 9-21@-88dBm@0.908 11-19@-96dBm@0.099 3-41@-84dBm@0.972 30-48@-93dBm@0.612 10-32@-86dBm@0.950 16-36@-88dBm@0.917 32-40@-84dBm@0.969 21-24@-88dBm@0.926 4-29@-96dBm@0.155 3-34@-92dBm@0.672 4-46@-93dBm@0.661 6-25@-90dBm@0.862 37-42@-84dBm@0.974 16-42@-87dBm@0.940 2-36@-95dBm@0.296 31-43@-90dBm@0.842 8-21@-92dBm@0.703 22-45@-93dBm@0.605 2-3@-92dBm@0.668 15-33@-92dBm@0.694 4-18@-91dBm@0.778 18-33@-96dBm@0.134 34-37@-91dBm@0.777 17-40@-82dBm@0.981 7-17@-77dBm@1.000 17-41@-96dBm@0.099 16-48@-97dBm@0.054 0-14@-90dBm@0.862 18-42@-92dBm@0.680 16-22@-92dBm@0.709 13-20@-92dBm@0.697 14-16@-95dBm@0.230 3-24@-84dBm@0.974 21-37@-88dBm@0.934 20-40@-91dBm@0.733 20-21@-83dBm@0.974 4-30@-93dBm@0.645 37-38@-93dBm@0.637 13-48@-92dBm@0.676 1-7@-89dBm@0.865 14-26@-93dBm@0.529 5-8@-92dBm@0.686 13-21@-92dBm@0.703 19-21@-87dBm@0.938 15-38@-96dBm@0.117 5-19@-93dBm@0.638 1-39@-88dBm@0.936 11-45@-96dBm@0.080 7-40@-95dBm@0.208 27-46@-95dBm@0.253 6-21@-85dBm@0.960 21-29@-96dBm@0.128 4-6@-84dBm@0.971 1-5@-83dBm@0.974 21-48@-96dBm@0.109 7-33@-89dBm@0.867 39-42@-94dBm@0.419 2-25@-74dBm@1.000 4-10@-88dBm@0.912 14-27@-94dBm@0.372 31-40@-95dBm@0.194 2-18@-91dBm@0.730 13-44@-96dBm@0.099 25-30@-93dBm@0.654 36-42@-93dBm@0.642 36-38@-82dBm@0.985 2-31@-95dBm@0.204 34-43@-94dBm@0.453 5-38@-96dBm@0.154 28-43@-92dBm@0.666 1-2@-93dBm@0.643 23-45@-92dBm@0.700 26-45@-90dBm@0.865 5-21@-93dBm@0.629 9-46@-96dBm@0.151 1-37@-95dBm@0.283 30-49@-93dBm@0.572 6-17@-97dBm@0.055 9-43@-90dBm@0.865 16-23@-94dBm@0.413 35-49@-93dBm@0.587 0-47@-94dBm@0.488 24-28@-90dBm@0.865 14-43@-94dBm@0.331 11-12@-75dBm@1.000 7-10@-89dBm@0.875 2-48@-84dBm@0.974 9-42@-95dBm@0.235 30-38@-84dBm@0.974 2-20@-93dBm@0.638 40-41@-86dBm@0.950 29-48@-89dBm@0.868 4-15@-89dBm@0.874 0-1@-93dBm@0.645 10-42@-94dBm@0.336 0-41@-85dBm@0.960 9-41@-91dBm@0.735 5-15@-82dBm@0.984 41-47@-97dBm@0.031 16-39@-94dBm@0.378 16-32@-95dBm@0.236 5-34@-97dBm@0.012 2-5@-91dBm@0.774 7-32@-89dBm@0.901 29-41@-90dBm@0.863 3-5@-91dBm@0.729 25-32@-87dBm@0.944 32-48@-90dBm@0.864 11-44@-96dBm@0.114 34-49@-93dBm@0.660 34-39@-92dBm@0.708 4-43@-80dBm@0.992 7-29@-92dBm@0.698 1-8@-93dBm@0.658 36-47@-96dBm@0.122 36-39@-92dBm@0.703 5-9@-81dBm@0.987 6-32@-80dBm@0.989 0-6@-93dBm@0.659 11-15@-81dBm@0.985 23-38@-95dBm@0.305 20-41@-93dBm@0.573 5-36@-91dBm@0.780 0-39@-93dBm@0.645 34-35@-87dBm@0.941 28-34@-97dBm@0.011 10-29@-73dBm@1.000 3-9@-89dBm@0.868 22-37@-94dBm@0.394 28-40@-96dBm@0.184 27-34@-94dBm@0.399 1-33@-88dBm@0.937 2-11@-89dBm@0.867 2-16@-87dBm@0.941
#aveChargePerCycle runNum=0 0@133.17 1@80.20 2@35.72 3@27.19 4@4.50 5@1.54 6@15.06 7@3.70 8@14.97 9@1.30 10@1.94 11@1.30 12@1.30 13@2.59 14@9.52 15@1.94 16@13.76 17@18.04 18@9.21 19@1.30 20@1.30 21@1.30 22@1.94 23@15.33 24@3.24 25@1.30 26@2.59 27@1.30 28@1.30 29@1.30 30@1.94 31@1.94 32@1.30 33@13.76 34@2.59 35@2.59 36@1.94 37@1.30 38@2.59 39@2.59 40@6.10 41@1.30 42@1.94 43@1.30 44@1.30 45@1.94 46@1.30 47@3.89 48@1.30 49@1.30