## dioPeriod = 1.0
## startTime = 1502276498.12
## numMotes = 50
## otfHousekeepingPeriod = 1.0
## slotframeLength = 101
## squareSide = 2.0
## cpuID = 35
## sixtopPdrThreshold = 1.5
## slotDuration = 0.01
## sixtopNoHousekeeping = 0
## pkPeriodVar = 0.05
## numCyclesPerRun = 100
## numRuns = 1
## otfThreshold = 1
## sixtopNoRemoveWorstCell = 0
## burstTimestamp = 20
## simDataDir = simData
## numChans = 16
## minRssi = -97
## noInterference = 0
## algorithm = local_voting
## numPacketsBurst = 5
## gui = False
## pkPeriod = None
## combinationKeys = ['algorithm', 'numMotes', 'otfThreshold']
## sixtopHousekeepingPeriod = 1.0


# appGenerated appReachesDagroot appRelayed aveHops aveLatency aveQueueDelay chargeConsumed collidedTxs cycle droppedAppFailedEnqueue droppedMacRetries droppedNoRoute droppedNoTxCells droppedQueueFull effectiveCollidedTxs numRxCells numTx numTxCells otfAdd otfRemove probableCollisions rplChurnParentSet rplChurnPrefParent rplChurnRank rplRxDIO rplTxDIO runNum scheduleCollisions topRxRelocatedCells topTxRelocatedBundles topTxRelocatedCells txQueueFill
             0                 0          0       0          0             0              0           0     0                       0                 0              0                0                0                    0          0     0          0      0         0                  0                 0                  0            0        0        0      0                  0                   0                     0                   0           0
             0                 0          0       0          0             0              0           0     1                       0                 0              0                0                0                    0          0     0          0      0         0                  0               140                 48            5      508       50      0                  0                   0                     0                   0           0
             0                 0          0       0          0             0              0           0     2                       0                 0              0                0                0                    0          0     0          0      0         0                  0                 0                 89            0      508       50      0                  0                   0                     0                   0           0
             0                 0          0       0          0             0              0           0     3                       0                 0              0                0                0                    0          0     0          0      0         0                  0                 0                 89            0      508       50      0                  0                   0                     0                   0           0
             0                 0          0       0          0             0              0           0     4                       0                 0              0                0                0                    0          0     0          0      0         0                  0                 0                 89            0      508       50      0                  0                   0                     0                   0           0
             0                 0          0       0          0             0              0           0     5                       0                 0              0                0                0                    0          0     0          0      0         0                  0                 0                 89            0      508       50      0                  0                   0                     0                   0           0
             0                 0          0       0          0             0              0           0     6                       0                 0              0                0                0                    0          0     0          0      0         0                  0                 0                 89            0      508       50      0                  0                   0                     0                   0           0
             0                 0          0       0          0             0              0           0     7                       0                 0              0                0                0                    0          0     0          0      0         0                  0                 0                 89            0      508       50      0                  0                   0                     0                   0           0
             0                 0          0       0          0             0              0           0     8                       0                 0              0                0                0                    0          0     0          0      0         0                  0                 0                 89            0      508       50      0                  0                   0                     0                   0           0
             0                 0          0       0          0             0              0           0     9                       0                 0              0                0                0                    0          0     0          0      0         0                  0                 0                 89            0      508       50      0                  0                   0                     0                   0           0
             0                 0          0       0          0             0              0           0    10                       0                 0              0                0                0                    0          0     0          0      0         0                  0                 0                 89            0      508       50      0                  0                   0                     0                   0           0
             0                 0          0       0          0             0              0           0    11                       0                 0              0                0                0                    0          0     0          0      0         0                  0                 0                 89            0      508       50      0                  0                   0                     0                   0           0
             0                 0          0       0          0             0              0           0    12                       0                 0              0                0                0                    0          0     0          0      0         0                  0                 0                 89            0      508       50      0                  0                   0                     0                   0           0
             0                 0          0       0          0             0              0           0    13                       0                 0              0                0                0                    0          0     0          0      0         0                  0                 0                 89            0      508       50      0                  0                   0                     0                   0           0
             0                 0          0       0          0             0              0           0    14                       0                 0              0                0                0                    0          0     0          0      0         0                  0                 0                 89            0      508       50      0                  0                   0                     0                   0           0
             0                 0          0       0          0             0              0           0    15                       0                 0              0                0                0                    0          0     0          0      0         0                  0                 0                 89            0      508       50      0                  0                   0                     0                   0           0
             0                 0          0       0          0             0              0           0    16                       0                 0              0                0                0                    0          0     0          0      0         0                  0                 0                 89            0      508       50      0                  0                   0                     0                   0           0
             0                 0          0       0          0             0              0           0    17                       0                 0              0                0                0                    0          0     0          0      0         0                  0                 0                 89            0      508       50      0                  0                   0                     0                   0           0
             0                 0          0       0          0             0              0           0    18                       0                 0              0                0                0                    0          0     0          0      0         0                  0                 0                 89            0      508       50      0                  0                   0                     0                   0           0
            49                 0          1       0          0        13.000        141.720           2    19                       0                 0              0                0                0                    0         56     1         56      0         0                  0                 0                 89            0      508       50      0                  1                   0                     0                   0          49
             0                30         40   1.733     89.200      3257.792      14554.180          42    20                       0                 0              0                0                0                    8        305    88        305      0         0                  1                 0                 89            1      508       50      0                 22                   0                     0                   0          19
             0                19          4   2.211    161.000       645.767      22147.640           0    21                       0                 0              0                0                0                    0         80    20         80      0         0                  0                 6                105           51      508       50      0                  0                   1                     0                   0           0
             0                 0          0       0          0             0      23107.040           0    22                       0                 0              0                0                0                    0          0     0          0      0         0                  0                 4                104           53      508       50      0                  0                   0                     0                   0           0
             0                 0          0       0          0             0      23107.040           0    23                       0                 0              0                0                0                    0          0     0          0      0         0                  0                 4                 90           16      508       50      0                  0                   0                     0                   0           0
             0                 0          0       0          0             0      23107.040           0    24                       0                 0              0                0                0                    0          0     0          0      0         0                  0                 0                 89            0      508       50      0                  0                   0                     0                   0           0
             0                 0          0       0          0             0      23107.040           0    25                       0                 0              0                0                0                    0          0     0          0      0         0                  0                 0                 89            0      508       50      0                  0                   0                     0                   0           0
             0                 0          0       0          0             0      23107.040           0    26                       0                 0              0                0                0                    0          0     0          0      0         0                  0                 0                 89            0      508       50      0                  0                   0                     0                   0           0
             0                 0          0       0          0             0      23107.040           0    27                       0                 0              0                0                0                    0          0     0          0      0         0                  0                 0                 89            0      508       50      0                  0                   0                     0                   0           0
             0                 0          0       0          0             0      23107.040           0    28                       0                 0              0                0                0                    0          0     0          0      0         0                  0                 0                 89            0      508       50      0                  0                   0                     0                   0           0
             0                 0          0       0          0             0      23107.040           0    29                       0                 0              0                0                0                    0          0     0          0      0         0                  0                 0                 89            0      508       50      0                  0                   0                     0                   0           0
             0                 0          0       0          0             0      23107.040           0    30                       0                 0              0                0                0                    0          0     0          0      0         0                  0                 0                 89            0      508       50      0                  0                   0                     0                   0           0
             0                 0          0       0          0             0      23107.040           0    31                       0                 0              0                0                0                    0          0     0          0      0         0                  0                 0                 89            0      508       50      0                  0                   0                     0                   0           0
             0                 0          0       0          0             0      23107.040           0    32                       0                 0              0                0                0                    0          0     0          0      0         0                  0                 0                 89            0      508       50      0                  0                   0                     0                   0           0
             0                 0          0       0          0             0      23107.040           0    33                       0                 0              0                0                0                    0          0     0          0      0         0                  0                 0                 89            0      508       50      0                  0                   0                     0                   0           0
             0                 0          0       0          0             0      23107.040           0    34                       0                 0              0                0                0                    0          0     0          0      0         0                  0                 0                 89            0      508       50      0                  0                   0                     0                   0           0
             0                 0          0       0          0             0      23107.040           0    35                       0                 0              0                0                0                    0          0     0          0      0         0                  0                 0                 89            0      508       50      0                  0                   0                     0                   0           0
             0                 0          0       0          0             0      23107.040           0    36                       0                 0              0                0                0                    0          0     0          0      0         0                  0                 0                 89            0      508       50      0                  0                   0                     0                   0           0
             0                 0          0       0          0             0      23107.040           0    37                       0                 0              0                0                0                    0          0     0          0      0         0                  0                 0                 89            0      508       50      0                  0                   0                     0                   0           0
             0                 0          0       0          0             0      23107.040           0    38                       0                 0              0                0                0                    0          0     0          0      0         0                  0                 0                 89            0      508       50      0                  0                   0                     0                   0           0
             0                 0          0       0          0             0      23107.040           0    39                       0                 0              0                0                0                    0          0     0          0      0         0                  0                 0                 89            0      508       50      0                  0                   0                     0                   0           0
             0                 0          0       0          0             0      23107.040           0    40                       0                 0              0                0                0                    0          0     0          0      0         0                  0                 0                 89            0      508       50      0                  0                   0                     0                   0           0
             0                 0          0       0          0             0      23107.040           0    41                       0                 0              0                0                0                    0          0     0          0      0         0                  0                 0                 89            0      508       50      0                  0                   0                     0                   0           0
             0                 0          0       0          0             0      23107.040           0    42                       0                 0              0                0                0                    0          0     0          0      0         0                  0                 0                 89            0      508       50      0                  0                   0                     0                   0           0
             0                 0          0       0          0             0      23107.040           0    43                       0                 0              0                0                0                    0          0     0          0      0         0                  0                 0                 89            0      508       50      0                  0                   0                     0                   0           0
             0                 0          0       0          0             0      23107.040           0    44                       0                 0              0                0                0                    0          0     0          0      0         0                  0                 0                 89            0      508       50      0                  0                   0                     0                   0           0
             0                 0          0       0          0             0      23107.040           0    45                       0                 0              0                0                0                    0          0     0          0      0         0                  0                 0                 89            0      508       50      0                  0                   0                     0                   0           0
             0                 0          0       0          0             0      23107.040           0    46                       0                 0              0                0                0                    0          0     0          0      0         0                  0                 0                 89            0      508       50      0                  0                   0                     0                   0           0
             0                 0          0       0          0             0      23107.040           0    47                       0                 0              0                0                0                    0          0     0          0      0         0                  0                 0                 89            0      508       50      0                  0                   0                     0                   0           0
             0                 0          0       0          0             0      23107.040           0    48                       0                 0              0                0                0                    0          0     0          0      0         0                  0                 0                 89            0      508       50      0                  0                   0                     0                   0           0
             0                 0          0       0          0             0      23107.040           0    49                       0                 0              0                0                0                    0          0     0          0      0         0                  0                 0                 89            0      508       50      0                  0                   0                     0                   0           0
             0                 0          0       0          0             0      23107.040           0    50                       0                 0              0                0                0                    0          0     0          0      0         0                  0                 0                 89            0      508       50      0                  0                   0                     0                   0           0
             0                 0          0       0          0             0      23107.040           0    51                       0                 0              0                0                0                    0          0     0          0      0         0                  0                 0                 89            0      508       50      0                  0                   0                     0                   0           0
             0                 0          0       0          0             0      23107.040           0    52                       0                 0              0                0                0                    0          0     0          0      0         0                  0                 0                 89            0      508       50      0                  0                   0                     0                   0           0
             0                 0          0       0          0             0      23107.040           0    53                       0                 0              0                0                0                    0          0     0          0      0         0                  0                 0                 89            0      508       50      0                  0                   0                     0                   0           0
             0                 0          0       0          0             0      23107.040           0    54                       0                 0              0                0                0                    0          0     0          0      0         0                  0                 0                 89            0      508       50      0                  0                   0                     0                   0           0
             0                 0          0       0          0             0      23107.040           0    55                       0                 0              0                0                0                    0          0     0          0      0         0                  0                 0                 89            0      508       50      0                  0                   0                     0                   0           0
             0                 0          0       0          0             0      23107.040           0    56                       0                 0              0                0                0                    0          0     0          0      0         0                  0                 0                 89            0      508       50      0                  0                   0                     0                   0           0
             0                 0          0       0          0             0      23107.040           0    57                       0                 0              0                0                0                    0          0     0          0      0         0                  0                 0                 89            0      508       50      0                  0                   0                     0                   0           0
             0                 0          0       0          0             0      23107.040           0    58                       0                 0              0                0                0                    0          0     0          0      0         0                  0                 0                 89            0      508       50      0                  0                   0                     0                   0           0
            49                 6         16   1.167     46.667       761.500      27074.560          27    59                       0                 0              0                0                0                    9        233    26        233      0         0                  1                 0                 89            0      508       50      0                 14                   0                     0                   0          43
             0                38         29   2.026    100.211      2463.038      43526.540          23    60                       0                 0              0                0                0                    5        219    54        219      0         0                  1                 3                118           40      508       50      0                 12                   1                     0                   0           5
             0                 5          0   2.000    176.800       176.000      47430.800           0    61                       0                 0              0                0                0                    0         39     8         39      0         0                  0                 3                123           51      508       50      0                  0                   0                     0                   0           0
             0                 0          0       0          0             0      47578.400           0    62                       0                 0              0                0                0                    0          0     0          0      0         0                  0                 2                 95           34      508       50      0                  0                   0                     0                   0           0
             0                 0          0       0          0             0      47578.400           0    63                       0                 0              0                0                0                    0          0     0          0      0         0                  0                 2                 89            3      508       50      0                  0                   0                     0                   0           0
             0                 0          0       0          0             0      47578.400           0    64                       0                 0              0                0                0                    0          0     0          0      0         0                  0                 0                 89            0      508       50      0                  0                   0                     0                   0           0
             0                 0          0       0          0             0      47578.400           0    65                       0                 0              0                0                0                    0          0     0          0      0         0                  0                 0                 89            0      508       50      0                  0                   0                     0                   0           0
             0                 0          0       0          0             0      47578.400           0    66                       0                 0              0                0                0                    0          0     0          0      0         0                  0                 0                 89            0      508       50      0                  0                   0                     0                   0           0
             0                 0          0       0          0             0      47578.400           0    67                       0                 0              0                0                0                    0          0     0          0      0         0                  0                 0                 89            0      508       50      0                  0                   0                     0                   0           0
             0                 0          0       0          0             0      47578.400           0    68                       0                 0              0                0                0                    0          0     0          0      0         0                  0                 0                 89            0      508       50      0                  0                   0                     0                   0           0
             0                 0          0       0          0             0      47578.400           0    69                       0                 0              0                0                0                    0          0     0          0      0         0                  0                 0                 89            0      508       50      0                  0                   0                     0                   0           0
             0                 0          0       0          0             0      47578.400           0    70                       0                 0              0                0                0                    0          0     0          0      0         0                  0                 0                 89            0      508       50      0                  0                   0                     0                   0           0
             0                 0          0       0          0             0      47578.400           0    71                       0                 0              0                0                0                    0          0     0          0      0         0                  0                 0                 89            0      508       50      0                  0                   0                     0                   0           0
             0                 0          0       0          0             0      47578.400           0    72                       0                 0              0                0                0                    0          0     0          0      0         0                  0                 0                 89            0      508       50      0                  0                   0                     0                   0           0
             0                 0          0       0          0             0      47578.400           0    73                       0                 0              0                0                0                    0          0     0          0      0         0                  0                 0                 89            0      508       50      0                  0                   0                     0                   0           0
             0                 0          0       0          0             0      47578.400           0    74                       0                 0              0                0                0                    0          0     0          0      0         0                  0                 0                 89            0      508       50      0                  0                   0                     0                   0           0
             0                 0          0       0          0             0      47578.400           0    75                       0                 0              0                0                0                    0          0     0          0      0         0                  0                 0                 89            0      508       50      0                  0                   0                     0                   0           0
             0                 0          0       0          0             0      47578.400           0    76                       0                 0              0                0                0                    0          0     0          0      0         0                  0                 0                 89            0      508       50      0                  0                   0                     0                   0           0
             0                 0          0       0          0             0      47578.400           0    77                       0                 0              0                0                0                    0          0     0          0      0         0                  0                 0                 89            0      508       50      0                  0                   0                     0                   0           0
             0                 0          0       0          0             0      47578.400           0    78                       0                 0              0                0                0                    0          0     0          0      0         0                  0                 0                 89            0      508       50      0                  0                   0                     0                   0           0
             0                 0          0       0          0             0      47578.400           0    79                       0                 0              0                0                0                    0          0     0          0      0         0                  0                 0                 89            0      508       50      0                  0                   0                     0                   0           0
             0                 0          0       0          0             0      47578.400           0    80                       0                 0              0                0                0                    0          0     0          0      0         0                  0                 0                 89            0      508       50      0                  0                   0                     0                   0           0
             0                 0          0       0          0             0      47578.400           0    81                       0                 0              0                0                0                    0          0     0          0      0         0                  0                 0                 89            0      508       50      0                  0                   0                     0                   0           0
             0                 0          0       0          0             0      47578.400           0    82                       0                 0              0                0                0                    0          0     0          0      0         0                  0                 0                 89            0      508       50      0                  0                   0                     0                   0           0
             0                 0          0       0          0             0      47578.400           0    83                       0                 0              0                0                0                    0          0     0          0      0         0                  0                 0                 89            0      508       50      0                  0                   0                     0                   0           0
             0                 0          0       0          0             0      47578.400           0    84                       0                 0              0                0                0                    0          0     0          0      0         0                  0                 0                 89            0      508       50      0                  0                   0                     0                   0           0
             0                 0          0       0          0             0      47578.400           0    85                       0                 0              0                0                0                    0          0     0          0      0         0                  0                 0                 89            0      508       50      0                  0                   0                     0                   0           0
             0                 0          0       0          0             0      47578.400           0    86                       0                 0              0                0                0                    0          0     0          0      0         0                  0                 0                 89            0      508       50      0                  0                   0                     0                   0           0
             0                 0          0       0          0             0      47578.400           0    87                       0                 0              0                0                0                    0          0     0          0      0         0                  0                 0                 89            0      508       50      0                  0                   0                     0                   0           0
             0                 0          0       0          0             0      47578.400           0    88                       0                 0              0                0                0                    0          0     0          0      0         0                  0                 0                 89            0      508       50      0                  0                   0                     0                   0           0
             0                 0          0       0          0             0      47578.400           0    89                       0                 0              0                0                0                    0          0     0          0      0         0                  0                 0                 89            0      508       50      0                  0                   0                     0                   0           0
             0                 0          0       0          0             0      47578.400           0    90                       0                 0              0                0                0                    0          0     0          0      0         0                  0                 0                 89            0      508       50      0                  0                   0                     0                   0           0
             0                 0          0       0          0             0      47578.400           0    91                       0                 0              0                0                0                    0          0     0          0      0         0                  0                 0                 89            0      508       50      0                  0                   0                     0                   0           0
             0                 0          0       0          0             0      47578.400           0    92                       0                 0              0                0                0                    0          0     0          0      0         0                  0                 0                 89            0      508       50      0                  0                   0                     0                   0           0
             0                 0          0       0          0             0      47578.400           0    93                       0                 0              0                0                0                    0          0     0          0      0         0                  0                 0                 89            0      508       50      0                  0                   0                     0                   0           0
             0                 0          0       0          0             0      47578.400           0    94                       0                 0              0                0                0                    0          0     0          0      0         0                  0                 0                 89            0      508       50      0                  0                   0                     0                   0           0
             0                 0          0       0          0             0      47578.400           0    95                       0                 0              0                0                0                    0          0     0          0      0         0                  0                 0                 89            0      508       50      0                  0                   0                     0                   0           0
             0                 0          0       0          0             0      47578.400           0    96                       0                 0              0                0                0                    0          0     0          0      0         0                  0                 0                 89            0      508       50      0                  0                   0                     0                   0           0
             0                 0          0       0          0             0      47578.400           0    97                       0                 0              0                0                0                    0          0     0          0      0         0                  0                 0                 89            0      508       50      0                  0                   0                     0                   0           0
             0                 0          0       0          0             0      47578.400           0    98                       0                 0              0                0                0                    0          0     0          0      0         0                  0                 0                 89            0      508       50      0                  0                   0                     0                   0           0
             0                 0          0       0          0             0      47578.400           0    99                       0                 0              0                0                0                    0          0     0          0      0         0                  0                 0                 89            0      508       50      0                  0                   0                     0                   0           0
#pos runNum=0 0@(1.00000,1.00000)@0 1@(0.87729,0.83869)@640 2@(0.83640,0.82348)@640 3@(0.90647,0.77622)@731 4@(0.78058,0.96661)@853 5@(0.98346,0.91255)@568 6@(0.80481,0.65482)@1024 7@(0.83328,0.88647)@1208 8@(1.02317,1.06659)@568 9@(0.77289,0.71349)@1208 10@(0.75589,0.65205)@1493 11@(0.81541,0.76117)@1371 12@(0.73367,0.78907)@1920 13@(0.85460,0.87452)@1152 14@(1.15228,0.71532)@731 15@(0.76604,0.86032)@1706 16@(0.84510,0.70374)@1280 17@(0.88629,0.66655)@1280 18@(1.05480,0.87067)@1493 19@(0.89082,0.68717)@1208 20@(1.16193,0.65988)@1664 21@(0.84136,0.88809)@1208 22@(0.72273,0.63377)@1280 23@(0.85596,0.70861)@1776 24@(0.63768,0.60356)@1371 25@(0.81839,1.03395)@640 26@(0.99211,0.89513)@1208 27@(0.92786,1.24509)@1706 28@(1.09929,0.75644)@1280 29@(1.05206,0.65536)@1493 30@(0.71513,0.80287)@1706 31@(0.81517,0.50763)@2061 32@(0.66958,0.83824)@1848 33@(0.95869,0.85493)@640 34@(1.27055,0.61556)@1299 35@(0.84854,0.97230)@1421 36@(0.58911,0.95371)@1421 37@(0.71722,0.85226)@1371 38@(0.63144,0.61469)@1848 39@(0.73412,0.48698)@1592 40@(0.74530,0.75765)@1755 41@(1.13887,1.04249)@2224 42@(1.07085,0.66112)@1280 43@(1.08418,1.04822)@1208 44@(0.51093,0.86440)@1584 45@(0.82490,1.06459)@1421 46@(1.07703,1.22379)@2061 47@(0.58749,0.78176)@1776 48@(0.99876,0.99321)@512 49@(0.81634,0.61572)@1299
#links runNum=0 4-15@-93dBm@0.654 22-47@-90dBm@0.846 13-41@-97dBm@0.059 1-42@-89dBm@0.868 9-19@-85dBm@0.963 21-41@-91dBm@0.751 16-22@-97dBm@0.069 22-23@-90dBm@0.861 9-47@-87dBm@0.938 2-7@-88dBm@0.934 26-45@-89dBm@0.870 9-23@-88dBm@0.934 1-35@-95dBm@0.298 11-15@-93dBm@0.652 18-30@-94dBm@0.477 17-35@-91dBm@0.752 3-7@-85dBm@0.960 7-32@-89dBm@0.869 14-34@-86dBm@0.950 21-37@-83dBm@0.974 5-6@-93dBm@0.646 12-21@-86dBm@0.958 5-22@-95dBm@0.218 3-13@-81dBm@0.985 3-49@-87dBm@0.941 17-18@-97dBm@0.032 12-41@-95dBm@0.227 2-13@-90dBm@0.862 11-24@-90dBm@0.861 9-17@-82dBm@0.980 9-39@-95dBm@0.313 3-11@-89dBm@0.868 6-49@-90dBm@0.860 21-32@-87dBm@0.949 0-25@-90dBm@0.820 18-23@-94dBm@0.408 1-8@-93dBm@0.654 10-33@-91dBm@0.758 26-34@-96dBm@0.169 0-14@-91dBm@0.736 33-44@-94dBm@0.402 24-47@-91dBm@0.735 10-35@-96dBm@0.176 11-44@-94dBm@0.339 17-40@-94dBm@0.419 4-45@-87dBm@0.947 16-49@-88dBm@0.904 14-16@-93dBm@0.539 33-34@-93dBm@0.547 9-33@-93dBm@0.649 4-22@-93dBm@0.615 14-20@-91dBm@0.728 15-40@-94dBm@0.496 1-4@-90dBm@0.860 3-26@-94dBm@0.380 27-37@-97dBm@0.015 3-8@-92dBm@0.716 12-30@-87dBm@0.939 5-26@-86dBm@0.957 5-19@-90dBm@0.857 26-42@-89dBm@0.897 1-5@-94dBm@0.455 27-46@-95dBm@0.207 6-8@-95dBm@0.206 34-37@-96dBm@0.089 6-39@-88dBm@0.934 12-24@-92dBm@0.671 25-43@-93dBm@0.643 3-37@-90dBm@0.862 2-12@-94dBm@0.472 2-16@-90dBm@0.863 5-8@-95dBm@0.312 6-17@-83dBm@0.974 1-26@-84dBm@0.968 13-25@-94dBm@0.394 11-13@-92dBm@0.700 1-37@-96dBm@0.165 4-46@-95dBm@0.229 11-23@-80dBm@0.993 16-17@-83dBm@0.979 4-21@-88dBm@0.914 4-11@-88dBm@0.937 21-25@-94dBm@0.367 8-18@-93dBm@0.566 6-16@-77dBm@1.000 11-33@-91dBm@0.766 8-33@-96dBm@0.157 23-24@-94dBm@0.477 19-33@-88dBm@0.933 0-1@-89dBm@0.867 20-34@-87dBm@0.943 6-13@-90dBm@0.861 28-30@-97dBm@0.052 15-45@-88dBm@0.936 22-38@-84dBm@0.974 5-45@-94dBm@0.446 33-40@-91dBm@0.719 7-25@-97dBm@0.028 26-31@-93dBm@0.548 2-18@-94dBm@0.439 10-19@-87dBm@0.948 33-42@-94dBm@0.430 31-38@-90dBm@0.862 35-46@-93dBm@0.637 29-30@-96dBm@0.152 2-29@-96dBm@0.088 26-41@-90dBm@0.865 7-13@-79dBm@1.000 3-19@-94dBm@0.418 27-36@-95dBm@0.282 15-25@-95dBm@0.277 2-40@-96dBm@0.179 21-30@-93dBm@0.654 21-23@-91dBm@0.758 3-45@-94dBm@0.384 26-43@-92dBm@0.685 29-35@-94dBm@0.490 9-16@-82dBm@0.981 6-14@-92dBm@0.673 38-47@-91dBm@0.770 1-9@-87dBm@0.939 11-18@-91dBm@0.757 9-30@-90dBm@0.825 34-40@-96dBm@0.169 33-39@-93dBm@0.613 42-49@-91dBm@0.730 4-18@-91dBm@0.803 12-35@-91dBm@0.797 13-14@-92dBm@0.680 19-28@-93dBm@0.661 7-12@-85dBm@0.960 3-42@-95dBm@0.196 13-49@-96dBm@0.170 32-37@-87dBm@0.944 13-37@-96dBm@0.160 39-47@-93dBm@0.603 30-36@-88dBm@0.929 6-10@-87dBm@0.945 12-43@-95dBm@0.218 17-30@-90dBm@0.805 2-3@-86dBm@0.957 17-28@-96dBm@0.176 3-10@-91dBm@0.766 26-46@-93dBm@0.651 4-36@-86dBm@0.956 10-22@-84dBm@0.974 28-42@-91dBm@0.741 26-40@-90dBm@0.865 15-44@-91dBm@0.778 11-42@-94dBm@0.395 14-41@-94dBm@0.361 13-43@-96dBm@0.118 7-26@-84dBm@0.970 23-48@-91dBm@0.783 2-5@-90dBm@0.863 18-41@-95dBm@0.245 1-21@-82dBm@0.983 7-41@-96dBm@0.184 35-45@-84dBm@0.974 20-29@-86dBm@0.957 16-35@-89dBm@0.868 4-37@-87dBm@0.939 32-36@-83dBm@0.974 0-5@-88dBm@0.935 18-21@-88dBm@0.917 1-2@-77dBm@1.000 0-4@-92dBm@0.664 10-23@-95dBm@0.277 1-17@-95dBm@0.243 12-22@-92dBm@0.716 6-29@-93dBm@0.659 40-44@-88dBm@0.906 9-42@-94dBm@0.388 0-34@-95dBm@0.198 16-23@-86dBm@0.958 5-38@-96dBm@0.080 19-35@-93dBm@0.649 20-22@-93dBm@0.612 24-38@-72dBm@1.000 12-32@-80dBm@0.988 30-38@-87dBm@0.941 4-42@-94dBm@0.364 0-8@-85dBm@0.959 6-9@-93dBm@0.551 8-27@-91dBm@0.725 20-31@-93dBm@0.654 21-27@-92dBm@0.667 5-10@-91dBm@0.730 34-42@-97dBm@0.065 1-22@-89dBm@0.867 11-31@-95dBm@0.310 1-13@-75dBm@1.000 20-42@-94dBm@0.344 26-27@-93dBm@0.641 3-5@-89dBm@0.869 28-43@-91dBm@0.738 0-2@-90dBm@0.822 11-41@-93dBm@0.637 22-24@-92dBm@0.704 3-35@-94dBm@0.348 5-33@-93dBm@0.641 30-43@-94dBm@0.507 16-20@-90dBm@0.820 10-44@-96dBm@0.168 16-44@-94dBm@0.328 14-31@-93dBm@0.639 9-40@-91dBm@0.737 7-40@-91dBm@0.729 13-21@-87dBm@0.947 6-35@-95dBm@0.287 4-44@-91dBm@0.737 15-23@-89dBm@0.867 8-29@-93dBm@0.660 5-7@-84dBm@0.974 6-40@-92dBm@0.715 2-24@-91dBm@0.718 3-16@-88dBm@0.933 9-22@-81dBm@0.986 20-26@-91dBm@0.775 9-31@-93dBm@0.639 3-27@-96dBm@0.152 44-47@-90dBm@0.862 16-25@-93dBm@0.532 26-29@-95dBm@0.316 7-10@-92dBm@0.675 9-28@-97dBm@0.013 0-33@-90dBm@0.807 12-17@-96dBm@0.132 4-9@-94dBm@0.511 10-13@-97dBm@0.006 7-21@-93dBm@0.567 0-48@-59dBm@1.000 9-11@-77dBm@1.000 5-42@-96dBm@0.168 32-39@-96dBm@0.103 38-49@-94dBm@0.502 41-46@-89dBm@0.867 2-17@-90dBm@0.838 7-43@-93dBm@0.555 4-30@-93dBm@0.644 12-49@-96dBm@0.186 4-35@-86dBm@0.952 40-48@-96dBm@0.075 2-28@-90dBm@0.820 3-4@-89dBm@0.881 1-30@-95dBm@0.295 37-44@-95dBm@0.199 35-37@-91dBm@0.740 24-49@-93dBm@0.559 0-3@-92dBm@0.701 9-18@-96dBm@0.112 15-49@-97dBm@0.040 4-20@-97dBm@0.040 45-48@-87dBm@0.945 11-40@-92dBm@0.705 3-9@-91dBm@0.738 24-32@-89dBm@0.869 13-22@-89dBm@0.875 0-31@-97dBm@0.055 1-6@-87dBm@0.943 8-20@-95dBm@0.288 30-40@-96dBm@0.156 7-15@-79dBm@1.000 21-49@-96dBm@0.097 25-30@-94dBm@0.396 21-44@-92dBm@0.681 13-15@-94dBm@0.321 8-43@-89dBm@0.887 18-33@-95dBm@0.207 29-31@-96dBm@0.173 2-19@-94dBm@0.380 4-27@-92dBm@0.664 1-29@-92dBm@0.672 43-46@-95dBm@0.229 0-6@-93dBm@0.553 13-20@-92dBm@0.675 18-48@-88dBm@0.915 22-33@-95dBm@0.264 9-12@-86dBm@0.957 10-28@-91dBm@0.725 25-46@-96dBm@0.124 1-3@-78dBm@1.000 19-21@-88dBm@0.932 13-45@-87dBm@0.947 6-21@-89dBm@0.867 46-48@-97dBm@0.009 19-25@-93dBm@0.625 22-30@-85dBm@0.963 4-13@-94dBm@0.329 2-10@-93dBm@0.638 15-37@-85dBm@0.960 31-39@-89dBm@0.866 11-49@-89dBm@0.869 10-12@-84dBm@0.968 12-18@-91dBm@0.729 1-20@-93dBm@0.564 32-47@-81dBm@0.986 16-42@-95dBm@0.221 2-21@-81dBm@0.987 15-39@-94dBm@0.348 3-29@-94dBm@0.463 30-37@-97dBm@0.028 17-25@-96dBm@0.122 3-47@-96dBm@0.093 21-35@-83dBm@0.974 15-21@-96dBm@0.177
#aveChargePerCycle runNum=0 0@139.81 1@57.82 2@54.76 3@20.57 4@54.69 5@6.59 6@20.42 7@7.33 8@7.73 9@16.75 10@1.94 11@7.89 12@3.24 13@1.30 14@9.30 15@1.94 16@1.30 17@1.94 18@1.30 19@1.30 20@1.94 21@1.30 22@7.24 23@1.30 24@1.94 25@1.30 26@7.82 27@1.30 28@1.30 29@1.30 30@1.94 31@1.94 32@1.30 33@1.30 34@1.30 35@1.30 36@1.94 37@1.30 38@1.30 39@1.30 40@1.30 41@4.54 42@1.30 43@1.30 44@1.30 45@1.30 46@1.30 47@1.30 48@1.30 49@1.30