## dioPeriod = 1.0
## startTime = 1502276499.53
## numMotes = 50
## otfHousekeepingPeriod = 1.0
## slotframeLength = 101
## squareSide = 2.0
## cpuID = 44
## sixtopPdrThreshold = 1.5
## slotDuration = 0.01
## sixtopNoHousekeeping = 0
## pkPeriodVar = 0.05
## numCyclesPerRun = 100
## numRuns = 1
## otfThreshold = 1
## sixtopNoRemoveWorstCell = 0
## burstTimestamp = 20
## simDataDir = simData
## numChans = 16
## minRssi = -97
## noInterference = 0
## algorithm = local_voting
## numPacketsBurst = 5
## gui = False
## pkPeriod = None
## combinationKeys = ['algorithm', 'numMotes', 'otfThreshold']
## sixtopHousekeepingPeriod = 1.0


# appGenerated appReachesDagroot appRelayed aveHops aveLatency aveQueueDelay chargeConsumed collidedTxs cycle droppedAppFailedEnqueue droppedMacRetries droppedNoRoute droppedNoTxCells droppedQueueFull effectiveCollidedTxs numRxCells numTx numTxCells otfAdd otfRemove probableCollisions rplChurnParentSet rplChurnPrefParent rplChurnRank rplRxDIO rplTxDIO runNum scheduleCollisions topRxRelocatedCells topTxRelocatedBundles topTxRelocatedCells txQueueFill
             0                 0          0       0          0             0              0           0     0                       0                 0              0                0                0                    0          0     0          0      0         0                  0                 0                  0            0        0        0      0                  0                   0                     0                   0           0
             0                 0          0       0          0             0              0           0     1                       0                 0              0                0                0                    0          0     0          0      0         0                  0               144                 59            3      519       50      0                  0                   0                     0                   0           0
             0                 0          0       0          0             0              0           0     2                       0                 0              0                0                0                    0          0     0          0      0         0                  0                 2                100            1      519       50      0                  0                   0                     0                   0           0
             0                 0          0       0          0             0              0           0     3                       0                 0              0                0                0                    0          0     0          0      0         0                  0                 0                 99            0      519       50      0                  0                   0                     0                   0           0
             0                 0          0       0          0             0              0           0     4                       0                 0              0                0                0                    0          0     0          0      0         0                  0                 0                 99            0      519       50      0                  0                   0                     0                   0           0
             0                 0          0       0          0             0              0           0     5                       0                 0              0                0                0                    0          0     0          0      0         0                  0                 0                 99            0      519       50      0                  0                   0                     0                   0           0
             0                 0          0       0          0             0              0           0     6                       0                 0              0                0                0                    0          0     0          0      0         0                  0                 0                 99            0      519       50      0                  0                   0                     0                   0           0
             0                 0          0       0          0             0              0           0     7                       0                 0              0                0                0                    0          0     0          0      0         0                  0                 0                 99            0      519       50      0                  0                   0                     0                   0           0
             0                 0          0       0          0             0              0           0     8                       0                 0              0                0                0                    0          0     0          0      0         0                  0                 0                 99            0      519       50      0                  0                   0                     0                   0           0
             0                 0          0       0          0             0              0           0     9                       0                 0              0                0                0                    0          0     0          0      0         0                  0                 0                 99            0      519       50      0                  0                   0                     0                   0           0
             0                 0          0       0          0             0              0           0    10                       0                 0              0                0                0                    0          0     0          0      0         0                  0                 0                 99            0      519       50      0                  0                   0                     0                   0           0
             0                 0          0       0          0             0              0           0    11                       0                 0              0                0                0                    0          0     0          0      0         0                  0                 0                 99            0      519       50      0                  0                   0                     0                   0           0
             0                 0          0       0          0             0              0           0    12                       0                 0              0                0                0                    0          0     0          0      0         0                  0                 0                 99            0      519       50      0                  0                   0                     0                   0           0
             0                 0          0       0          0             0              0           0    13                       0                 0              0                0                0                    0          0     0          0      0         0                  0                 0                 99            0      519       50      0                  0                   0                     0                   0           0
             0                 0          0       0          0             0              0           0    14                       0                 0              0                0                0                    0          0     0          0      0         0                  0                 0                 99            0      519       50      0                  0                   0                     0                   0           0
             0                 0          0       0          0             0              0           0    15                       0                 0              0                0                0                    0          0     0          0      0         0                  0                 0                 99            0      519       50      0                  0                   0                     0                   0           0
             0                 0          0       0          0             0              0           0    16                       0                 0              0                0                0                    0          0     0          0      0         0                  0                 0                 99            0      519       50      0                  0                   0                     0                   0           0
             0                 0          0       0          0             0              0           0    17                       0                 0              0                0                0                    0          0     0          0      0         0                  0                 0                 99            0      519       50      0                  0                   0                     0                   0           0
             0                 0          0       0          0             0              0           0    18                       0                 0              0                0                0                    0          0     0          0      0         0                  0                 0                 99            0      519       50      0                  0                   0                     0                   0           0
            49                 1          4   1.000     16.000        61.000        733.200           2    19                       0                 0              0                0                0                    0         62     5         62      0         0                  0                 0                 99            0      519       50      0                  1                   0                     0                   0          48
             0                33         35   1.788     85.970      2674.250      14759.520          37    20                       0                 0              0                0                0                    7        292    78        292      0         0                  1                 2                 94           15      519       50      0                 19                   0                     0                   0          15
             0                14          5   2.214    146.857       674.875      20989.920           0    21                       0                 0              0                0                0                    0          0     0          0      0         0                  0                 3                 88           53      519       50      0                  0                   0                     0                   0           1
             0                 1          0   2.000    239.000        73.000      23173.440           0    22                       0                 0              0                0                0                    0        101     1        101      0         0                  0                 7                104           53      519       50      0                  0                   0                     0                   0           0
             0                 0          0       0          0             0      23739.240           0    23                       0                 0              0                0                0                    0          0     0          0      0         0                  0                 8                100           12      519       50      0                  0                   0                     0                   0           0
             0                 0          0       0          0             0      23739.240           0    24                       0                 0              0                0                0                    0          0     0          0      0         0                  0                 2                 99           12      519       50      0                  0                   0                     0                   0           0
             0                 0          0       0          0             0      23739.240           0    25                       0                 0              0                0                0                    0          0     0          0      0         0                  0                 3                 99            0      519       50      0                  0                   0                     0                   0           0
             0                 0          0       0          0             0      23739.240           0    26                       0                 0              0                0                0                    0          0     0          0      0         0                  0                 0                 99            0      519       50      0                  0                   0                     0                   0           0
             0                 0          0       0          0             0      23739.240           0    27                       0                 0              0                0                0                    0          0     0          0      0         0                  0                 0                 99            0      519       50      0                  0                   0                     0                   0           0
             0                 0          0       0          0             0      23739.240           0    28                       0                 0              0                0                0                    0          0     0          0      0         0                  0                 0                 99            0      519       50      0                  0                   0                     0                   0           0
             0                 0          0       0          0             0      23739.240           0    29                       0                 0              0                0                0                    0          0     0          0      0         0                  0                 0                 99            0      519       50      0                  0                   0                     0                   0           0
             0                 0          0       0          0             0      23739.240           0    30                       0                 0              0                0                0                    0          0     0          0      0         0                  0                 0                 99            0      519       50      0                  0                   0                     0                   0           0
             0                 0          0       0          0             0      23739.240           0    31                       0                 0              0                0                0                    0          0     0          0      0         0                  0                 0                 99            0      519       50      0                  0                   0                     0                   0           0
             0                 0          0       0          0             0      23739.240           0    32                       0                 0              0                0                0                    0          0     0          0      0         0                  0                 0                 99            0      519       50      0                  0                   0                     0                   0           0
             0                 0          0       0          0             0      23739.240           0    33                       0                 0              0                0                0                    0          0     0          0      0         0                  0                 0                 99            0      519       50      0                  0                   0                     0                   0           0
             0                 0          0       0          0             0      23739.240           0    34                       0                 0              0                0                0                    0          0     0          0      0         0                  0                 0                 99            0      519       50      0                  0                   0                     0                   0           0
             0                 0          0       0          0             0      23739.240           0    35                       0                 0              0                0                0                    0          0     0          0      0         0                  0                 0                 99            0      519       50      0                  0                   0                     0                   0           0
             0                 0          0       0          0             0      23739.240           0    36                       0                 0              0                0                0                    0          0     0          0      0         0                  0                 0                 99            0      519       50      0                  0                   0                     0                   0           0
             0                 0          0       0          0             0      23739.240           0    37                       0                 0              0                0                0                    0          0     0          0      0         0                  0                 0                 99            0      519       50      0                  0                   0                     0                   0           0
             0                 0          0       0          0             0      23739.240           0    38                       0                 0              0                0                0                    0          0     0          0      0         0                  0                 0                 99            0      519       50      0                  0                   0                     0                   0           0
             0                 0          0       0          0             0      23739.240           0    39                       0                 0              0                0                0                    0          0     0          0      0         0                  0                 0                 99            0      519       50      0                  0                   0                     0                   0           0
             0                 0          0       0          0             0      23739.240           0    40                       0                 0              0                0                0                    0          0     0          0      0         0                  0                 0                 99            0      519       50      0                  0                   0                     0                   0           0
             0                 0          0       0          0             0      23739.240           0    41                       0                 0              0                0                0                    0          0     0          0      0         0                  0                 0                 99            0      519       50      0                  0                   0                     0                   0           0
             0                 0          0       0          0             0      23739.240           0    42                       0                 0              0                0                0                    0          0     0          0      0         0                  0                 0                 99            0      519       50      0                  0                   0                     0                   0           0
             0                 0          0       0          0             0      23739.240           0    43                       0                 0              0                0                0                    0          0     0          0      0         0                  0                 0                 99            0      519       50      0                  0                   0                     0                   0           0
             0                 0          0       0          0             0      23739.240           0    44                       0                 0              0                0                0                    0          0     0          0      0         0                  0                 0                 99            0      519       50      0                  0                   0                     0                   0           0
             0                 0          0       0          0             0      23739.240           0    45                       0                 0              0                0                0                    0          0     0          0      0         0                  0                 0                 99            0      519       50      0                  0                   0                     0                   0           0
             0                 0          0       0          0             0      23739.240           0    46                       0                 0              0                0                0                    0          0     0          0      0         0                  0                 0                 99            0      519       50      0                  0                   0                     0                   0           0
             0                 0          0       0          0             0      23739.240           0    47                       0                 0              0                0                0                    0          0     0          0      0         0                  0                 0                 99            0      519       50      0                  0                   0                     0                   0           0
             0                 0          0       0          0             0      23739.240           0    48                       0                 0              0                0                0                    0          0     0          0      0         0                  0                 0                 99            0      519       50      0                  0                   0                     0                   0           0
             0                 0          0       0          0             0      23739.240           0    49                       0                 0              0                0                0                    0          0     0          0      0         0                  0                 0                 99            0      519       50      0                  0                   0                     0                   0           0
             0                 0          0       0          0             0      23739.240           0    50                       0                 0              0                0                0                    0          0     0          0      0         0                  0                 0                 99            0      519       50      0                  0                   0                     0                   0           0
             0                 0          0       0          0             0      23739.240           0    51                       0                 0              0                0                0                    0          0     0          0      0         0                  0                 0                 99            0      519       50      0                  0                   0                     0                   0           0
             0                 0          0       0          0             0      23739.240           0    52                       0                 0              0                0                0                    0          0     0          0      0         0                  0                 0                 99            0      519       50      0                  0                   0                     0                   0           0
             0                 0          0       0          0             0      23739.240           0    53                       0                 0              0                0                0                    0          0     0          0      0         0                  0                 0                 99            0      519       50      0                  0                   0                     0                   0           0
             0                 0          0       0          0             0      23739.240           0    54                       0                 0              0                0                0                    0          0     0          0      0         0                  0                 0                 99            0      519       50      0                  0                   0                     0                   0           0
             0                 0          0       0          0             0      23739.240           0    55                       0                 0              0                0                0                    0          0     0          0      0         0                  0                 0                 99            0      519       50      0                  0                   0                     0                   0           0
             0                 0          0       0          0             0      23739.240           0    56                       0                 0              0                0                0                    0          0     0          0      0         0                  0                 0                 99            0      519       50      0                  0                   0                     0                   0           0
             0                 0          0       0          0             0      23739.240           0    57                       0                 0              0                0                0                    0          0     0          0      0         0                  0                 0                 99            0      519       50      0                  0                   0                     0                   0           0
             0                 0          0       0          0             0      23739.240           0    58                       0                 0              0                0                0                    0          0     0          0      0         0                  0                 0                 99            0      519       50      0                  0                   0                     0                   0           0
            49                 6         18   1.333     38.667       720.500      27965.600           6    59                       0                 0              0                0                0                    0        167    28        167      0         0                  0                 0                 99            0      519       50      0                  3                   1                     0                   0          43
             0                43         26   1.977    110.372      2450.708      43426.060          12    60                       0                 0              0                0                2                    2        178    64        178      0         0                  0                 2                 95           32      519       50      0                  6                   0                     0                   0           0
             0                 0          0       0          0             0      44606.860           0    61                       0                 0              0                0                0                    0          0     0          0      0         0                  0                 9                107           53      519       50      0                  0                   0                     0                   0           0
             0                 0          0       0          0             0      44606.860           0    62                       0                 0              0                0                0                    0          0     0          0      0         0                  0                 4                101           43      519       50      0                  0                   0                     0                   0           0
             0                 0          0       0          0             0      44606.860           0    63                       0                 0              0                0                0                    0          0     0          0      0         0                  0                 5                 99            0      519       50      0                  0                   0                     0                   0           0
             0                 0          0       0          0             0      44606.860           0    64                       0                 0              0                0                0                    0          0     0          0      0         0                  0                 0                 99            0      519       50      0                  0                   0                     0                   0           0
             0                 0          0       0          0             0      44606.860           0    65                       0                 0              0                0                0                    0          0     0          0      0         0                  0                 0                 99            0      519       50      0                  0                   0                     0                   0           0
             0                 0          0       0          0             0      44606.860           0    66                       0                 0              0                0                0                    0          0     0          0      0         0                  0                 0                 99            0      519       50      0                  0                   0                     0                   0           0
             0                 0          0       0          0             0      44606.860           0    67                       0                 0              0                0                0                    0          0     0          0      0         0                  0                 0                 99            0      519       50      0                  0                   0                     0                   0           0
             0                 0          0       0          0             0      44606.860           0    68                       0                 0              0                0                0                    0          0     0          0      0         0                  0                 0                 99            0      519       50      0                  0                   0                     0                   0           0
             0                 0          0       0          0             0      44606.860           0    69                       0                 0              0                0                0                    0          0     0          0      0         0                  0                 0                 99            0      519       50      0                  0                   0                     0                   0           0
             0                 0          0       0          0             0      44606.860           0    70                       0                 0              0                0                0                    0          0     0          0      0         0                  0                 0                 99            0      519       50      0                  0                   0                     0                   0           0
             0                 0          0       0          0             0      44606.860           0    71                       0                 0              0                0                0                    0          0     0          0      0         0                  0                 0                 99            0      519       50      0                  0                   0                     0                   0           0
             0                 0          0       0          0             0      44606.860           0    72                       0                 0              0                0                0                    0          0     0          0      0         0                  0                 0                 99            0      519       50      0                  0                   0                     0                   0           0
             0                 0          0       0          0             0      44606.860           0    73                       0                 0              0                0                0                    0          0     0          0      0         0                  0                 0                 99            0      519       50      0                  0                   0                     0                   0           0
             0                 0          0       0          0             0      44606.860           0    74                       0                 0              0                0                0                    0          0     0          0      0         0                  0                 0                 99            0      519       50      0                  0                   0                     0                   0           0
             0                 0          0       0          0             0      44606.860           0    75                       0                 0              0                0                0                    0          0     0          0      0         0                  0                 0                 99            0      519       50      0                  0                   0                     0                   0           0
             0                 0          0       0          0             0      44606.860           0    76                       0                 0              0                0                0                    0          0     0          0      0         0                  0                 0                 99            0      519       50      0                  0                   0                     0                   0           0
             0                 0          0       0          0             0      44606.860           0    77                       0                 0              0                0                0                    0          0     0          0      0         0                  0                 0                 99            0      519       50      0                  0                   0                     0                   0           0
             0                 0          0       0          0             0      44606.860           0    78                       0                 0              0                0                0                    0          0     0          0      0         0                  0                 0                 99            0      519       50      0                  0                   0                     0                   0           0
             0                 0          0       0          0             0      44606.860           0    79                       0                 0              0                0                0                    0          0     0          0      0         0                  0                 0                 99            0      519       50      0                  0                   0                     0                   0           0
             0                 0          0       0          0             0      44606.860           0    80                       0                 0              0                0                0                    0          0     0          0      0         0                  0                 0                 99            0      519       50      0                  0                   0                     0                   0           0
             0                 0          0       0          0             0      44606.860           0    81                       0                 0              0                0                0                    0          0     0          0      0         0                  0                 0                 99            0      519       50      0                  0                   0                     0                   0           0
             0                 0          0       0          0             0      44606.860           0    82                       0                 0              0                0                0                    0          0     0          0      0         0                  0                 0                 99            0      519       50      0                  0                   0                     0                   0           0
             0                 0          0       0          0             0      44606.860           0    83                       0                 0              0                0                0                    0          0     0          0      0         0                  0                 0                 99            0      519       50      0                  0                   0                     0                   0           0
             0                 0          0       0          0             0      44606.860           0    84                       0                 0              0                0                0                    0          0     0          0      0         0                  0                 0                 99            0      519       50      0                  0                   0                     0                   0           0
             0                 0          0       0          0             0      44606.860           0    85                       0                 0              0                0                0                    0          0     0          0      0         0                  0                 0                 99            0      519       50      0                  0                   0                     0                   0           0
             0                 0          0       0          0             0      44606.860           0    86                       0                 0              0                0                0                    0          0     0          0      0         0                  0                 0                 99            0      519       50      0                  0                   0                     0                   0           0
             0                 0          0       0          0             0      44606.860           0    87                       0                 0              0                0                0                    0          0     0          0      0         0                  0                 0                 99            0      519       50      0                  0                   0                     0                   0           0
             0                 0          0       0          0             0      44606.860           0    88                       0                 0              0                0                0                    0          0     0          0      0         0                  0                 0                 99            0      519       50      0                  0                   0                     0                   0           0
             0                 0          0       0          0             0      44606.860           0    89                       0                 0              0                0                0                    0          0     0          0      0         0                  0                 0                 99            0      519       50      0                  0                   0                     0                   0           0
             0                 0          0       0          0             0      44606.860           0    90                       0                 0              0                0                0                    0          0     0          0      0         0                  0                 0                 99            0      519       50      0                  0                   0                     0                   0           0
             0                 0          0       0          0             0      44606.860           0    91                       0                 0              0                0                0                    0          0     0          0      0         0                  0                 0                 99            0      519       50      0                  0                   0                     0                   0           0
             0                 0          0       0          0             0      44606.860           0    92                       0                 0              0                0                0                    0          0     0          0      0         0                  0                 0                 99            0      519       50      0                  0                   0                     0                   0           0
             0                 0          0       0          0             0      44606.860           0    93                       0                 0              0                0                0                    0          0     0          0      0         0                  0                 0                 99            0      519       50      0                  0                   0                     0                   0           0
             0                 0          0       0          0             0      44606.860           0    94                       0                 0              0                0                0                    0          0     0          0      0         0                  0                 0                 99            0      519       50      0                  0                   0                     0                   0           0
             0                 0          0       0          0             0      44606.860           0    95                       0                 0              0                0                0                    0          0     0          0      0         0                  0                 0                 99            0      519       50      0                  0                   0                     0                   0           0
             0                 0          0       0          0             0      44606.860           0    96                       0                 0              0                0                0                    0          0     0          0      0         0                  0                 0                 99            0      519       50      0                  0                   0                     0                   0           0
             0                 0          0       0          0             0      44606.860           0    97                       0                 0              0                0                0                    0          0     0          0      0         0                  0                 0                 99            0      519       50      0                  0                   0                     0                   0           0
             0                 0          0       0          0             0      44606.860           0    98                       0                 0              0                0                0                    0          0     0          0      0         0                  0                 0                 99            0      519       50      0                  0                   0                     0                   0           0
             0                 0          0       0          0             0      44606.860           0    99                       0                 0              0                0                0                    0          0     0          0      0         0                  0                 0                 99            0      519       50      0                  0                   0                     0                   0           0
#pos runNum=0 0@(1.00000,1.00000)@0 1@(1.02589,1.09158)@568 2@(0.84812,0.94879)@568 3@(0.84088,0.93572)@640 4@(0.80875,0.84059)@731 5@(0.93255,1.04649)@731 6@(0.80549,0.70998)@1208 7@(1.04248,1.00433)@1299 8@(0.98950,0.96059)@640 9@(0.81325,0.97664)@1299 10@(0.90867,1.00616)@1136 11@(1.04952,1.11774)@1080 12@(1.00052,1.12531)@1136 13@(0.84243,1.13953)@640 14@(1.16223,1.06421)@1592 15@(0.90498,0.93266)@1208 16@(0.67991,0.89790)@1776 17@(0.97432,0.72821)@1371 18@(0.88685,1.06075)@568 19@(0.94575,0.73707)@640 20@(0.85815,0.79659)@1776 21@(0.71919,0.66403)@1280 22@(0.66713,0.95979)@1421 23@(1.03187,0.90083)@1208 24@(1.19099,0.96302)@1664 25@(1.09435,0.94683)@1421 26@(0.91227,1.06014)@1136 27@(1.15049,1.06224)@1136 28@(1.24001,0.88818)@1136 29@(1.11259,0.95716)@1592 30@(1.19869,1.38714)@1421 31@(0.92618,1.05940)@1462 32@(0.97398,0.95030)@1421 33@(1.13835,1.02700)@1493 34@(0.91666,0.78733)@1299 35@(0.74116,1.21257)@1371 36@(1.26184,1.03872)@1136 37@(1.17704,1.33657)@2437 38@(0.73187,0.54903)@1939 39@(1.25459,0.86405)@1371 40@(1.13969,1.14842)@1136 41@(1.17269,0.61468)@1939 42@(1.20739,0.75353)@1371 43@(0.90866,0.98792)@1136 44@(0.71917,1.03879)@1299 45@(0.92455,0.85194)@1208 46@(0.65250,1.26036)@1371 47@(0.98933,0.94692)@568 48@(1.24056,0.82983)@1939 49@(0.68996,1.13849)@1280
#links runNum=0 1-42@-96dBm@0.092 2-43@-84dBm@0.973 3-22@-91dBm@0.762 19-39@-91dBm@0.746 5-15@-85dBm@0.962 24-29@-79dBm@1.000 12-18@-97dBm@0.058 2-7@-90dBm@0.830 12-15@-95dBm@0.217 29-37@-95dBm@0.231 1-10@-84dBm@0.974 10-44@-87dBm@0.939 6-32@-94dBm@0.408 20-44@-89dBm@0.869 27-40@-85dBm@0.962 10-37@-96dBm@0.166 1-11@-74dBm@1.000 15-31@-97dBm@0.010 39-42@-90dBm@0.842 4-43@-94dBm@0.323 15-45@-94dBm@0.359 5-6@-93dBm@0.605 9-26@-95dBm@0.209 3-13@-90dBm@0.864 42-48@-94dBm@0.417 28-45@-92dBm@0.701 3-49@-89dBm@0.868 19-28@-92dBm@0.674 3-24@-93dBm@0.531 29-33@-95dBm@0.298 8-47@-91dBm@0.793 47-48@-90dBm@0.864 6-22@-93dBm@0.583 0-44@-95dBm@0.226 1-7@-91dBm@0.746 10-23@-90dBm@0.850 11-37@-92dBm@0.703 6-17@-92dBm@0.691 0-25@-96dBm@0.112 7-37@-97dBm@0.035 3-4@-91dBm@0.743 35-36@-95dBm@0.193 11-18@-88dBm@0.931 11-31@-84dBm@0.970 9-43@-87dBm@0.949 10-29@-95dBm@0.208 25-26@-90dBm@0.864 2-14@-93dBm@0.584 13-46@-91dBm@0.724 16-21@-92dBm@0.664 2-25@-93dBm@0.659 20-33@-94dBm@0.335 11-27@-88dBm@0.935 3-15@-77dBm@1.000 32-47@-71dBm@1.000 5-9@-91dBm@0.754 16-20@-93dBm@0.592 8-15@-93dBm@0.648 15-32@-82dBm@0.983 3-8@-94dBm@0.519 5-26@-90dBm@0.860 31-45@-87dBm@0.949 7-33@-96dBm@0.175 19-31@-94dBm@0.447 1-5@-93dBm@0.636 25-30@-95dBm@0.215 15-34@-90dBm@0.838 10-43@-65dBm@1.000 27-47@-91dBm@0.720 4-7@-89dBm@0.868 9-15@-87dBm@0.947 7-23@-96dBm@0.179 43-47@-83dBm@0.974 11-16@-95dBm@0.220 0-5@-91dBm@0.773 6-38@-91dBm@0.751 3-38@-97dBm@0.020 17-26@-97dBm@0.002 8-43@-94dBm@0.478 4-24@-96dBm@0.190 26-31@-93dBm@0.639 20-47@-90dBm@0.833 5-11@-87dBm@0.941 13-24@-96dBm@0.138 1-40@-84dBm@0.974 11-36@-88dBm@0.919 29-35@-96dBm@0.169 3-23@-87dBm@0.945 6-16@-88dBm@0.936 10-12@-85dBm@0.959 18-42@-94dBm@0.495 11-12@-88dBm@0.933 11-30@-90dBm@0.862 9-32@-85dBm@0.963 26-43@-78dBm@1.000 27-42@-94dBm@0.493 0-47@-81dBm@0.987 33-40@-93dBm@0.654 17-44@-94dBm@0.373 18-36@-95dBm@0.285 0-18@-84dBm@0.974 12-28@-93dBm@0.652 14-27@-87dBm@0.938 35-46@-93dBm@0.578 2-44@-91dBm@0.792 12-25@-92dBm@0.696 31-34@-95dBm@0.247 10-18@-85dBm@0.959 4-26@-93dBm@0.555 24-28@-87dBm@0.944 39-43@-94dBm@0.351 18-29@-93dBm@0.545 24-48@-89dBm@0.868 9-20@-95dBm@0.302 25-29@-92dBm@0.669 11-42@-94dBm@0.366 36-47@-91dBm@0.780 9-27@-94dBm@0.476 23-40@-90dBm@0.865 1-9@-91dBm@0.760 24-36@-86dBm@0.956 22-31@-92dBm@0.679 10-39@-92dBm@0.710 11-15@-95dBm@0.312 3-6@-88dBm@0.934 8-14@-87dBm@0.940 23-42@-90dBm@0.865 4-38@-95dBm@0.278 8-33@-92dBm@0.665 0-12@-96dBm@0.156 7-12@-97dBm@0.033 1-22@-92dBm@0.682 24-44@-95dBm@0.244 44-46@-87dBm@0.939 19-25@-97dBm@0.049 16-44@-85dBm@0.959 8-35@-93dBm@0.567 3-21@-90dBm@0.843 43-45@-93dBm@0.640 9-11@-94dBm@0.412 31-44@-91dBm@0.724 2-3@-67dBm@1.000 19-47@-92dBm@0.704 8-45@-91dBm@0.721 13-35@-92dBm@0.680 3-10@-92dBm@0.681 8-32@-76dBm@1.000 6-20@-85dBm@0.959 29-42@-88dBm@0.915 4-6@-88dBm@0.916 9-12@-89dBm@0.868 7-26@-88dBm@0.934 33-45@-92dBm@0.700 23-27@-89dBm@0.871 5-24@-91dBm@0.761 20-35@-95dBm@0.261 31-41@-96dBm@0.181 14-15@-95dBm@0.201 14-43@-94dBm@0.389 1-24@-95dBm@0.217 15-46@-95dBm@0.228 8-10@-97dBm@0.018 5-8@-89dBm@0.899 10-34@-97dBm@0.062 8-42@-91dBm@0.718 1-2@-87dBm@0.940 12-49@-97dBm@0.041 18-47@-94dBm@0.346 22-45@-93dBm@0.623 0-4@-91dBm@0.759 32-45@-86dBm@0.956 0-13@-89dBm@0.893 19-20@-91dBm@0.747 8-9@-92dBm@0.704 4-17@-89dBm@0.874 25-48@-96dBm@0.107 6-18@-96dBm@0.190 45-47@-86dBm@0.958 24-33@-89dBm@0.867 16-19@-91dBm@0.735 5-49@-96dBm@0.128 19-34@-94dBm@0.502 9-42@-94dBm@0.361 44-49@-90dBm@0.842 30-46@-95dBm@0.206 33-43@-90dBm@0.864 5-31@-91dBm@0.768 10-20@-91dBm@0.743 3-35@-91dBm@0.726 0-8@-90dBm@0.863 15-33@-92dBm@0.681 4-23@-91dBm@0.738 10-26@-94dBm@0.455 5-10@-78dBm@1.000 12-27@-89dBm@0.868 1-45@-90dBm@0.862 29-39@-93dBm@0.556 27-30@-91dBm@0.782 11-44@-95dBm@0.196 13-44@-85dBm@0.964 0-2@-88dBm@0.912 36-41@-96dBm@0.085 20-22@-89dBm@0.873 10-49@-90dBm@0.864 2-4@-92dBm@0.685 12-23@-93dBm@0.594 10-32@-93dBm@0.656 23-32@-84dBm@0.969 19-23@-85dBm@0.959 0-21@-97dBm@0.063 31-40@-88dBm@0.936 2-15@-91dBm@0.803 8-17@-95dBm@0.262 4-44@-88dBm@0.915 2-26@-84dBm@0.974 3-11@-96dBm@0.132 1-36@-88dBm@0.912 21-38@-82dBm@0.984 39-48@-84dBm@0.968 25-49@-93dBm@0.576 16-38@-95dBm@0.279 7-17@-90dBm@0.806 17-33@-95dBm@0.267 3-27@-92dBm@0.712 31-43@-89dBm@0.866 14-24@-81dBm@0.986 9-35@-97dBm@0.063 2-5@-94dBm@0.477 29-31@-88dBm@0.918 10-15@-91dBm@0.731 3-12@-95dBm@0.234 12-31@-89dBm@0.889 12-13@-94dBm@0.411 0-22@-96dBm@0.179 9-25@-89dBm@0.868 17-41@-88dBm@0.912 15-19@-93dBm@0.625 26-47@-96dBm@0.087 23-48@-94dBm@0.388 10-21@-92dBm@0.690 0-19@-89dBm@0.869 7-31@-91dBm@0.793 35-44@-89dBm@0.871 3-39@-97dBm@0.057 1-27@-84dBm@0.971 28-39@-71dBm@1.000 7-11@-93dBm@0.658 19-33@-92dBm@0.673 14-42@-91dBm@0.771 1-30@-92dBm@0.685 0-3@-90dBm@0.862 25-42@-88dBm@0.935 5-14@-89dBm@0.870 34-45@-77dBm@1.000 8-16@-94dBm@0.356 20-23@-91dBm@0.784 3-9@-87dBm@0.949 31-37@-92dBm@0.671 15-16@-91dBm@0.724 35-49@-79dBm@0.996 5-22@-97dBm@0.060 17-25@-91dBm@0.802 23-25@-79dBm@0.999 40-49@-93dBm@0.606 1-13@-91dBm@0.734 17-31@-93dBm@0.595 5-37@-94dBm@0.346 22-27@-96dBm@0.138 24-43@-95dBm@0.223 14-28@-96dBm@0.075 9-38@-93dBm@0.536 1-18@-88dBm@0.916 25-44@-96dBm@0.180 0-1@-82dBm@0.983 29-47@-88dBm@0.930 16-49@-95dBm@0.285 8-24@-89dBm@0.866 20-41@-92dBm@0.674 16-29@-94dBm@0.497 4-47@-95dBm@0.226 7-39@-94dBm@0.424 32-49@-97dBm@0.018 31-32@-91dBm@0.800 10-16@-91dBm@0.770 26-33@-93dBm@0.659 1-3@-92dBm@0.674 28-47@-88dBm@0.903 1-12@-82dBm@0.985 10-17@-93dBm@0.649 46-49@-93dBm@0.593 12-39@-96dBm@0.175 4-5@-91dBm@0.776 26-37@-93dBm@0.636 5-18@-85dBm@0.961 17-27@-93dBm@0.613 5-35@-89dBm@0.886 32-43@-82dBm@0.981 24-41@-93dBm@0.557 17-20@-84dBm@0.974 18-44@-93dBm@0.621 2-32@-92dBm@0.692 8-13@-89dBm@0.898 20-31@-91dBm@0.739 2-21@-96dBm@0.079 10-19@-89dBm@0.868 5-43@-78dBm@1.000 4-34@-83dBm@0.974 3-47@-91dBm@0.771 14-16@-96dBm@0.177
#aveChargePerCycle runNum=0 0@130.96 1@54.92 2@36.79 3@47.67 4@16.75 5@12.04 6@20.04 7@1.30 8@11.64 9@1.30 10@1.94 11@1.30 12@1.30 13@8.56 14@1.30 15@1.30 16@1.30 17@8.22 18@7.57 19@13.61 20@1.94 21@1.30 22@5.83 23@1.30 24@2.59 25@2.59 26@1.30 27@1.94 28@1.30 29@2.59 30@2.59 31@1.30 32@1.30 33@1.30 34@1.30 35@1.30 36@1.30 37@2.59 38@1.94 39@7.82 40@1.30 41@1.30 42@2.59 43@1.30 44@1.94 45@1.30 46@1.94 47@6.59 48@1.30 49@1.30