## dioPeriod = 1.0
## startTime = 1502276497.49
## numMotes = 50
## otfHousekeepingPeriod = 1.0
## slotframeLength = 101
## squareSide = 2.0
## cpuID = 81
## sixtopPdrThreshold = 1.5
## slotDuration = 0.01
## sixtopNoHousekeeping = 0
## pkPeriodVar = 0.05
## numCyclesPerRun = 100
## numRuns = 1
## otfThreshold = 1
## sixtopNoRemoveWorstCell = 0
## burstTimestamp = 20
## simDataDir = simData
## numChans = 16
## minRssi = -97
## noInterference = 0
## algorithm = local_voting
## numPacketsBurst = 5
## gui = False
## pkPeriod = None
## combinationKeys = ['algorithm', 'numMotes', 'otfThreshold']
## sixtopHousekeepingPeriod = 1.0


# appGenerated appReachesDagroot appRelayed aveHops aveLatency aveQueueDelay chargeConsumed collidedTxs cycle droppedAppFailedEnqueue droppedMacRetries droppedNoRoute droppedNoTxCells droppedQueueFull effectiveCollidedTxs numRxCells numTx numTxCells otfAdd otfRemove probableCollisions rplChurnParentSet rplChurnPrefParent rplChurnRank rplRxDIO rplTxDIO runNum scheduleCollisions topRxRelocatedCells topTxRelocatedBundles topTxRelocatedCells txQueueFill
             0                 0          0       0          0             0              0           0     0                       0                 0              0                0                0                    0          0     0          0      0         0                  0                 0                  0            0        0        0      0                  0                   0                     0                   0           0
             0                 0          0       0          0             0              0           0     1                       0                 0              0                0                0                    0          0     0          0      0         0                  0               134                 96            4      504       50      0                  0                   0                     0                   0           0
             0                 0          0       0          0             0              0           0     2                       0                 0              0                0                0                    0          0     0          0      0         0                  0                 0                143            0      504       50      0                  0                   0                     0                   0           0
             0                 0          0       0          0             0              0           0     3                       0                 0              0                0                0                    0          0     0          0      0         0                  0                 0                143            0      504       50      0                  0                   0                     0                   0           0
             0                 0          0       0          0             0              0           0     4                       0                 0              0                0                0                    0          0     0          0      0         0                  0                 0                143            0      504       50      0                  0                   0                     0                   0           0
             0                 0          0       0          0             0              0           0     5                       0                 0              0                0                0                    0          0     0          0      0         0                  0                 0                143            0      504       50      0                  0                   0                     0                   0           0
             0                 0          0       0          0             0              0           0     6                       0                 0              0                0                0                    0          0     0          0      0         0                  0                 0                143            0      504       50      0                  0                   0                     0                   0           0
             0                 0          0       0          0             0              0           0     7                       0                 0              0                0                0                    0          0     0          0      0         0                  0                 0                143            0      504       50      0                  0                   0                     0                   0           0
             0                 0          0       0          0             0              0           0     8                       0                 0              0                0                0                    0          0     0          0      0         0                  0                 0                143            0      504       50      0                  0                   0                     0                   0           0
             0                 0          0       0          0             0              0           0     9                       0                 0              0                0                0                    0          0     0          0      0         0                  0                 0                143            0      504       50      0                  0                   0                     0                   0           0
             0                 0          0       0          0             0              0           0    10                       0                 0              0                0                0                    0          0     0          0      0         0                  0                 0                143            0      504       50      0                  0                   0                     0                   0           0
             0                 0          0       0          0             0              0           0    11                       0                 0              0                0                0                    0          0     0          0      0         0                  0                 0                143            0      504       50      0                  0                   0                     0                   0           0
             0                 0          0       0          0             0              0           0    12                       0                 0              0                0                0                    0          0     0          0      0         0                  0                 0                143            0      504       50      0                  0                   0                     0                   0           0
             0                 0          0       0          0             0              0           0    13                       0                 0              0                0                0                    0          0     0          0      0         0                  0                 0                143            0      504       50      0                  0                   0                     0                   0           0
             0                 0          0       0          0             0              0           0    14                       0                 0              0                0                0                    0          0     0          0      0         0                  0                 0                143            0      504       50      0                  0                   0                     0                   0           0
             0                 0          0       0          0             0              0           0    15                       0                 0              0                0                0                    0          0     0          0      0         0                  0                 0                143            0      504       50      0                  0                   0                     0                   0           0
             0                 0          0       0          0             0              0           0    16                       0                 0              0                0                0                    0          0     0          0      0         0                  0                 0                143            0      504       50      0                  0                   0                     0                   0           0
             0                 0          0       0          0             0              0           0    17                       0                 0              0                0                0                    0          0     0          0      0         0                  0                 0                143            0      504       50      0                  0                   0                     0                   0           0
             0                 0          0       0          0             0              0           0    18                       0                 0              0                0                0                    0          0     0          0      0         0                  0                 0                143            0      504       50      0                  0                   0                     0                   0           0
            49                 0          7       0          0        70.000       1106.060           0    19                       0                 0              0                0                0                    0         57     8         57      0         0                  0                 0                143            0      504       50      0                  0                   0                     0                   0          49
             0                29         26   1.517     89.621      2877.567      13479.800          24    20                       0                 0              0                0                0                    3        235    76        235      0         0                  0                 0                154            7      504       50      0                 12                   0                     0                   0          20
             0                20          2   2.000    148.000       785.667      20034.620           0    21                       0                 0              0                0                0                    0         89    44         89      0         0                  0                 8                151           51      504       50      0                  0                   0                     0                   0           0
             0                 0          0       0          0             0      21338.420           0    22                       0                 0              0                0                0                    0          4     1          4      0         0                  0                 4                133           46      504       50      0                  0                   0                     0                   0           0
             0                 0          0       0          0             0      21436.820           0    23                       0                 0              0                0                0                    0          4     1          4      0         0                  0                 1                132            6      504       50      0                  0                   0                     0                   0           0
             0                 0          0       0          0             0      21535.220           0    24                       0                 0              0                0                0                    0          4     1          4      0         0                  0                 0                132            0      504       50      0                  0                   0                     0                   0           0
             0                 0          0       0          0             0      21633.620           0    25                       0                 0              0                0                0                    0          4     1          4      0         0                  0                 0                132            0      504       50      0                  0                   0                     0                   0           0
             0                 0          0       0          0             0      21732.020           0    26                       0                 0              0                0                0                    0          4     1          4      0         0                  0                 0                132            0      504       50      0                  0                   0                     0                   0           0
             0                 0          0       0          0             0      21830.420           0    27                       0                 0              0                0                0                    0          4     1          4      0         0                  0                 0                132            0      504       50      0                  0                   0                     0                   0           0
             0                 0          0       0          0             0      21928.820           0    28                       0                 0              0                0                0                    0          4     1          4      0         0                  0                 0                132            0      504       50      0                  0                   0                     0                   0           0
             0                 0          0       0          0             0      22027.220           0    29                       0                 0              0                0                0                    0          4     1          4      0         0                  0                 0                132            0      504       50      0                  0                   0                     0                   0           0
             0                 0          0       0          0             0      22125.620           0    30                       0                 0              0                0                0                    0          4     1          4      0         0                  0                 0                132            0      504       50      0                  0                   0                     0                   0           0
             0                 0          0       0          0             0      22224.020           0    31                       0                 0              0                0                0                    0          4     1          4      0         0                  0                 0                132            0      504       50      0                  0                   0                     0                   0           0
             0                 0          0       0          0             0      22322.420           0    32                       0                 0              0                0                0                    0          4     1          4      0         0                  0                 0                132            0      504       50      0                  0                   0                     0                   0           0
             0                 0          0       0          0             0      22420.820           0    33                       0                 0              0                0                0                    0          4     1          4      0         0                  0                 0                132            0      504       50      0                  0                   0                     0                   0           0
             0                 0          0       0          0             0      22519.220           0    34                       0                 0              0                0                0                    0          4     1          4      0         0                  0                 0                132            0      504       50      0                  0                   0                     0                   0           0
             0                 0          0       0          0             0      22617.620           0    35                       0                 0              0                0                0                    0          4     1          4      0         0                  0                 0                132            0      504       50      0                  0                   0                     0                   0           0
             0                 0          0       0          0             0      22716.020           0    36                       0                 0              0                0                0                    0          4     1          4      0         0                  0                 0                132            0      504       50      0                  0                   0                     0                   0           0
             0                 0          0       0          0             0      22814.420           0    37                       0                 0              0                0                0                    0          4     1          4      0         0                  0                 0                132            0      504       50      0                  0                   0                     0                   0           0
             0                 0          0       0          0             0      22912.820           0    38                       0                 0              0                0                0                    0          4     1          4      0         0                  0                 0                132            0      504       50      0                  0                   0                     0                   0           0
             0                 0          0       0          0             0      23011.220           0    39                       0                 0              0                0                0                    0          4     1          4      0         0                  0                 0                132            0      504       50      0                  0                   0                     0                   0           0
             0                 0          0       0          0             0      23109.620           0    40                       0                 0              0                0                0                    0          4     1          4      0         0                  0                 0                132            0      504       50      0                  0                   0                     0                   0           0
             0                 0          0       0          0             0      23208.020           0    41                       0                 0              0                0                0                    0          4     1          4      0         0                  0                 0                132            0      504       50      0                  0                   0                     0                   0           0
             0                 0          0       0          0             0      23306.420           0    42                       0                 0              0                0                0                    0          4     1          4      0         0                  0                 0                132            0      504       50      0                  0                   0                     0                   0           0
             0                 0          0       0          0             0      23404.820           0    43                       0                 0              0                0                0                    0          4     1          4      0         0                  0                 0                132            0      504       50      0                  0                   0                     0                   0           0
             0                 0          0       0          0             0      23503.220           0    44                       0                 0              0                0                0                    0          4     1          4      0         0                  0                 0                132            0      504       50      0                  0                   0                     0                   0           0
             0                 0          0       0          0             0      23601.620           0    45                       0                 0              0                0                0                    0          4     1          4      0         0                  0                 0                132            0      504       50      0                  0                   0                     0                   0           0
             0                 0          0       0          0             0      23700.020           0    46                       0                 0              0                0                0                    0          4     1          4      0         0                  0                 0                132            0      504       50      0                  0                   0                     0                   0           0
             0                 0          0       0          0             0      23798.420           0    47                       0                 0              0                0                0                    0          4     1          4      0         0                  0                 0                132            0      504       50      0                  0                   0                     0                   0           0
             0                 0          0       0          0             0      23896.820           0    48                       0                 0              0                0                0                    0          4     1          4      0         0                  0                 0                132            0      504       50      0                  0                   0                     0                   0           0
             0                 0          0       0          0             0      23995.220           0    49                       0                 0              0                0                0                    0          4     1          4      0         0                  0                 0                132            0      504       50      0                  0                   0                     0                   0           0
             0                 0          0       0          0             0      24093.620           0    50                       0                 0              0                0                0                    0          4     1          4      0         0                  0                 0                132            0      504       50      0                  0                   0                     0                   0           0
             0                 0          0       0          0             0      24192.020           0    51                       0                 0              0                0                0                    0          4     1          4      0         0                  0                 0                132            0      504       50      0                  0                   0                     0                   0           0
             0                 0          0       0          0             0      24290.420           0    52                       0                 0              0                0                0                    0          4     1          4      0         0                  0                 0                132            0      504       50      0                  0                   0                     0                   0           0
             0                 0          0       0          0             0      24388.820           0    53                       0                 0              0                0                0                    0          4     1          4      0         0                  0                 0                132            0      504       50      0                  0                   0                     0                   0           0
             0                 0          0       0          0             0      24487.220           0    54                       0                 0              0                0                0                    0          4     1          4      0         0                  0                 0                132            0      504       50      0                  0                   0                     0                   0           0
             0                 0          0       0          0             0      24585.620           0    55                       0                 0              0                0                0                    0          4     1          4      0         0                  0                 0                132            0      504       50      0                  0                   0                     0                   0           0
             0                 0          0       0          0             0      24684.020           0    56                       0                 0              0                0                0                    0          4     1          4      0         0                  0                 0                132            0      504       50      0                  0                   0                     0                   0           0
             0                 0          0       0          0             0      24782.420           0    57                       0                 0              0                0                0                    0          4     1          4      0         0                  0                 0                132            0      504       50      0                  0                   0                     0                   0           0
             0                 0          0       0          0             0      24880.820           0    58                       0                 0              0                0                0                    0          4     1          4      0         0                  0                 0                132            0      504       50      0                  0                   0                     0                   0           0
            49                 8         13   1.125     34.250       633.500      28675.380          19    59                       0                 0              0                0                0                    9        162    24        162      0         0                  0                 0                132            0      504       50      0                 10                   0                     0                   0          41
             0                32         22   1.812    108.469      2487.595      42493.120          22    60                       0                 0              0                0                0                    9        179    68        179      0         0                  0                 3                129           28      504       50      0                 11                   1                     0                   0           9
             0                 8          0   1.875    181.750       207.933      46200.900           0    61                       0                 0              0                0                0                    0         76     7         76      0         0                  0                 5                128           45      504       50      0                  0                   1                     0                   0           1
             0                 1          0   2.000    298.000       182.000      48482.820           0    62                       0                 0              0                0                0                    0        105     2        105      0         0                  0                 3                132           42      504       50      0                  0                   0                     0                   0           0
             0                 0          0       0          0             0      49368.420           0    63                       0                 0              0                0                0                    0          4     1          4      0         0                  0                 2                132            7      504       50      0                  0                   0                     0                   0           0
             0                 0          0       0          0             0      49466.820           0    64                       0                 0              0                0                0                    0          4     1          4      0         0                  0                 0                132            2      504       50      0                  0                   0                     0                   0           0
             0                 0          0       0          0             0      49565.220           0    65                       0                 0              0                0                0                    0          4     1          4      0         0                  0                 1                132            0      504       50      0                  0                   0                     0                   0           0
             0                 0          0       0          0             0      49663.620           0    66                       0                 0              0                0                0                    0          4     1          4      0         0                  0                 0                132            0      504       50      0                  0                   0                     0                   0           0
             0                 0          0       0          0             0      49762.020           0    67                       0                 0              0                0                0                    0          4     1          4      0         0                  0                 0                132            0      504       50      0                  0                   0                     0                   0           0
             0                 0          0       0          0             0      49860.420           0    68                       0                 0              0                0                0                    0          4     1          4      0         0                  0                 0                132            0      504       50      0                  0                   0                     0                   0           0
             0                 0          0       0          0             0      49958.820           0    69                       0                 0              0                0                0                    0          4     1          4      0         0                  0                 0                132            0      504       50      0                  0                   0                     0                   0           0
             0                 0          0       0          0             0      50057.220           0    70                       0                 0              0                0                0                    0          4     1          4      0         0                  0                 0                132            0      504       50      0                  0                   0                     0                   0           0
             0                 0          0       0          0             0      50155.620           0    71                       0                 0              0                0                0                    0          4     1          4      0         0                  0                 0                132            0      504       50      0                  0                   0                     0                   0           0
             0                 0          0       0          0             0      50254.020           0    72                       0                 0              0                0                0                    0          4     1          4      0         0                  0                 0                132            0      504       50      0                  0                   0                     0                   0           0
             0                 0          0       0          0             0      50352.420           0    73                       0                 0              0                0                0                    0          4     1          4      0         0                  0                 0                132            0      504       50      0                  0                   0                     0                   0           0
             0                 0          0       0          0             0      50450.820           0    74                       0                 0              0                0                0                    0          4     1          4      0         0                  0                 0                132            0      504       50      0                  0                   0                     0                   0           0
             0                 0          0       0          0             0      50549.220           0    75                       0                 0              0                0                0                    0          4     1          4      0         0                  0                 0                132            0      504       50      0                  0                   0                     0                   0           0
             0                 0          0       0          0             0      50647.620           0    76                       0                 0              0                0                0                    0          4     1          4      0         0                  0                 0                132            0      504       50      0                  0                   0                     0                   0           0
             0                 0          0       0          0             0      50746.020           0    77                       0                 0              0                0                0                    0          4     1          4      0         0                  0                 0                132            0      504       50      0                  0                   0                     0                   0           0
             0                 0          0       0          0             0      50844.420           0    78                       0                 0              0                0                0                    0          4     1          4      0         0                  0                 0                132            0      504       50      0                  0                   0                     0                   0           0
             0                 0          0       0          0             0      50942.820           0    79                       0                 0              0                0                0                    0          4     1          4      0         0                  0                 0                132            0      504       50      0                  0                   0                     0                   0           0
             0                 0          0       0          0             0      51041.220           0    80                       0                 0              0                0                0                    0          4     1          4      0         0                  0                 0                132            0      504       50      0                  0                   0                     0                   0           0
             0                 0          0       0          0             0      51139.620           0    81                       0                 0              0                0                0                    0          4     1          4      0         0                  0                 0                132            0      504       50      0                  0                   0                     0                   0           0
             0                 0          0       0          0             0      51238.020           0    82                       0                 0              0                0                0                    0          4     1          4      0         0                  0                 0                132            0      504       50      0                  0                   0                     0                   0           0
             0                 0          0       0          0             0      51336.420           0    83                       0                 0              0                0                0                    0          4     1          4      0         0                  0                 0                132            0      504       50      0                  0                   0                     0                   0           0
             0                 0          0       0          0             0      51434.820           0    84                       0                 0              0                0                0                    0          4     1          4      0         0                  0                 0                132            0      504       50      0                  0                   0                     0                   0           0
             0                 0          0       0          0             0      51533.220           0    85                       0                 0              0                0                0                    0          4     1          4      0         0                  0                 0                132            0      504       50      0                  0                   0                     0                   0           0
             0                 0          0       0          0             0      51631.620           0    86                       0                 0              0                0                0                    0          4     1          4      0         0                  0                 0                132            0      504       50      0                  0                   0                     0                   0           0
             0                 0          0       0          0             0      51730.020           0    87                       0                 0              0                0                0                    0          4     1          4      0         0                  0                 0                132            0      504       50      0                  0                   0                     0                   0           0
             0                 0          0       0          0             0      51828.420           0    88                       0                 0              0                0                0                    0          4     1          4      0         0                  0                 0                132            0      504       50      0                  0                   0                     0                   0           0
             0                 0          0       0          0             0      51926.820           0    89                       0                 0              0                0                0                    0          4     1          4      0         0                  0                 0                132            0      504       50      0                  0                   0                     0                   0           0
             0                 0          0       0          0             0      52025.220           0    90                       0                 0              0                0                0                    0          4     1          4      0         0                  0                 0                132            0      504       50      0                  0                   0                     0                   0           0
             0                 0          0       0          0             0      52123.620           0    91                       0                 0              0                0                0                    0          4     1          4      0         0                  0                 0                132            0      504       50      0                  0                   0                     0                   0           0
             0                 0          0       0          0             0      52222.020           0    92                       0                 0              0                0                0                    0          4     1          4      0         0                  0                 0                132            0      504       50      0                  0                   0                     0                   0           0
             0                 0          0       0          0             0      52320.420           0    93                       0                 0              0                0                0                    0          4     1          4      0         0                  0                 0                132            0      504       50      0                  0                   0                     0                   0           0
             0                 0          0       0          0             0      52418.820           0    94                       0                 0              0                0                0                    0          4     1          4      0         0                  0                 0                132            0      504       50      0                  0                   0                     0                   0           0
             0                 0          0       0          0             0      52517.220           0    95                       0                 0              0                0                0                    0          4     1          4      0         0                  0                 0                132            0      504       50      0                  0                   0                     0                   0           0
             0                 0          0       0          0             0      52615.620           0    96                       0                 0              0                0                0                    0          4     1          4      0         0                  0                 0                132            0      504       50      0                  0                   0                     0                   0           0
             0                 0          0       0          0             0      52714.020           0    97                       0                 0              0                0                0                    0          4     1          4      0         0                  0                 0                132            0      504       50      0                  0                   0                     0                   0           0
             0                 0          0       0          0             0      52812.420           0    98                       0                 0              0                0                0                    0          4     1          4      0         0                  0                 0                132            0      504       50      0                  0                   0                     0                   0           0
             0                 0          0       0          0             0      52910.820           0    99                       0                 0              0                0                0                    0          4     1          4      0         0                  0                 0                132            0      504       50      0                  0                   0                     0                   0           0
#pos runNum=0 0@(1.00000,1.00000)@0 1@(1.21204,1.04059)@1024 2@(1.39237,1.19240)@1024 3@(1.30147,1.08877)@731 4@(1.15347,1.02756)@568 5@(1.21816,1.05640)@640 6@(1.06956,1.29090)@1024 7@(1.27355,1.20913)@1024 8@(1.37461,1.35565)@1877 9@(1.12267,1.17352)@568 10@(1.23558,1.02602)@1592 11@(1.29763,1.17065)@1877 12@(1.21918,1.05426)@1536 13@(1.09153,1.04725)@568 14@(1.12649,1.16714)@1755 15@(1.19439,1.43116)@1877 16@(1.11077,1.02043)@1208 17@(1.14701,1.32264)@1208 18@(1.42534,1.01389)@1664 19@(1.55368,0.87355)@1493 20@(1.38566,1.08555)@1592 21@(1.22430,0.92551)@731 22@(1.06116,1.19622)@853 23@(0.87794,1.19151)@1421 24@(1.03491,0.88739)@1136 25@(1.03411,1.30687)@1592 26@(1.20151,0.92804)@1243 27@(1.55972,1.18967)@2048 28@(1.16455,0.90030)@1136 29@(0.97167,0.88041)@1299 30@(0.87073,1.00451)@1299 31@(1.01554,1.01367)@512 32@(1.06538,0.72088)@1421 33@(1.16248,1.35938)@1877 34@(1.45106,1.07317)@1755 35@(1.27640,0.95332)@1243 36@(1.58298,1.14160)@1664 37@(1.45682,1.12612)@2133 38@(1.21981,1.40975)@2304 39@(1.05331,1.30100)@1848 40@(1.31282,1.15244)@1592 41@(1.39013,1.21910)@2304 42@(1.18811,0.77768)@1584 43@(0.91389,1.09428)@640 44@(1.03677,1.04071)@568 45@(1.44435,0.99211)@1299 46@(1.50466,1.39297)@1462 47@(1.17554,0.72548)@853 48@(1.36683,1.23112)@1592 49@(1.32279,1.05040)@1592
#links runNum=0 3-22@-96dBm@0.189 14-34@-95dBm@0.298 9-44@-89dBm@0.867 10-26@-90dBm@0.862 24-29@-86dBm@0.950 48-49@-90dBm@0.860 15-22@-89dBm@0.869 25-49@-95dBm@0.252 1-10@-82dBm@0.982 12-30@-92dBm@0.687 7-27@-93dBm@0.534 21-28@-90dBm@0.862 8-44@-94dBm@0.383 3-7@-89dBm@0.883 14-23@-89dBm@0.895 16-32@-92dBm@0.671 5-21@-84dBm@0.974 2-49@-86dBm@0.957 38-48@-87dBm@0.938 10-11@-92dBm@0.704 8-37@-96dBm@0.117 3-45@-86dBm@0.958 37-45@-88dBm@0.935 30-44@-90dBm@0.856 17-22@-86dBm@0.958 3-49@-92dBm@0.717 10-19@-93dBm@0.523 21-49@-86dBm@0.957 12-24@-92dBm@0.665 27-48@-90dBm@0.862 5-12@-55dBm@1.000 33-34@-96dBm@0.151 1-21@-88dBm@0.912 22-25@-88dBm@0.937 2-4@-95dBm@0.288 35-42@-88dBm@0.935 3-11@-87dBm@0.946 11-18@-89dBm@0.901 6-41@-94dBm@0.437 32-47@-89dBm@0.894 3-4@-85dBm@0.964 7-22@-88dBm@0.910 0-14@-95dBm@0.211 25-46@-95dBm@0.251 37-48@-97dBm@0.001 25-39@-86dBm@0.955 2-14@-91dBm@0.776 41-48@-71dBm@1.000 18-43@-97dBm@0.025 1-16@-96dBm@0.185 27-36@-94dBm@0.377 2-25@-96dBm@0.129 3-15@-92dBm@0.685 7-34@-94dBm@0.497 2-36@-91dBm@0.802 13-21@-89dBm@0.885 8-15@-88dBm@0.927 1-4@-78dBm@1.000 21-25@-95dBm@0.201 8-33@-89dBm@0.884 17-46@-91dBm@0.728 5-19@-92dBm@0.664 18-19@-88dBm@0.935 12-25@-94dBm@0.432 1-5@-71dBm@1.000 30-47@-93dBm@0.595 6-8@-92dBm@0.706 6-39@-74dBm@1.000 12-37@-91dBm@0.727 29-37@-95dBm@0.195 7-48@-86dBm@0.954 7-33@-93dBm@0.659 5-13@-87dBm@0.940 29-45@-96dBm@0.185 10-35@-87dBm@0.941 0-5@-90dBm@0.862 1-26@-93dBm@0.549 26-32@-90dBm@0.826 6-25@-81dBm@0.986 36-42@-96dBm@0.167 4-24@-89dBm@0.870 2-38@-94dBm@0.426 2-26@-93dBm@0.636 3-28@-97dBm@0.038 19-37@-90dBm@0.864 26-28@-76dBm@1.000 11-17@-93dBm@0.565 1-2@-91dBm@0.740 9-29@-92dBm@0.713 14-36@-95dBm@0.228 29-38@-97dBm@0.016 9-14@-69dBm@1.000 7-8@-86dBm@0.952 2-9@-93dBm@0.652 33-48@-91dBm@0.737 15-43@-95dBm@0.263 0-47@-92dBm@0.667 39-49@-92dBm@0.710 36-45@-97dBm@0.070 42-47@-88dBm@0.937 2-18@-90dBm@0.863 15-21@-96dBm@0.099 1-11@-92dBm@0.698 1-28@-93dBm@0.642 0-9@-88dBm@0.933 7-13@-94dBm@0.362 1-31@-88dBm@0.931 25-26@-96dBm@0.102 2-40@-88dBm@0.934 8-40@-97dBm@0.004 5-16@-83dBm@0.974 14-43@-97dBm@0.020 43-48@-97dBm@0.009 11-41@-83dBm@0.977 9-48@-93dBm@0.598 38-40@-92dBm@0.689 5-20@-95dBm@0.292 15-49@-95dBm@0.193 6-14@-94dBm@0.521 29-44@-86dBm@0.958 22-31@-88dBm@0.933 30-32@-92dBm@0.683 16-45@-91dBm@0.739 9-30@-92dBm@0.702 16-49@-90dBm@0.863 3-6@-92dBm@0.679 0-20@-97dBm@0.075 13-45@-94dBm@0.508 31-42@-89dBm@0.866 21-32@-93dBm@0.575 2-20@-96dBm@0.120 28-40@-96dBm@0.122 1-22@-87dBm@0.941 8-49@-94dBm@0.431 3-46@-92dBm@0.700 15-33@-91dBm@0.793 10-39@-94dBm@0.404 4-28@-86dBm@0.958 12-16@-89dBm@0.866 11-16@-89dBm@0.869 12-48@-91dBm@0.739 20-34@-84dBm@0.974 5-14@-96dBm@0.082 26-45@-93dBm@0.649 24-49@-92dBm@0.672 3-10@-90dBm@0.862 10-14@-92dBm@0.680 5-29@-97dBm@0.074 25-41@-93dBm@0.649 4-6@-90dBm@0.827 22-38@-92dBm@0.674 33-39@-87dBm@0.946 27-35@-92dBm@0.673 6-33@-96dBm@0.189 32-48@-97dBm@0.045 23-39@-92dBm@0.696 19-27@-94dBm@0.349 4-31@-96dBm@0.122 16-17@-91dBm@0.746 2-48@-79dBm@0.999 17-40@-94dBm@0.455 24-32@-97dBm@0.002 2-34@-91dBm@0.754 1-24@-93dBm@0.607 3-48@-87dBm@0.943 8-41@-97dBm@0.012 11-39@-90dBm@0.856 18-41@-87dBm@0.943 1-43@-90dBm@0.845 12-43@-95dBm@0.211 0-4@-88dBm@0.937 9-40@-90dBm@0.863 0-13@-88dBm@0.934 39-45@-95dBm@0.272 27-39@-95dBm@0.275 18-49@-91dBm@0.736 6-31@-96dBm@0.179 9-23@-93dBm@0.631 12-49@-86dBm@0.956 23-30@-87dBm@0.946 29-40@-94dBm@0.469 14-29@-94dBm@0.436 40-41@-81dBm@0.987 2-11@-84dBm@0.971 26-30@-97dBm@0.041 22-44@-96dBm@0.080 14-48@-92dBm@0.672 5-31@-96dBm@0.146 26-40@-91dBm@0.798 12-18@-95dBm@0.275 31-43@-93dBm@0.536 17-42@-95dBm@0.256 14-17@-87dBm@0.938 13-39@-89dBm@0.867 20-45@-87dBm@0.945 10-17@-93dBm@0.643 11-15@-95dBm@0.265 5-10@-75dBm@1.000 21-31@-88dBm@0.935 3-42@-92dBm@0.687 1-13@-95dBm@0.210 26-42@-85dBm@0.963 34-36@-88dBm@0.921 5-47@-97dBm@0.012 18-27@-90dBm@0.823 11-25@-97dBm@0.031 0-2@-93dBm@0.530 10-49@-89dBm@0.883 0-44@-85dBm@0.961 2-8@-92dBm@0.662 36-40@-95dBm@0.211 18-26@-93dBm@0.621 13-20@-90dBm@0.861 2-31@-94dBm@0.399 11-37@-91dBm@0.754 0-21@-91dBm@0.741 18-40@-88dBm@0.905 26-31@-95dBm@0.310 2-15@-92dBm@0.667 12-45@-94dBm@0.362 1-17@-92dBm@0.698 16-36@-96dBm@0.166 21-26@-76dBm@1.000 5-7@-85dBm@0.959 18-45@-71dBm@1.000 3-16@-95dBm@0.214 9-13@-86dBm@0.952 14-44@-85dBm@0.961 3-21@-91dBm@0.773 12-32@-93dBm@0.533 4-18@-96dBm@0.163 24-44@-84dBm@0.971 28-31@-87dBm@0.938 5-24@-94dBm@0.372 3-12@-83dBm@0.976 10-13@-87dBm@0.940 0-22@-92dBm@0.694 18-29@-94dBm@0.416 22-30@-92dBm@0.692 13-32@-92dBm@0.662 3-5@-82dBm@0.981 21-44@-89dBm@0.872 16-33@-95dBm@0.305 41-49@-90dBm@0.862 6-11@-94dBm@0.432 18-36@-91dBm@0.734 25-48@-95dBm@0.227 7-31@-96dBm@0.170 10-18@-93dBm@0.640 10-34@-93dBm@0.639 9-17@-90dBm@0.863 7-11@-84dBm@0.970 27-46@-89dBm@0.867 0-7@-93dBm@0.590 12-35@-87dBm@0.939 26-43@-93dBm@0.641 34-37@-77dBm@1.000 0-3@-92dBm@0.710 2-3@-83dBm@0.974 7-36@-96dBm@0.150 40-48@-95dBm@0.226 3-9@-92dBm@0.699 15-16@-96dBm@0.154 40-44@-92dBm@0.667 0-31@-76dBm@1.000 13-48@-94dBm@0.335 20-21@-87dBm@0.938 6-49@-92dBm@0.670 16-30@-90dBm@0.806 8-20@-90dBm@0.862 11-27@-96dBm@0.179 35-38@-94dBm@0.496 34-45@-89dBm@0.892 20-27@-92dBm@0.669 15-25@-89dBm@0.865 4-39@-94dBm@0.447 21-29@-89dBm@0.866 0-1@-93dBm@0.570 14-22@-93dBm@0.629 8-36@-96dBm@0.191 32-35@-95dBm@0.197 20-47@-95dBm@0.201 0-6@-93dBm@0.550 21-35@-79dBm@1.000 10-33@-92dBm@0.662 4-29@-96dBm@0.179 47-48@-96dBm@0.180 17-23@-90dBm@0.864 22-37@-95dBm@0.214 10-16@-95dBm@0.298 5-17@-89dBm@0.867 1-3@-89dBm@0.866 18-35@-95dBm@0.204 1-12@-66dBm@1.000 9-24@-96dBm@0.160 14-37@-94dBm@0.463 4-5@-84dBm@0.970 12-21@-94dBm@0.409 0-43@-89dBm@0.870 10-38@-92dBm@0.691 21-47@-88dBm@0.908 34-38@-93dBm@0.660 15-44@-94dBm@0.403 9-28@-92dBm@0.687 1-20@-86dBm@0.958 12-15@-95dBm@0.216 2-21@-91dBm@0.762 29-47@-90dBm@0.845 18-22@-93dBm@0.563 10-12@-87dBm@0.945 23-40@-96dBm@0.098 13-27@-97dBm@0.012
#aveChargePerCycle runNum=0 0@168.35 1@115.07 2@56.65 3@16.17 4@12.78 5@11.89 6@21.86 7@14.50 8@1.94 9@24.08 10@1.30 11@6.34 12@1.30 13@6.99 14@1.30 15@1.94 16@1.30 17@1.30 18@1.30 19@1.30 20@1.30 21@12.85 22@1.30 23@1.30 24@1.30 25@1.30 26@1.30 27@3.89 28@1.30 29@1.30 30@1.30 31@1.30 32@2.59 33@1.30 34@1.30 35@1.30 36@1.94 37@1.94 38@3.89 39@2.59 40@1.30 41@1.30 42@1.30 43@1.30 44@1.30 45@1.30 46@1.94 47@2.59 48@1.30 49@1.30