## dioPeriod = 1.0
## startTime = 1502276497.31
## numMotes = 50
## otfHousekeepingPeriod = 1.0
## slotframeLength = 101
## squareSide = 2.0
## cpuID = 82
## sixtopPdrThreshold = 1.5
## slotDuration = 0.01
## sixtopNoHousekeeping = 0
## pkPeriodVar = 0.05
## numCyclesPerRun = 100
## numRuns = 1
## otfThreshold = 1
## sixtopNoRemoveWorstCell = 0
## burstTimestamp = 20
## simDataDir = simData
## numChans = 16
## minRssi = -97
## noInterference = 0
## algorithm = local_voting
## numPacketsBurst = 5
## gui = False
## pkPeriod = None
## combinationKeys = ['algorithm', 'numMotes', 'otfThreshold']
## sixtopHousekeepingPeriod = 1.0


# appGenerated appReachesDagroot appRelayed aveHops aveLatency aveQueueDelay chargeConsumed collidedTxs cycle droppedAppFailedEnqueue droppedMacRetries droppedNoRoute droppedNoTxCells droppedQueueFull effectiveCollidedTxs numRxCells numTx numTxCells otfAdd otfRemove probableCollisions rplChurnParentSet rplChurnPrefParent rplChurnRank rplRxDIO rplTxDIO runNum scheduleCollisions topRxRelocatedCells topTxRelocatedBundles topTxRelocatedCells txQueueFill
             0                 0          0       0          0             0              0           0     0                       0                 0              0                0                0                    0          0     0          0      0         0                  0                 0                  0            0        0        0      0                  0                   0                     0                   0           0
             0                 0          0       0          0             0              0           0     1                       0                 0              0                0                0                    0          0     0          0      0         0                  0               145                 71            2      567       50      0                  0                   0                     0                   0           0
             0                 0          0       0          0             0              0           0     2                       0                 0              0                0                0                    0          0     0          0      0         0                  0                 0                118            0      567       50      0                  0                   0                     0                   0           0
             0                 0          0       0          0             0              0           0     3                       0                 0              0                0                0                    0          0     0          0      0         0                  0                 0                118            0      567       50      0                  0                   0                     0                   0           0
             0                 0          0       0          0             0              0           0     4                       0                 0              0                0                0                    0          0     0          0      0         0                  0                 0                118            0      567       50      0                  0                   0                     0                   0           0
             0                 0          0       0          0             0              0           0     5                       0                 0              0                0                0                    0          0     0          0      0         0                  0                 0                118            0      567       50      0                  0                   0                     0                   0           0
             0                 0          0       0          0             0              0           0     6                       0                 0              0                0                0                    0          0     0          0      0         0                  0                 0                118            0      567       50      0                  0                   0                     0                   0           0
             0                 0          0       0          0             0              0           0     7                       0                 0              0                0                0                    0          0     0          0      0         0                  0                 0                118            0      567       50      0                  0                   0                     0                   0           0
             0                 0          0       0          0             0              0           0     8                       0                 0              0                0                0                    0          0     0          0      0         0                  0                 0                118            0      567       50      0                  0                   0                     0                   0           0
             0                 0          0       0          0             0              0           0     9                       0                 0              0                0                0                    0          0     0          0      0         0                  0                 0                118            0      567       50      0                  0                   0                     0                   0           0
             0                 0          0       0          0             0              0           0    10                       0                 0              0                0                0                    0          0     0          0      0         0                  0                 0                118            0      567       50      0                  0                   0                     0                   0           0
             0                 0          0       0          0             0              0           0    11                       0                 0              0                0                0                    0          0     0          0      0         0                  0                 0                118            0      567       50      0                  0                   0                     0                   0           0
             0                 0          0       0          0             0              0           0    12                       0                 0              0                0                0                    0          0     0          0      0         0                  0                 0                118            0      567       50      0                  0                   0                     0                   0           0
             0                 0          0       0          0             0              0           0    13                       0                 0              0                0                0                    0          0     0          0      0         0                  0                 0                118            0      567       50      0                  0                   0                     0                   0           0
             0                 0          0       0          0             0              0           0    14                       0                 0              0                0                0                    0          0     0          0      0         0                  0                 0                118            0      567       50      0                  0                   0                     0                   0           0
             0                 0          0       0          0             0              0           0    15                       0                 0              0                0                0                    0          0     0          0      0         0                  0                 0                118            0      567       50      0                  0                   0                     0                   0           0
             0                 0          0       0          0             0              0           0    16                       0                 0              0                0                0                    0          0     0          0      0         0                  0                 0                118            0      567       50      0                  0                   0                     0                   0           0
             0                 0          0       0          0             0              0           0    17                       0                 0              0                0                0                    0          0     0          0      0         0                  0                 0                118            0      567       50      0                  0                   0                     0                   0           0
             0                 0          0       0          0             0              0           0    18                       0                 0              0                0                0                    0          0     0          0      0         0                  0                 0                118            0      567       50      0                  0                   0                     0                   0           0
            49                 3          1   1.000     10.333        34.000        680.900           0    19                       0                 0              0                0                0                    0         69     5         69      0         0                  0                 0                118            0      567       50      0                  0                   0                     0                   0          46
             0                28         30   1.607     85.571      2649.133      12927.660          10    20                       0                 0              0                0                0                    2        210    64        210      0         0                  0                 1                119            8      567       50      0                  5                   0                     0                   0          18
             0                18          1   1.833    154.333       847.200      18502.840           2    21                       0                 0              0                0                0                    1        112    13        112      0         0                  0                13                121           49      567       50      0                  1                   1                     0                   0           0
             0                 0          0       0          0             0      20495.440           0    22                       0                 0              0                0                0                    0          0     0          0      0         0                  0                 8                119           44      567       50      0                  0                   0                     0                   0           0
             0                 0          0       0          0             0      20495.440           0    23                       0                 0              0                0                0                    0          0     0          0      0         0                  0                 5                115           10      567       50      0                  0                   0                     0                   0           0
             0                 0          0       0          0             0      20495.440           0    24                       0                 0              0                0                0                    0          0     0          0      0         0                  0                 0                115            0      567       50      0                  0                   0                     0                   0           0
             0                 0          0       0          0             0      20495.440           0    25                       0                 0              0                0                0                    0          0     0          0      0         0                  0                 0                115            0      567       50      0                  0                   0                     0                   0           0
             0                 0          0       0          0             0      20495.440           0    26                       0                 0              0                0                0                    0          0     0          0      0         0                  0                 0                115            0      567       50      0                  0                   0                     0                   0           0
             0                 0          0       0          0             0      20495.440           0    27                       0                 0              0                0                0                    0          0     0          0      0         0                  0                 0                115            0      567       50      0                  0                   0                     0                   0           0
             0                 0          0       0          0             0      20495.440           0    28                       0                 0              0                0                0                    0          0     0          0      0         0                  0                 0                115            0      567       50      0                  0                   0                     0                   0           0
             0                 0          0       0          0             0      20495.440           0    29                       0                 0              0                0                0                    0          0     0          0      0         0                  0                 0                115            0      567       50      0                  0                   0                     0                   0           0
             0                 0          0       0          0             0      20495.440           0    30                       0                 0              0                0                0                    0          0     0          0      0         0                  0                 0                115            0      567       50      0                  0                   0                     0                   0           0
             0                 0          0       0          0             0      20495.440           0    31                       0                 0              0                0                0                    0          0     0          0      0         0                  0                 0                115            0      567       50      0                  0                   0                     0                   0           0
             0                 0          0       0          0             0      20495.440           0    32                       0                 0              0                0                0                    0          0     0          0      0         0                  0                 0                115            0      567       50      0                  0                   0                     0                   0           0
             0                 0          0       0          0             0      20495.440           0    33                       0                 0              0                0                0                    0          0     0          0      0         0                  0                 0                115            0      567       50      0                  0                   0                     0                   0           0
             0                 0          0       0          0             0      20495.440           0    34                       0                 0              0                0                0                    0          0     0          0      0         0                  0                 0                115            0      567       50      0                  0                   0                     0                   0           0
             0                 0          0       0          0             0      20495.440           0    35                       0                 0              0                0                0                    0          0     0          0      0         0                  0                 0                115            0      567       50      0                  0                   0                     0                   0           0
             0                 0          0       0          0             0      20495.440           0    36                       0                 0              0                0                0                    0          0     0          0      0         0                  0                 0                115            0      567       50      0                  0                   0                     0                   0           0
             0                 0          0       0          0             0      20495.440           0    37                       0                 0              0                0                0                    0          0     0          0      0         0                  0                 0                115            0      567       50      0                  0                   0                     0                   0           0
             0                 0          0       0          0             0      20495.440           0    38                       0                 0              0                0                0                    0          0     0          0      0         0                  0                 0                115            0      567       50      0                  0                   0                     0                   0           0
             0                 0          0       0          0             0      20495.440           0    39                       0                 0              0                0                0                    0          0     0          0      0         0                  0                 0                115            0      567       50      0                  0                   0                     0                   0           0
             0                 0          0       0          0             0      20495.440           0    40                       0                 0              0                0                0                    0          0     0          0      0         0                  0                 0                115            0      567       50      0                  0                   0                     0                   0           0
             0                 0          0       0          0             0      20495.440           0    41                       0                 0              0                0                0                    0          0     0          0      0         0                  0                 0                115            0      567       50      0                  0                   0                     0                   0           0
             0                 0          0       0          0             0      20495.440           0    42                       0                 0              0                0                0                    0          0     0          0      0         0                  0                 0                115            0      567       50      0                  0                   0                     0                   0           0
             0                 0          0       0          0             0      20495.440           0    43                       0                 0              0                0                0                    0          0     0          0      0         0                  0                 0                115            0      567       50      0                  0                   0                     0                   0           0
             0                 0          0       0          0             0      20495.440           0    44                       0                 0              0                0                0                    0          0     0          0      0         0                  0                 0                115            0      567       50      0                  0                   0                     0                   0           0
             0                 0          0       0          0             0      20495.440           0    45                       0                 0              0                0                0                    0          0     0          0      0         0                  0                 0                115            0      567       50      0                  0                   0                     0                   0           0
             0                 0          0       0          0             0      20495.440           0    46                       0                 0              0                0                0                    0          0     0          0      0         0                  0                 0                115            0      567       50      0                  0                   0                     0                   0           0
             0                 0          0       0          0             0      20495.440           0    47                       0                 0              0                0                0                    0          0     0          0      0         0                  0                 0                115            0      567       50      0                  0                   0                     0                   0           0
             0                 0          0       0          0             0      20495.440           0    48                       0                 0              0                0                0                    0          0     0          0      0         0                  0                 0                115            0      567       50      0                  0                   0                     0                   0           0
             0                 0          0       0          0             0      20495.440           0    49                       0                 0              0                0                0                    0          0     0          0      0         0                  0                 0                115            0      567       50      0                  0                   0                     0                   0           0
             0                 0          0       0          0             0      20495.440           0    50                       0                 0              0                0                0                    0          0     0          0      0         0                  0                 0                115            0      567       50      0                  0                   0                     0                   0           0
             0                 0          0       0          0             0      20495.440           0    51                       0                 0              0                0                0                    0          0     0          0      0         0                  0                 0                115            0      567       50      0                  0                   0                     0                   0           0
             0                 0          0       0          0             0      20495.440           0    52                       0                 0              0                0                0                    0          0     0          0      0         0                  0                 0                115            0      567       50      0                  0                   0                     0                   0           0
             0                 0          0       0          0             0      20495.440           0    53                       0                 0              0                0                0                    0          0     0          0      0         0                  0                 0                115            0      567       50      0                  0                   0                     0                   0           0
             0                 0          0       0          0             0      20495.440           0    54                       0                 0              0                0                0                    0          0     0          0      0         0                  0                 0                115            0      567       50      0                  0                   0                     0                   0           0
             0                 0          0       0          0             0      20495.440           0    55                       0                 0              0                0                0                    0          0     0          0      0         0                  0                 0                115            0      567       50      0                  0                   0                     0                   0           0
             0                 0          0       0          0             0      20495.440           0    56                       0                 0              0                0                0                    0          0     0          0      0         0                  0                 0                115            0      567       50      0                  0                   0                     0                   0           0
             0                 0          0       0          0             0      20495.440           0    57                       0                 0              0                0                0                    0          0     0          0      0         0                  0                 0                115            0      567       50      0                  0                   0                     0                   0           0
             0                 0          0       0          0             0      20495.440           0    58                       0                 0              0                0                0                    0          0     0          0      0         0                  0                 0                115            0      567       50      0                  0                   0                     0                   0           0
            49                 4         12   1.250     38.500       452.500      23319.780           4    59                       0                 0              0                0                0                    1        124    17        124      0         0                  0                 0                115            0      567       50      0                  2                   0                     0                   0          45
             0                38         19   1.632    108.237      3221.875      36366.260           8    60                       0                 0              0                0                0                    3        161    68        161      0         0                  1                 2                119           26      567       50      0                  4                   0                     0                   0           7
             0                 5          2   2.000    196.400       485.000      39160.740           0    61                       0                 0              0                0                0                    0        152     2        152      0         0                  0                 9                138           48      566       50      0                  0                   0                     0                   0           2
             0                 1          0   2.000    317.000        57.000      42795.660           0    62                       0                 0              0                0                0                    0        101     2        101      0         0                  0                 2                126           43      567       50      0                  0                   0                     0                   0           1
             0                 1          0   3.000    393.000       168.000      44487.180           0    63                       0                 0              0                0                0                    0         51     1         51      0         0                  0                 3                120           13      567       50      0                  0                   0                     0                   0           0
             0                 0          0       0          0             0      44806.980           0    64                       0                 0              0                0                0                    0          0     0          0      0         0                  0                 0                124           21      567       50      0                  0                   0                     0                   0           0
             0                 0          0       0          0             0      44806.980           0    65                       0                 0              0                0                0                    0          0     0          0      0         0                  0                 0                121            9      567       50      0                  0                   0                     0                   0           0
             0                 0          0       0          0             0      44806.980           0    66                       0                 0              0                0                0                    0          0     0          0      0         0                  0                 0                121            0      567       50      0                  0                   0                     0                   0           0
             0                 0          0       0          0             0      44806.980           0    67                       0                 0              0                0                0                    0          0     0          0      0         0                  0                 0                121            0      567       50      0                  0                   0                     0                   0           0
             0                 0          0       0          0             0      44806.980           0    68                       0                 0              0                0                0                    0          0     0          0      0         0                  0                 0                121            0      567       50      0                  0                   0                     0                   0           0
             0                 0          0       0          0             0      44806.980           0    69                       0                 0              0                0                0                    0          0     0          0      0         0                  0                 0                121            0      567       50      0                  0                   0                     0                   0           0
             0                 0          0       0          0             0      44806.980           0    70                       0                 0              0                0                0                    0          0     0          0      0         0                  0                 0                121            0      567       50      0                  0                   0                     0                   0           0
             0                 0          0       0          0             0      44806.980           0    71                       0                 0              0                0                0                    0          0     0          0      0         0                  0                 0                121            0      567       50      0                  0                   0                     0                   0           0
             0                 0          0       0          0             0      44806.980           0    72                       0                 0              0                0                0                    0          0     0          0      0         0                  0                 0                121            0      567       50      0                  0                   0                     0                   0           0
             0                 0          0       0          0             0      44806.980           0    73                       0                 0              0                0                0                    0          0     0          0      0         0                  0                 0                121            0      567       50      0                  0                   0                     0                   0           0
             0                 0          0       0          0             0      44806.980           0    74                       0                 0              0                0                0                    0          0     0          0      0         0                  0                 0                121            0      567       50      0                  0                   0                     0                   0           0
             0                 0          0       0          0             0      44806.980           0    75                       0                 0              0                0                0                    0          0     0          0      0         0                  0                 0                121            0      567       50      0                  0                   0                     0                   0           0
             0                 0          0       0          0             0      44806.980           0    76                       0                 0              0                0                0                    0          0     0          0      0         0                  0                 0                121            0      567       50      0                  0                   0                     0                   0           0
             0                 0          0       0          0             0      44806.980           0    77                       0                 0              0                0                0                    0          0     0          0      0         0                  0                 0                121            0      567       50      0                  0                   0                     0                   0           0
             0                 0          0       0          0             0      44806.980           0    78                       0                 0              0                0                0                    0          0     0          0      0         0                  0                 0                121            0      567       50      0                  0                   0                     0                   0           0
             0                 0          0       0          0             0      44806.980           0    79                       0                 0              0                0                0                    0          0     0          0      0         0                  0                 0                121            0      567       50      0                  0                   0                     0                   0           0
             0                 0          0       0          0             0      44806.980           0    80                       0                 0              0                0                0                    0          0     0          0      0         0                  0                 0                121            0      567       50      0                  0                   0                     0                   0           0
             0                 0          0       0          0             0      44806.980           0    81                       0                 0              0                0                0                    0          0     0          0      0         0                  0                 0                121            0      567       50      0                  0                   0                     0                   0           0
             0                 0          0       0          0             0      44806.980           0    82                       0                 0              0                0                0                    0          0     0          0      0         0                  0                 0                121            0      567       50      0                  0                   0                     0                   0           0
             0                 0          0       0          0             0      44806.980           0    83                       0                 0              0                0                0                    0          0     0          0      0         0                  0                 0                121            0      567       50      0                  0                   0                     0                   0           0
             0                 0          0       0          0             0      44806.980           0    84                       0                 0              0                0                0                    0          0     0          0      0         0                  0                 0                121            0      567       50      0                  0                   0                     0                   0           0
             0                 0          0       0          0             0      44806.980           0    85                       0                 0              0                0                0                    0          0     0          0      0         0                  0                 0                121            0      567       50      0                  0                   0                     0                   0           0
             0                 0          0       0          0             0      44806.980           0    86                       0                 0              0                0                0                    0          0     0          0      0         0                  0                 0                121            0      567       50      0                  0                   0                     0                   0           0
             0                 0          0       0          0             0      44806.980           0    87                       0                 0              0                0                0                    0          0     0          0      0         0                  0                 0                121            0      567       50      0                  0                   0                     0                   0           0
             0                 0          0       0          0             0      44806.980           0    88                       0                 0              0                0                0                    0          0     0          0      0         0                  0                 0                121            0      567       50      0                  0                   0                     0                   0           0
             0                 0          0       0          0             0      44806.980           0    89                       0                 0              0                0                0                    0          0     0          0      0         0                  0                 0                121            0      567       50      0                  0                   0                     0                   0           0
             0                 0          0       0          0             0      44806.980           0    90                       0                 0              0                0                0                    0          0     0          0      0         0                  0                 0                121            0      567       50      0                  0                   0                     0                   0           0
             0                 0          0       0          0             0      44806.980           0    91                       0                 0              0                0                0                    0          0     0          0      0         0                  0                 0                121            0      567       50      0                  0                   0                     0                   0           0
             0                 0          0       0          0             0      44806.980           0    92                       0                 0              0                0                0                    0          0     0          0      0         0                  0                 0                121            0      567       50      0                  0                   0                     0                   0           0
             0                 0          0       0          0             0      44806.980           0    93                       0                 0              0                0                0                    0          0     0          0      0         0                  0                 0                121            0      567       50      0                  0                   0                     0                   0           0
             0                 0          0       0          0             0      44806.980           0    94                       0                 0              0                0                0                    0          0     0          0      0         0                  0                 0                121            0      567       50      0                  0                   0                     0                   0           0
             0                 0          0       0          0             0      44806.980           0    95                       0                 0              0                0                0                    0          0     0          0      0         0                  0                 0                121            0      567       50      0                  0                   0                     0                   0           0
             0                 0          0       0          0             0      44806.980           0    96                       0                 0              0                0                0                    0          0     0          0      0         0                  0                 0                121            0      567       50      0                  0                   0                     0                   0           0
             0                 0          0       0          0             0      44806.980           0    97                       0                 0              0                0                0                    0          0     0          0      0         0                  0                 0                121            0      567       50      0                  0                   0                     0                   0           0
             0                 0          0       0          0             0      44806.980           0    98                       0                 0              0                0                0                    0          0     0          0      0         0                  0                 0                121            0      567       50      0                  0                   0                     0                   0           0
             0                 0          0       0          0             0      44806.980           0    99                       0                 0              0                0                0                    0          0     0          0      0         0                  0                 0                121            0      567       50      0                  0                   0                     0                   0           0
#pos runNum=0 0@(1.00000,1.00000)@0 1@(1.09583,0.72343)@731 2@(0.99443,0.83849)@853 3@(1.13870,0.90792)@853 4@(1.09535,0.78021)@853 5@(1.25421,0.95485)@640 6@(1.14289,0.79822)@568 7@(1.11045,0.87093)@640 8@(0.99347,0.77469)@1462 9@(0.97853,0.72872)@1299 10@(1.02883,0.83295)@1421 11@(1.19987,0.90562)@1365 12@(0.99076,0.79738)@853 13@(1.24991,0.81813)@1421 14@(0.84734,0.76684)@1371 15@(0.99562,0.58711)@1371 16@(1.14579,0.64990)@1493 17@(1.06871,0.68376)@1280 18@(0.93970,0.65894)@1421 19@(1.22026,0.56046)@1421 20@(1.01594,0.99189)@731 21@(1.19748,0.84203)@1371 22@(0.99492,0.73897)@1584 23@(0.94152,1.03166)@568 24@(1.05221,1.01862)@1421 25@(0.99424,0.60220)@2133 26@(1.06791,1.05195)@1280 27@(1.28410,1.10430)@1493 28@(1.01107,0.80215)@1365 29@(1.18228,0.94695)@1706 30@(1.22282,0.53906)@1299 31@(0.78261,1.08383)@2152 32@(1.08527,0.97358)@568 33@(0.90216,0.77328)@1584 34@(1.22526,1.11133)@1299 35@(0.98077,0.87012)@1421 36@(0.79706,0.80541)@1371 37@(1.35129,0.90217)@1371 38@(1.07245,0.84843)@640 39@(0.81399,0.84982)@640 40@(1.38573,0.83868)@2133 41@(0.87738,1.02050)@640 42@(0.92474,0.77067)@1493 43@(1.10094,1.17491)@1706 44@(0.99581,1.00317)@568 45@(1.26339,0.95854)@640 46@(0.79476,0.99020)@1421 47@(0.78171,0.67126)@1584 48@(0.98689,0.85441)@1584 49@(1.15496,1.12652)@1493
#links runNum=0 43-44@-91dBm@0.756 12-28@-74dBm@1.000 7-26@-90dBm@0.861 0-38@-90dBm@0.860 4-8@-85dBm@0.967 27-34@-78dBm@1.000 7-40@-95dBm@0.199 18-33@-93dBm@0.592 16-19@-84dBm@0.973 9-37@-97dBm@0.019 10-36@-89dBm@0.867 3-7@-87dBm@0.949 18-35@-93dBm@0.646 16-32@-94dBm@0.472 26-49@-90dBm@0.863 1-14@-91dBm@0.800 9-17@-94dBm@0.370 5-6@-94dBm@0.382 40-42@-96dBm@0.134 6-15@-97dBm@0.061 19-48@-95dBm@0.239 3-13@-86dBm@0.957 41-42@-95dBm@0.310 36-38@-92dBm@0.713 2-34@-94dBm@0.519 28-37@-92dBm@0.713 1-44@-95dBm@0.226 32-35@-87dBm@0.941 22-42@-89dBm@0.876 6-9@-92dBm@0.665 12-35@-87dBm@0.941 2-48@-91dBm@0.718 0-44@-82dBm@0.984 18-22@-81dBm@0.985 3-11@-78dBm@1.000 27-43@-88dBm@0.925 21-24@-93dBm@0.574 10-13@-92dBm@0.680 28-36@-96dBm@0.189 20-22@-94dBm@0.337 3-4@-83dBm@0.974 23-41@-78dBm@1.000 32-48@-94dBm@0.387 0-14@-96dBm@0.100 16-34@-94dBm@0.452 32-38@-90dBm@0.817 35-48@-89dBm@0.867 2-14@-89dBm@0.867 15-18@-86dBm@0.957 32-46@-95dBm@0.273 11-27@-88dBm@0.916 40-48@-92dBm@0.663 14-16@-93dBm@0.647 21-27@-90dBm@0.861 6-44@-90dBm@0.865 14-30@-94dBm@0.419 8-37@-96dBm@0.157 44-48@-96dBm@0.142 1-11@-97dBm@0.073 5-9@-96dBm@0.115 26-32@-91dBm@0.804 13-21@-92dBm@0.705 9-41@-90dBm@0.841 4-19@-88dBm@0.916 21-32@-97dBm@0.014 1-4@-84dBm@0.974 9-43@-94dBm@0.493 9-22@-79dBm@0.995 12-23@-90dBm@0.822 9-15@-92dBm@0.679 12-33@-91dBm@0.719 23-30@-97dBm@0.006 16-20@-94dBm@0.363 16-35@-93dBm@0.657 0-23@-81dBm@0.985 21-46@-96dBm@0.146 12-17@-84dBm@0.969 22-33@-93dBm@0.655 22-36@-97dBm@0.068 34-48@-94dBm@0.401 4-44@-91dBm@0.782 2-12@-93dBm@0.638 41-49@-91dBm@0.803 19-40@-92dBm@0.685 37-40@-87dBm@0.941 13-35@-92dBm@0.712 20-26@-85dBm@0.963 4-31@-95dBm@0.248 20-47@-92dBm@0.682 23-39@-87dBm@0.941 10-47@-93dBm@0.546 29-49@-90dBm@0.850 7-34@-95dBm@0.203 3-17@-88dBm@0.931 10-29@-87dBm@0.942 8-44@-90dBm@0.865 2-38@-90dBm@0.815 16-17@-92dBm@0.685 30-46@-96dBm@0.139 3-28@-93dBm@0.621 34-35@-93dBm@0.612 18-42@-87dBm@0.946 9-19@-91dBm@0.720 4-11@-87dBm@0.940 11-13@-89dBm@0.867 0-32@-83dBm@0.976 14-47@-90dBm@0.840 12-38@-87dBm@0.948 18-39@-92dBm@0.708 6-7@-84dBm@0.973 27-33@-94dBm@0.365 6-13@-95dBm@0.226 22-31@-96dBm@0.187 5-15@-94dBm@0.323 26-34@-86dBm@0.950 34-42@-97dBm@0.046 5-30@-93dBm@0.618 17-19@-96dBm@0.094 11-21@-86dBm@0.958 13-15@-92dBm@0.673 20-32@-86dBm@0.957 2-44@-91dBm@0.722 3-40@-94dBm@0.491 10-38@-88dBm@0.924 11-36@-97dBm@0.068 2-29@-92dBm@0.669 7-13@-95dBm@0.299 8-22@-78dBm@1.000 9-46@-94dBm@0.377 14-33@-83dBm@0.974 7-23@-95dBm@0.215 15-19@-92dBm@0.672 0-41@-89dBm@0.867 18-47@-97dBm@0.069 12-49@-92dBm@0.716 6-29@-85dBm@0.966 6-14@-96dBm@0.153 12-14@-94dBm@0.511 15-25@-68dBm@1.000 1-9@-88dBm@0.934 2-30@-94dBm@0.332 5-34@-97dBm@0.056 24-47@-96dBm@0.112 33-39@-95dBm@0.192 0-20@-91dBm@0.746 8-35@-90dBm@0.864 3-31@-97dBm@0.017 33-35@-92dBm@0.716 26-44@-79dBm@0.997 0-12@-93dBm@0.649 32-44@-84dBm@0.972 13-29@-86dBm@0.951 9-28@-94dBm@0.366 3-42@-89dBm@0.868 11-43@-90dBm@0.862 25-38@-92dBm@0.693 9-16@-87dBm@0.939 6-28@-83dBm@0.974 10-39@-97dBm@0.067 4-28@-79dBm@1.000 14-35@-97dBm@0.016 32-34@-90dBm@0.861 21-42@-95dBm@0.234 0-39@-89dBm@0.867 23-34@-92dBm@0.717 33-42@-91dBm@0.760 3-10@-83dBm@0.975 24-26@-84dBm@0.974 10-14@-94dBm@0.347 5-29@-83dBm@0.974 7-8@-96dBm@0.086 32-39@-95dBm@0.207 4-6@-82dBm@0.981 9-12@-94dBm@0.435 28-38@-82dBm@0.980 0-17@-94dBm@0.410 13-14@-95dBm@0.264 25-35@-89dBm@0.868 19-32@-93dBm@0.626 22-35@-90dBm@0.827 3-38@-82dBm@0.984 17-42@-95dBm@0.318 1-21@-94dBm@0.389 44-46@-93dBm@0.566 47-48@-91dBm@0.765 6-48@-85dBm@0.965 17-45@-96dBm@0.149 0-5@-90dBm@0.863 12-21@-90dBm@0.865 8-42@-82dBm@0.985 10-19@-95dBm@0.218 1-2@-87dBm@0.942 18-48@-96dBm@0.090 26-46@-95dBm@0.264 41-48@-87dBm@0.943 0-4@-92dBm@0.663 13-25@-93dBm@0.541 35-46@-90dBm@0.845 0-45@-90dBm@0.863 28-39@-96dBm@0.150 4-17@-97dBm@0.066 44-45@-95dBm@0.253 5-27@-93dBm@0.621 14-26@-93dBm@0.650 37-45@-82dBm@0.984 3-49@-89dBm@0.899 1-3@-89dBm@0.896 9-42@-95dBm@0.201 36-41@-92dBm@0.662 18-24@-96dBm@0.108 8-47@-92dBm@0.708 36-46@-96dBm@0.114 11-25@-94dBm@0.321 22-24@-95dBm@0.198 1-15@-90dBm@0.831 33-48@-84dBm@0.974 6-46@-92dBm@0.665 13-39@-97dBm@0.007 11-20@-91dBm@0.763 18-29@-95dBm@0.307 24-37@-95dBm@0.284 11-24@-87dBm@0.941 0-7@-89dBm@0.869 39-41@-96dBm@0.172 1-22@-92dBm@0.691 18-25@-85dBm@0.959 3-25@-94dBm@0.486 11-12@-90dBm@0.862 24-27@-89dBm@0.867 41-46@-79dBm@0.999 22-29@-94dBm@0.500 0-2@-92dBm@0.697 10-22@-94dBm@0.450 20-31@-91dBm@0.770 32-49@-97dBm@0.055 4-42@-94dBm@0.491 18-41@-91dBm@0.723 2-8@-85dBm@0.960 13-45@-90dBm@0.862 33-41@-95dBm@0.296 13-37@-97dBm@0.005 9-38@-91dBm@0.739 6-37@-92dBm@0.715 41-44@-88dBm@0.935 16-38@-90dBm@0.862 2-15@-96dBm@0.181 8-17@-88dBm@0.919 1-17@-96dBm@0.120 14-39@-94dBm@0.378 17-22@-84dBm@0.971 12-18@-85dBm@0.960 1-8@-91dBm@0.798 14-17@-89dBm@0.896 3-16@-89dBm@0.866 14-44@-92dBm@0.703 9-31@-92dBm@0.672 4-18@-87dBm@0.938 17-23@-94dBm@0.339 25-36@-95dBm@0.204 20-25@-95dBm@0.260 11-37@-89dBm@0.873 20-38@-89dBm@0.867 29-38@-86dBm@0.958 2-5@-97dBm@0.052 4-9@-92dBm@0.667 38-40@-95dBm@0.200 28-48@-76dBm@1.000 7-21@-85dBm@0.959 38-39@-89dBm@0.868 3-5@-92dBm@0.666 23-38@-87dBm@0.939 6-35@-88dBm@0.918 33-47@-96dBm@0.106 7-10@-91dBm@0.765 20-28@-97dBm@0.014 12-22@-94dBm@0.379 8-34@-96dBm@0.142 2-28@-78dBm@1.000 2-35@-82dBm@0.981 26-40@-93dBm@0.524 1-30@-88dBm@0.935 34-40@-96dBm@0.152 0-3@-92dBm@0.686 5-10@-90dBm@0.863 2-3@-86dBm@0.958 4-20@-92dBm@0.710 42-46@-96dBm@0.169 4-12@-97dBm@0.047 7-11@-86dBm@0.958 0-31@-96dBm@0.186 19-30@-83dBm@0.974 1-6@-81dBm@0.987 4-16@-93dBm@0.639 39-44@-91dBm@0.788 5-37@-91dBm@0.755 17-27@-96dBm@0.162 8-39@-91dBm@0.798 4-48@-89dBm@0.883 8-16@-96dBm@0.076 8-43@-92dBm@0.661 21-39@-96dBm@0.084 0-1@-91dBm@0.736 18-30@-94dBm@0.513 5-45@-67dBm@1.000 42-48@-86dBm@0.957 6-45@-96dBm@0.105 26-31@-90dBm@0.865 0-6@-88dBm@0.916 17-32@-89dBm@0.866 10-21@-90dBm@0.862 3-20@-84dBm@0.974 8-36@-93dBm@0.632 3-24@-85dBm@0.967 3-43@-92dBm@0.671 0-40@-94dBm@0.351 1-47@-93dBm@0.659 38-48@-92dBm@0.684 2-39@-90dBm@0.861 6-17@-89dBm@0.866 9-24@-92dBm@0.668 21-38@-90dBm@0.862 8-23@-92dBm@0.675 4-5@-92dBm@0.688 6-27@-97dBm@0.019 7-17@-91dBm@0.782 28-35@-80dBm@0.989 38-45@-92dBm@0.688 23-37@-97dBm@0.048 20-29@-91dBm@0.724 20-46@-90dBm@0.853 20-23@-91dBm@0.720 1-20@-97dBm@0.049 12-19@-92dBm@0.662 5-21@-91dBm@0.778 28-33@-81dBm@0.985 3-29@-91dBm@0.777 29-36@-93dBm@0.552 1-23@-96dBm@0.113 2-32@-90dBm@0.804 24-35@-87dBm@0.939 15-21@-92dBm@0.695
#aveChargePerCycle runNum=0 0@153.34 1@64.78 2@26.36 3@59.84 4@13.74 5@17.67 6@6.75 7@7.57 8@1.30 9@6.34 10@1.30 11@1.30 12@8.78 13@1.30 14@1.94 15@1.30 16@1.30 17@3.24 18@1.30 19@1.94 20@1.30 21@1.30 22@1.30 23@7.82 24@1.94 25@4.54 26@1.30 27@1.94 28@1.30 29@1.94 30@1.30 31@1.94 32@1.30 33@1.30 34@3.89 35@1.30 36@1.94 37@2.59 38@6.34 39@1.30 40@3.89 41@1.30 42@1.94 43@1.94 44@1.30 45@1.30 46@1.30 47@1.94 48@2.59 49@1.30