## dioPeriod = 1.0
## startTime = 1502276500.4
## numMotes = 50
## otfHousekeepingPeriod = 1.0
## slotframeLength = 101
## squareSide = 2.0
## cpuID = 85
## sixtopPdrThreshold = 1.5
## slotDuration = 0.01
## sixtopNoHousekeeping = 0
## pkPeriodVar = 0.05
## numCyclesPerRun = 100
## numRuns = 1
## otfThreshold = 1
## sixtopNoRemoveWorstCell = 0
## burstTimestamp = 20
## simDataDir = simData
## numChans = 16
## minRssi = -97
## noInterference = 0
## algorithm = local_voting
## numPacketsBurst = 5
## gui = False
## pkPeriod = None
## combinationKeys = ['algorithm', 'numMotes', 'otfThreshold']
## sixtopHousekeepingPeriod = 1.0


# appGenerated appReachesDagroot appRelayed aveHops aveLatency aveQueueDelay chargeConsumed collidedTxs cycle droppedAppFailedEnqueue droppedMacRetries droppedNoRoute droppedNoTxCells droppedQueueFull effectiveCollidedTxs numRxCells numTx numTxCells otfAdd otfRemove probableCollisions rplChurnParentSet rplChurnPrefParent rplChurnRank rplRxDIO rplTxDIO runNum scheduleCollisions topRxRelocatedCells topTxRelocatedBundles topTxRelocatedCells txQueueFill
             0                 0          0       0          0             0              0           0     0                       0                 0              0                0                0                    0          0     0          0      0         0                  0                 0                  0            0        0        0      0                  0                   0                     0                   0           0
             0                 0          0       0          0             0              0           0     1                       0                 0              0                0                0                    0          0     0          0      0         0                  0               150                 94            3      512       50      0                  0                   0                     0                   0           0
             0                 0          0       0          0             0              0           0     2                       0                 0              0                0                0                    0          0     0          0      0         0                  0                 1                152            1      512       50      0                  0                   0                     0                   0           0
             0                 0          0       0          0             0              0           0     3                       0                 0              0                0                0                    0          0     0          0      0         0                  0                 0                151            0      512       50      0                  0                   0                     0                   0           0
             0                 0          0       0          0             0              0           0     4                       0                 0              0                0                0                    0          0     0          0      0         0                  0                 0                151            0      512       50      0                  0                   0                     0                   0           0
             0                 0          0       0          0             0              0           0     5                       0                 0              0                0                0                    0          0     0          0      0         0                  0                 0                151            0      512       50      0                  0                   0                     0                   0           0
             0                 0          0       0          0             0              0           0     6                       0                 0              0                0                0                    0          0     0          0      0         0                  0                 0                151            0      512       50      0                  0                   0                     0                   0           0
             0                 0          0       0          0             0              0           0     7                       0                 0              0                0                0                    0          0     0          0      0         0                  0                 0                151            0      512       50      0                  0                   0                     0                   0           0
             0                 0          0       0          0             0              0           0     8                       0                 0              0                0                0                    0          0     0          0      0         0                  0                 0                151            0      512       50      0                  0                   0                     0                   0           0
             0                 0          0       0          0             0              0           0     9                       0                 0              0                0                0                    0          0     0          0      0         0                  0                 0                151            0      512       50      0                  0                   0                     0                   0           0
             0                 0          0       0          0             0              0           0    10                       0                 0              0                0                0                    0          0     0          0      0         0                  0                 0                151            0      512       50      0                  0                   0                     0                   0           0
             0                 0          0       0          0             0              0           0    11                       0                 0              0                0                0                    0          0     0          0      0         0                  0                 0                151            0      512       50      0                  0                   0                     0                   0           0
             0                 0          0       0          0             0              0           0    12                       0                 0              0                0                0                    0          0     0          0      0         0                  0                 0                151            0      512       50      0                  0                   0                     0                   0           0
             0                 0          0       0          0             0              0           0    13                       0                 0              0                0                0                    0          0     0          0      0         0                  0                 0                151            0      512       50      0                  0                   0                     0                   0           0
             0                 0          0       0          0             0              0           0    14                       0                 0              0                0                0                    0          0     0          0      0         0                  0                 0                151            0      512       50      0                  0                   0                     0                   0           0
             0                 0          0       0          0             0              0           0    15                       0                 0              0                0                0                    0          0     0          0      0         0                  0                 0                151            0      512       50      0                  0                   0                     0                   0           0
             0                 0          0       0          0             0              0           0    16                       0                 0              0                0                0                    0          0     0          0      0         0                  0                 0                151            0      512       50      0                  0                   0                     0                   0           0
             0                 0          0       0          0             0              0           0    17                       0                 0              0                0                0                    0          0     0          0      0         0                  0                 0                151            0      512       50      0                  0                   0                     0                   0           0
             0                 0          0       0          0             0              0           0    18                       0                 0              0                0                0                    0          0     0          0      0         0                  0                 0                151            0      512       50      0                  0                   0                     0                   0           0
            49                 1          4   1.000     17.000        49.000        961.240           2    19                       0                 0              0                0                0                    0         66     7         66      0         0                  0                 0                151            0      512       50      0                  1                   0                     0                   0          48
             0                31         29   1.548     82.774      3094.857      13355.160          30    20                       0                 0              0                0                0                    8        279    68        279      0         0                  0                 1                154           13      512       50      0                 16                   0                     0                   0          17
             0                16          2   2.000    149.562       771.667      20300.540           8    21                       0                 0              0                0                0                    0        152     3        152      0         0                  0                 5                152           51      512       50      0                  4                   0                     0                   0           1
             0                 0          0       0          0             0      22883.540           0    22                       0                 0              0                0                0                    0          0     0          0      0         0                  0                 2                158           49      512       50      0                  0                   0                     0                   0           1
             0                 1          0   3.000    351.000       152.000      24796.460           0    23                       0                 0              0                0                0                    0        101     1        101      0         0                  0                 4                151            4      512       50      0                  0                   0                     0                   0           0
             0                 0          0       0          0             0      25559.060           0    24                       0                 0              0                0                0                    0          0     0          0      0         0                  0                 1                157           10      512       50      0                  0                   0                     0                   0           0
             0                 0          0       0          0             0      25559.060           0    25                       0                 0              0                0                0                    0          0     0          0      0         0                  0                 1                151           10      512       50      0                  0                   0                     0                   0           0
             0                 0          0       0          0             0      25559.060           0    26                       0                 0              0                0                0                    0          0     0          0      0         0                  0                 0                151            0      512       50      0                  0                   0                     0                   0           0
             0                 0          0       0          0             0      25559.060           0    27                       0                 0              0                0                0                    0          0     0          0      0         0                  0                 0                151            0      512       50      0                  0                   0                     0                   0           0
             0                 0          0       0          0             0      25559.060           0    28                       0                 0              0                0                0                    0          0     0          0      0         0                  0                 0                151            0      512       50      0                  0                   0                     0                   0           0
             0                 0          0       0          0             0      25559.060           0    29                       0                 0              0                0                0                    0          0     0          0      0         0                  0                 0                151            0      512       50      0                  0                   0                     0                   0           0
             0                 0          0       0          0             0      25559.060           0    30                       0                 0              0                0                0                    0          0     0          0      0         0                  0                 0                151            0      512       50      0                  0                   0                     0                   0           0
             0                 0          0       0          0             0      25559.060           0    31                       0                 0              0                0                0                    0          0     0          0      0         0                  0                 0                151            0      512       50      0                  0                   0                     0                   0           0
             0                 0          0       0          0             0      25559.060           0    32                       0                 0              0                0                0                    0          0     0          0      0         0                  0                 0                151            0      512       50      0                  0                   0                     0                   0           0
             0                 0          0       0          0             0      25559.060           0    33                       0                 0              0                0                0                    0          0     0          0      0         0                  0                 0                151            0      512       50      0                  0                   0                     0                   0           0
             0                 0          0       0          0             0      25559.060           0    34                       0                 0              0                0                0                    0          0     0          0      0         0                  0                 0                151            0      512       50      0                  0                   0                     0                   0           0
             0                 0          0       0          0             0      25559.060           0    35                       0                 0              0                0                0                    0          0     0          0      0         0                  0                 0                151            0      512       50      0                  0                   0                     0                   0           0
             0                 0          0       0          0             0      25559.060           0    36                       0                 0              0                0                0                    0          0     0          0      0         0                  0                 0                151            0      512       50      0                  0                   0                     0                   0           0
             0                 0          0       0          0             0      25559.060           0    37                       0                 0              0                0                0                    0          0     0          0      0         0                  0                 0                151            0      512       50      0                  0                   0                     0                   0           0
             0                 0          0       0          0             0      25559.060           0    38                       0                 0              0                0                0                    0          0     0          0      0         0                  0                 0                151            0      512       50      0                  0                   0                     0                   0           0
             0                 0          0       0          0             0      25559.060           0    39                       0                 0              0                0                0                    0          0     0          0      0         0                  0                 0                151            0      512       50      0                  0                   0                     0                   0           0
             0                 0          0       0          0             0      25559.060           0    40                       0                 0              0                0                0                    0          0     0          0      0         0                  0                 0                151            0      512       50      0                  0                   0                     0                   0           0
             0                 0          0       0          0             0      25559.060           0    41                       0                 0              0                0                0                    0          0     0          0      0         0                  0                 0                151            0      512       50      0                  0                   0                     0                   0           0
             0                 0          0       0          0             0      25559.060           0    42                       0                 0              0                0                0                    0          0     0          0      0         0                  0                 0                151            0      512       50      0                  0                   0                     0                   0           0
             0                 0          0       0          0             0      25559.060           0    43                       0                 0              0                0                0                    0          0     0          0      0         0                  0                 0                151            0      512       50      0                  0                   0                     0                   0           0
             0                 0          0       0          0             0      25559.060           0    44                       0                 0              0                0                0                    0          0     0          0      0         0                  0                 0                151            0      512       50      0                  0                   0                     0                   0           0
             0                 0          0       0          0             0      25559.060           0    45                       0                 0              0                0                0                    0          0     0          0      0         0                  0                 0                151            0      512       50      0                  0                   0                     0                   0           0
             0                 0          0       0          0             0      25559.060           0    46                       0                 0              0                0                0                    0          0     0          0      0         0                  0                 0                151            0      512       50      0                  0                   0                     0                   0           0
             0                 0          0       0          0             0      25559.060           0    47                       0                 0              0                0                0                    0          0     0          0      0         0                  0                 0                151            0      512       50      0                  0                   0                     0                   0           0
             0                 0          0       0          0             0      25559.060           0    48                       0                 0              0                0                0                    0          0     0          0      0         0                  0                 0                151            0      512       50      0                  0                   0                     0                   0           0
             0                 0          0       0          0             0      25559.060           0    49                       0                 0              0                0                0                    0          0     0          0      0         0                  0                 0                151            0      512       50      0                  0                   0                     0                   0           0
             0                 0          0       0          0             0      25559.060           0    50                       0                 0              0                0                0                    0          0     0          0      0         0                  0                 0                151            0      512       50      0                  0                   0                     0                   0           0
             0                 0          0       0          0             0      25559.060           0    51                       0                 0              0                0                0                    0          0     0          0      0         0                  0                 0                151            0      512       50      0                  0                   0                     0                   0           0
             0                 0          0       0          0             0      25559.060           0    52                       0                 0              0                0                0                    0          0     0          0      0         0                  0                 0                151            0      512       50      0                  0                   0                     0                   0           0
             0                 0          0       0          0             0      25559.060           0    53                       0                 0              0                0                0                    0          0     0          0      0         0                  0                 0                151            0      512       50      0                  0                   0                     0                   0           0
             0                 0          0       0          0             0      25559.060           0    54                       0                 0              0                0                0                    0          0     0          0      0         0                  0                 0                151            0      512       50      0                  0                   0                     0                   0           0
             0                 0          0       0          0             0      25559.060           0    55                       0                 0              0                0                0                    0          0     0          0      0         0                  0                 0                151            0      512       50      0                  0                   0                     0                   0           0
             0                 0          0       0          0             0      25559.060           0    56                       0                 0              0                0                0                    0          0     0          0      0         0                  0                 0                151            0      512       50      0                  0                   0                     0                   0           0
             0                 0          0       0          0             0      25559.060           0    57                       0                 0              0                0                0                    0          0     0          0      0         0                  0                 0                151            0      512       50      0                  0                   0                     0                   0           0
             0                 0          0       0          0             0      25559.060           0    58                       0                 0              0                0                0                    0          0     0          0      0         0                  0                 0                151            0      512       50      0                  0                   0                     0                   0           0
            49                 4         13   1.000     42.250       611.000      28898.420          10    59                       0                 0              0                0                0                    2        136    23        136      0         0                  1                 0                151            0      512       50      0                  5                   0                     0                   0          45
             0                40         22   1.750    113.025      2818.357      43212.660           8    60                       0                 0              0                0                0                    2        177    62        177      0         0                  0                 0                158           21      512       50      0                  4                   1                     0                   0           5
             0                 5          1   2.200    202.400       372.250      46619.040           0    61                       0                 0              0                0                0                    0        106    20        106      0         0                  0                 4                155           47      511       50      0                  0                   0                     0                   0           0
             0                 0          0       0          0             0      47972.040           0    62                       0                 0              0                0                0                    0          5     3          5      0         0                  0                 1                157           41      512       50      0                  0                   0                     0                   0           0
             0                 0          0       0          0             0      48095.040           0    63                       0                 0              0                0                0                    0          5     3          5      0         0                  0                 3                144           12      512       50      0                  0                   0                     0                   0           0
             0                 0          0       0          0             0      48218.040           0    64                       0                 0              0                0                0                    0          5     3          5      0         0                  0                 0                144            0      512       50      0                  0                   0                     0                   0           0
             0                 0          0       0          0             0      48341.040           0    65                       0                 0              0                0                0                    0          5     3          5      0         0                  0                 0                144            0      512       50      0                  0                   0                     0                   0           0
             0                 0          0       0          0             0      48464.040           0    66                       0                 0              0                0                0                    0          5     3          5      0         0                  0                 0                144            0      512       50      0                  0                   0                     0                   0           0
             0                 0          0       0          0             0      48587.040           0    67                       0                 0              0                0                0                    0          5     3          5      0         0                  0                 0                144            0      512       50      0                  0                   0                     0                   0           0
             0                 0          0       0          0             0      48710.040           0    68                       0                 0              0                0                0                    0          5     3          5      0         0                  0                 0                144            0      512       50      0                  0                   0                     0                   0           0
             0                 0          0       0          0             0      48833.040           0    69                       0                 0              0                0                0                    0          5     3          5      0         0                  0                 0                144            0      512       50      0                  0                   0                     0                   0           0
             0                 0          0       0          0             0      48956.040           0    70                       0                 0              0                0                0                    0          5     3          5      0         0                  0                 0                144            0      512       50      0                  0                   0                     0                   0           0
             0                 0          0       0          0             0      49079.040           0    71                       0                 0              0                0                0                    0          5     3          5      0         0                  0                 0                144            0      512       50      0                  0                   0                     0                   0           0
             0                 0          0       0          0             0      49202.040           0    72                       0                 0              0                0                0                    0          5     3          5      0         0                  0                 0                144            0      512       50      0                  0                   0                     0                   0           0
             0                 0          0       0          0             0      49325.040           0    73                       0                 0              0                0                0                    0          5     3          5      0         0                  0                 0                144            0      512       50      0                  0                   0                     0                   0           0
             0                 0          0       0          0             0      49448.040           0    74                       0                 0              0                0                0                    0          5     3          5      0         0                  0                 0                144            0      512       50      0                  0                   0                     0                   0           0
             0                 0          0       0          0             0      49571.040           0    75                       0                 0              0                0                0                    0          5     3          5      0         0                  0                 0                144            0      512       50      0                  0                   0                     0                   0           0
             0                 0          0       0          0             0      49694.040           0    76                       0                 0              0                0                0                    0          5     3          5      0         0                  0                 0                144            0      512       50      0                  0                   0                     0                   0           0
             0                 0          0       0          0             0      49817.040           0    77                       0                 0              0                0                0                    0          5     3          5      0         0                  0                 0                144            0      512       50      0                  0                   0                     0                   0           0
             0                 0          0       0          0             0      49940.040           0    78                       0                 0              0                0                0                    0          5     3          5      0         0                  0                 0                144            0      512       50      0                  0                   0                     0                   0           0
             0                 0          0       0          0             0      50063.040           0    79                       0                 0              0                0                0                    0          5     3          5      0         0                  0                 0                144            0      512       50      0                  0                   0                     0                   0           0
             0                 0          0       0          0             0      50186.040           0    80                       0                 0              0                0                0                    0          5     3          5      0         0                  0                 0                144            0      512       50      0                  0                   0                     0                   0           0
             0                 0          0       0          0             0      50309.040           0    81                       0                 0              0                0                0                    0          5     3          5      0         0                  0                 0                144            0      512       50      0                  0                   0                     0                   0           0
             0                 0          0       0          0             0      50432.040           0    82                       0                 0              0                0                0                    0          5     3          5      0         0                  0                 0                144            0      512       50      0                  0                   0                     0                   0           0
             0                 0          0       0          0             0      50555.040           0    83                       0                 0              0                0                0                    0          5     3          5      0         0                  0                 0                144            0      512       50      0                  0                   0                     0                   0           0
             0                 0          0       0          0             0      50678.040           0    84                       0                 0              0                0                0                    0          5     3          5      0         0                  0                 0                144            0      512       50      0                  0                   0                     0                   0           0
             0                 0          0       0          0             0      50801.040           0    85                       0                 0              0                0                0                    0          5     3          5      0         0                  0                 0                144            0      512       50      0                  0                   0                     0                   0           0
             0                 0          0       0          0             0      50924.040           0    86                       0                 0              0                0                0                    0          5     3          5      0         0                  0                 0                144            0      512       50      0                  0                   0                     0                   0           0
             0                 0          0       0          0             0      51047.040           0    87                       0                 0              0                0                0                    0          5     3          5      0         0                  0                 0                144            0      512       50      0                  0                   0                     0                   0           0
             0                 0          0       0          0             0      51170.040           0    88                       0                 0              0                0                0                    0          5     3          5      0         0                  0                 0                144            0      512       50      0                  0                   0                     0                   0           0
             0                 0          0       0          0             0      51293.040           0    89                       0                 0              0                0                0                    0          5     3          5      0         0                  0                 0                144            0      512       50      0                  0                   0                     0                   0           0
             0                 0          0       0          0             0      51416.040           0    90                       0                 0              0                0                0                    0          5     3          5      0         0                  0                 0                144            0      512       50      0                  0                   0                     0                   0           0
             0                 0          0       0          0             0      51539.040           0    91                       0                 0              0                0                0                    0          5     3          5      0         0                  0                 0                144            0      512       50      0                  0                   0                     0                   0           0
             0                 0          0       0          0             0      51662.040           0    92                       0                 0              0                0                0                    0          5     3          5      0         0                  0                 0                144            0      512       50      0                  0                   0                     0                   0           0
             0                 0          0       0          0             0      51785.040           0    93                       0                 0              0                0                0                    0          5     3          5      0         0                  0                 0                144            0      512       50      0                  0                   0                     0                   0           0
             0                 0          0       0          0             0      51908.040           0    94                       0                 0              0                0                0                    0          5     3          5      0         0                  0                 0                144            0      512       50      0                  0                   0                     0                   0           0
             0                 0          0       0          0             0      52031.040           0    95                       0                 0              0                0                0                    0          5     3          5      0         0                  0                 0                144            0      512       50      0                  0                   0                     0                   0           0
             0                 0          0       0          0             0      52154.040           0    96                       0                 0              0                0                0                    0          5     3          5      0         0                  0                 0                144            0      512       50      0                  0                   0                     0                   0           0
             0                 0          0       0          0             0      52277.040           0    97                       0                 0              0                0                0                    0          5     3          5      0         0                  0                 0                144            0      512       50      0                  0                   0                     0                   0           0
             0                 0          0       0          0             0      52400.040           0    98                       0                 0              0                0                0                    0          5     3          5      0         0                  0                 0                144            0      512       50      0                  0                   0                     0                   0           0
             0                 0          0       0          0             0      52523.040           0    99                       0                 0              0                0                0                    0          5     3          5      0         0                  0                 0                144            0      512       50      0                  0                   0                     0                   0           0
#pos runNum=0 0@(1.00000,1.00000)@0 1@(1.00000,0.89302)@568 2@(0.81419,1.18059)@731 3@(0.98650,1.09211)@731 4@(0.79013,1.09069)@853 5@(0.75748,0.96686)@1371 6@(0.99513,1.16041)@1755 7@(0.94233,0.91039)@568 8@(1.01829,1.13818)@1208 9@(0.81452,0.93068)@1848 10@(0.78586,0.92787)@731 11@(0.94031,0.97157)@1280 12@(0.80554,0.85894)@1136 13@(1.00143,0.87833)@1136 14@(0.96106,0.72990)@1208 15@(1.00597,0.87963)@1136 16@(1.03955,0.71434)@853 17@(0.84770,0.79501)@1371 18@(0.78684,0.89980)@1371 19@(0.99056,0.93983)@1080 20@(0.79611,1.05166)@1371 21@(0.94639,1.05072)@568 22@(0.73192,1.11324)@1371 23@(0.97043,0.82369)@568 24@(0.83635,1.22886)@1584 25@(0.86744,1.08624)@1136 26@(1.11304,0.93211)@1706 27@(1.19847,0.84495)@1136 28@(0.83580,1.32031)@1584 29@(0.93309,1.01471)@1584 30@(1.14081,0.92201)@568 31@(0.74132,1.21202)@1299 32@(0.75701,1.36521)@1024 33@(1.06838,0.77881)@1208 34@(0.73823,0.94447)@1584 35@(0.68696,1.02924)@1421 36@(0.87343,0.98618)@1299 37@(1.11183,0.53464)@1592 38@(1.19746,1.03319)@1208 39@(1.04493,1.12328)@1280 40@(0.77787,1.20043)@1299 41@(0.88333,1.12267)@731 42@(0.76054,1.32263)@1755 43@(0.60224,1.24032)@2315 44@(0.93999,1.25578)@2486 45@(1.29726,0.93140)@1208 46@(0.94052,1.29336)@731 47@(1.29349,0.88840)@1421 48@(0.85761,1.12222)@640 49@(0.95650,0.93300)@1080
#links runNum=0 11-14@-89dBm@0.887 20-24@-96dBm@0.172 31-36@-93dBm@0.565 19-39@-92dBm@0.674 16-26@-93dBm@0.601 1-21@-85dBm@0.967 4-8@-91dBm@0.780 4-12@-93dBm@0.562 21-33@-95dBm@0.233 3-44@-97dBm@0.044 24-28@-96dBm@0.142 29-39@-91dBm@0.745 13-35@-96dBm@0.125 11-23@-95dBm@0.277 9-28@-96dBm@0.130 3-23@-91dBm@0.717 12-26@-92dBm@0.703 1-11@-82dBm@0.985 24-40@-93dBm@0.548 38-45@-93dBm@0.648 0-45@-95dBm@0.211 7-45@-94dBm@0.376 9-18@-85dBm@0.961 19-20@-89dBm@0.881 10-24@-95dBm@0.214 5-22@-86dBm@0.953 7-41@-96dBm@0.151 13-15@-80dBm@0.988 33-46@-97dBm@0.027 39-40@-91dBm@0.778 6-12@-95dBm@0.314 10-35@-95dBm@0.317 11-38@-91dBm@0.776 15-33@-85dBm@0.959 25-36@-92dBm@0.711 2-48@-86dBm@0.958 15-49@-81dBm@0.985 2-4@-86dBm@0.957 13-14@-84dBm@0.970 24-39@-96dBm@0.143 3-11@-91dBm@0.785 17-18@-83dBm@0.976 21-31@-90dBm@0.865 4-23@-95dBm@0.309 31-43@-85dBm@0.964 8-24@-88dBm@0.934 1-8@-89dBm@0.871 10-33@-96dBm@0.157 8-20@-92dBm@0.683 31-42@-90dBm@0.852 37-48@-97dBm@0.030 38-44@-95dBm@0.239 7-9@-83dBm@0.979 2-22@-89dBm@0.870 4-31@-92dBm@0.664 5-18@-86dBm@0.956 44-49@-95dBm@0.200 9-13@-90dBm@0.861 10-49@-97dBm@0.020 7-15@-88dBm@0.917 7-19@-88dBm@0.931 8-36@-95dBm@0.310 11-29@-95dBm@0.231 5-9@-88dBm@0.935 1-4@-93dBm@0.640 27-47@-90dBm@0.804 0-21@-85dBm@0.961 3-8@-76dBm@1.000 9-22@-88dBm@0.902 8-40@-95dBm@0.231 32-40@-85dBm@0.960 29-40@-92dBm@0.704 18-34@-90dBm@0.864 11-47@-97dBm@0.052 28-43@-91dBm@0.738 4-25@-86dBm@0.951 10-19@-94dBm@0.520 28-32@-87dBm@0.947 22-36@-92dBm@0.711 10-38@-94dBm@0.443 12-20@-95dBm@0.306 12-42@-94dBm@0.467 26-48@-96dBm@0.143 20-39@-93dBm@0.659 35-41@-94dBm@0.410 5-24@-92dBm@0.679 10-47@-95dBm@0.257 6-25@-92dBm@0.688 10-42@-93dBm@0.588 17-23@-82dBm@0.983 19-45@-90dBm@0.861 0-48@-89dBm@0.865 0-10@-91dBm@0.718 12-13@-89dBm@0.896 4-11@-90dBm@0.830 35-44@-96dBm@0.167 1-2@-92dBm@0.710 3-39@-96dBm@0.184 23-28@-96dBm@0.175 11-12@-89dBm@0.879 3-18@-92dBm@0.662 8-32@-94dBm@0.365 24-44@-94dBm@0.383 42-43@-89dBm@0.896 6-39@-77dBm@1.000 31-32@-86dBm@0.954 4-20@-82dBm@0.982 6-28@-94dBm@0.506 19-49@-94dBm@0.379 3-7@-89dBm@0.869 0-31@-96dBm@0.172 34-35@-80dBm@0.990 20-34@-89dBm@0.867 33-49@-92dBm@0.700 2-6@-93dBm@0.533 6-44@-91dBm@0.720 40-42@-88dBm@0.919 0-46@-91dBm@0.791 21-35@-96dBm@0.125 23-33@-83dBm@0.974 22-46@-96dBm@0.138 9-14@-95dBm@0.209 7-30@-91dBm@0.754 28-44@-91dBm@0.775 4-32@-90dBm@0.818 21-41@-93dBm@0.538 39-45@-97dBm@0.001 6-22@-93dBm@0.650 1-9@-94dBm@0.407 20-25@-81dBm@0.986 4-29@-85dBm@0.959 2-41@-92dBm@0.678 30-49@-94dBm@0.354 26-39@-88dBm@0.935 9-21@-96dBm@0.099 7-37@-93dBm@0.599 13-26@-91dBm@0.731 19-28@-94dBm@0.459 18-42@-93dBm@0.531 16-37@-89dBm@0.892 10-17@-90dBm@0.864 9-10@-71dBm@1.000 34-40@-94dBm@0.503 12-37@-93dBm@0.604 1-27@-86dBm@0.950 6-42@-90dBm@0.836 15-23@-92dBm@0.674 6-10@-94dBm@0.437 29-34@-93dBm@0.655 22-40@-81dBm@0.985 4-41@-93dBm@0.543 34-44@-94dBm@0.400 44-46@-96dBm@0.169 26-49@-95dBm@0.197 1-48@-90dBm@0.864 8-22@-95dBm@0.285 17-42@-96dBm@0.184 1-23@-95dBm@0.235 4-6@-88dBm@0.937 3-6@-85dBm@0.961 12-47@-97dBm@0.029 1-7@-79dBm@0.998 22-28@-90dBm@0.860 3-38@-93dBm@0.642 5-15@-96dBm@0.112 7-14@-90dBm@0.861 6-48@-83dBm@0.974 22-35@-93dBm@0.658 5-26@-94dBm@0.394 41-42@-95dBm@0.277 18-20@-86dBm@0.954 26-27@-84dBm@0.968 11-39@-89dBm@0.884 32-42@-93dBm@0.534 0-16@-92dBm@0.691 31-41@-90dBm@0.863 0-4@-93dBm@0.605 13-33@-94dBm@0.428 17-45@-96dBm@0.127 13-47@-90dBm@0.864 10-18@-73dBm@1.000 39-44@-87dBm@0.946 2-23@-96dBm@0.114 23-48@-91dBm@0.718 9-34@-86dBm@0.958 22-39@-90dBm@0.834 1-25@-88dBm@0.932 22-48@-85dBm@0.962 2-34@-92dBm@0.681 1-3@-87dBm@0.944 7-36@-82dBm@0.985 26-30@-76dBm@1.000 22-44@-92dBm@0.714 19-27@-88dBm@0.936 11-25@-92dBm@0.683 5-21@-96dBm@0.162 6-46@-89dBm@0.866 16-30@-88dBm@0.909 13-19@-89dBm@0.868 23-41@-92dBm@0.675 28-41@-87dBm@0.940 0-7@-87dBm@0.941 34-46@-97dBm@0.052 9-43@-96dBm@0.077 17-22@-94dBm@0.417 12-46@-95dBm@0.206 4-46@-96dBm@0.183 3-36@-85dBm@0.960 23-29@-89dBm@0.893 21-25@-86dBm@0.950 1-15@-87dBm@0.944 42-46@-88dBm@0.934 25-41@-97dBm@0.035 30-33@-96dBm@0.159 4-5@-90dBm@0.846 1-38@-90dBm@0.857 23-49@-89dBm@0.898 0-11@-94dBm@0.401 9-15@-92dBm@0.691 29-35@-91dBm@0.720 5-7@-94dBm@0.331 16-25@-94dBm@0.418 2-24@-93dBm@0.656 0-23@-86dBm@0.954 30-45@-90dBm@0.809 41-48@-90dBm@0.836 7-48@-93dBm@0.641 15-39@-95dBm@0.232 1-33@-90dBm@0.864 29-45@-96dBm@0.185 0-20@-94dBm@0.361 28-31@-89dBm@0.869 7-10@-91dBm@0.786 18-27@-93dBm@0.646 2-5@-89dBm@0.880 45-47@-97dBm@0.053 39-48@-89dBm@0.874 3-12@-96dBm@0.153 9-16@-91dBm@0.728 9-39@-92dBm@0.705 7-13@-87dBm@0.941 3-5@-89dBm@0.900 11-49@-80dBm@0.989 16-17@-87dBm@0.943 41-43@-94dBm@0.407 5-46@-93dBm@0.651 12-28@-94dBm@0.427 4-30@-95dBm@0.222 15-29@-90dBm@0.857 0-32@-93dBm@0.556 24-48@-82dBm@0.984 15-16@-89dBm@0.877 5-10@-96dBm@0.155 5-36@-91dBm@0.799 31-35@-87dBm@0.948 43-44@-92dBm@0.667 0-3@-91dBm@0.736 2-3@-89dBm@0.897 6-34@-93dBm@0.647 18-47@-96dBm@0.147 2-18@-90dBm@0.836 6-13@-95dBm@0.235 3-40@-93dBm@0.647 25-40@-93dBm@0.637 40-46@-96dBm@0.134 14-37@-89dBm@0.901 13-23@-95dBm@0.292 18-49@-88dBm@0.935 10-34@-79dBm@0.996 36-47@-93dBm@0.541 4-26@-94dBm@0.321 16-28@-97dBm@0.024 24-29@-91dBm@0.721 2-40@-79dBm@0.995 12-44@-96dBm@0.121 0-41@-92dBm@0.716 11-35@-97dBm@0.064 21-36@-90dBm@0.857 0-1@-84dBm@0.974 27-30@-86dBm@0.957 2-9@-90dBm@0.844 0-30@-88dBm@0.936 22-43@-95dBm@0.201 7-49@-79dBm@1.000 20-41@-84dBm@0.969 12-23@-87dBm@0.940 9-12@-79dBm@1.000 31-40@-85dBm@0.961 9-25@-95dBm@0.278 1-19@-75dBm@1.000 29-30@-95dBm@0.230 12-17@-91dBm@0.773 13-48@-91dBm@0.765 2-20@-89dBm@0.868 34-42@-92dBm@0.663 4-35@-85dBm@0.959 22-31@-88dBm@0.918 3-21@-92dBm@0.717 2-31@-87dBm@0.939 29-36@-84dBm@0.974 0-2@-91dBm@0.786 4-28@-91dBm@0.738 1-47@-93dBm@0.642 8-46@-96dBm@0.112 1-16@-86dBm@0.957 16-47@-94dBm@0.389 19-35@-92dBm@0.667 6-23@-92dBm@0.686 25-31@-86dBm@0.957 35-40@-88dBm@0.902 15-25@-95dBm@0.221 3-29@-92dBm@0.687 0-36@-95dBm@0.259 11-21@-84dBm@0.974 25-35@-87dBm@0.947 10-12@-84dBm@0.974 17-39@-96dBm@0.096
#aveChargePerCycle runNum=0 0@162.69 1@45.99 2@85.90 3@13.49 4@70.08 5@1.30 6@7.24 7@23.70 8@1.30 9@1.30 10@16.22 11@3.24 12@3.89 13@1.30 14@2.59 15@1.30 16@8.07 17@1.30 18@1.94 19@1.30 20@6.48 21@1.30 22@1.30 23@1.30 24@1.30 25@1.30 26@1.94 27@1.30 28@7.33 29@1.30 30@9.05 31@2.59 32@1.30 33@1.30 34@1.30 35@1.30 36@1.30 37@1.94 38@1.30 39@1.30 40@1.94 41@1.30 42@1.94 43@1.30 44@2.59 45@3.24 46@1.30 47@2.59 48@6.10 49@1.30