## dioPeriod = 1.0
## startTime = 1502276498.12
## numMotes = 50
## otfHousekeepingPeriod = 1.0
## slotframeLength = 101
## squareSide = 2.0
## cpuID = 84
## sixtopPdrThreshold = 1.5
## slotDuration = 0.01
## sixtopNoHousekeeping = 0
## pkPeriodVar = 0.05
## numCyclesPerRun = 100
## numRuns = 1
## otfThreshold = 1
## sixtopNoRemoveWorstCell = 0
## burstTimestamp = 20
## simDataDir = simData
## numChans = 16
## minRssi = -97
## noInterference = 0
## algorithm = local_voting
## numPacketsBurst = 5
## gui = False
## pkPeriod = None
## combinationKeys = ['algorithm', 'numMotes', 'otfThreshold']
## sixtopHousekeepingPeriod = 1.0


# appGenerated appReachesDagroot appRelayed aveHops aveLatency aveQueueDelay chargeConsumed collidedTxs cycle droppedAppFailedEnqueue droppedMacRetries droppedNoRoute droppedNoTxCells droppedQueueFull effectiveCollidedTxs numRxCells numTx numTxCells otfAdd otfRemove probableCollisions rplChurnParentSet rplChurnPrefParent rplChurnRank rplRxDIO rplTxDIO runNum scheduleCollisions topRxRelocatedCells topTxRelocatedBundles topTxRelocatedCells txQueueFill
             0                 0          0       0          0             0              0           0     0                       0                 0              0                0                0                    0          0     0          0      0         0                  0                 0                  0            0        0        0      0                  0                   0                     0                   0           0
             0                 0          0       0          0             0              0           0     1                       0                 0              0                0                0                    0          0     0          0      0         0                  0               134                 67            2      452       50      0                  0                   0                     0                   0           0
             0                 0          0       0          0             0              0           0     2                       0                 0              0                0                0                    0          0     0          0      0         0                  0                 0                114            1      452       50      0                  0                   0                     0                   0           0
             0                 0          0       0          0             0              0           0     3                       0                 0              0                0                0                    0          0     0          0      0         0                  0                 0                113            0      452       50      0                  0                   0                     0                   0           0
             0                 0          0       0          0             0              0           0     4                       0                 0              0                0                0                    0          0     0          0      0         0                  0                 0                113            0      452       50      0                  0                   0                     0                   0           0
             0                 0          0       0          0             0              0           0     5                       0                 0              0                0                0                    0          0     0          0      0         0                  0                 0                113            0      452       50      0                  0                   0                     0                   0           0
             0                 0          0       0          0             0              0           0     6                       0                 0              0                0                0                    0          0     0          0      0         0                  0                 0                113            0      452       50      0                  0                   0                     0                   0           0
             0                 0          0       0          0             0              0           0     7                       0                 0              0                0                0                    0          0     0          0      0         0                  0                 0                113            0      452       50      0                  0                   0                     0                   0           0
             0                 0          0       0          0             0              0           0     8                       0                 0              0                0                0                    0          0     0          0      0         0                  0                 0                113            0      452       50      0                  0                   0                     0                   0           0
             0                 0          0       0          0             0              0           0     9                       0                 0              0                0                0                    0          0     0          0      0         0                  0                 0                113            0      452       50      0                  0                   0                     0                   0           0
             0                 0          0       0          0             0              0           0    10                       0                 0              0                0                0                    0          0     0          0      0         0                  0                 0                113            0      452       50      0                  0                   0                     0                   0           0
             0                 0          0       0          0             0              0           0    11                       0                 0              0                0                0                    0          0     0          0      0         0                  0                 0                113            0      452       50      0                  0                   0                     0                   0           0
             0                 0          0       0          0             0              0           0    12                       0                 0              0                0                0                    0          0     0          0      0         0                  0                 0                113            0      452       50      0                  0                   0                     0                   0           0
             0                 0          0       0          0             0              0           0    13                       0                 0              0                0                0                    0          0     0          0      0         0                  0                 0                113            0      452       50      0                  0                   0                     0                   0           0
             0                 0          0       0          0             0              0           0    14                       0                 0              0                0                0                    0          0     0          0      0         0                  0                 0                113            0      452       50      0                  0                   0                     0                   0           0
             0                 0          0       0          0             0              0           0    15                       0                 0              0                0                0                    0          0     0          0      0         0                  0                 0                113            0      452       50      0                  0                   0                     0                   0           0
             0                 0          0       0          0             0              0           0    16                       0                 0              0                0                0                    0          0     0          0      0         0                  0                 0                113            0      452       50      0                  0                   0                     0                   0           0
             0                 0          0       0          0             0              0           0    17                       0                 0              0                0                0                    0          0     0          0      0         0                  0                 0                113            0      452       50      0                  0                   0                     0                   0           0
             0                 0          0       0          0             0              0           0    18                       0                 0              0                0                0                    0          0     0          0      0         0                  0                 0                113            0      452       50      0                  0                   0                     0                   0           0
            49                 0          1       0          0        17.000        231.140           0    19                       0                 0              0                0                0                    0         43     2         43      0         0                  0                 0                113            0      452       50      0                  0                   0                     0                   0          49
             0                28         39   1.607     76.857      3042.095      13999.380          39    20                       0                 0              0                0                0                    5        307    79        307      0         0                  0                 0                117            5      452       50      0                 20                   0                     0                   0          21
             0                21          4   2.286    144.619       736.500      22229.660           0    21                       0                 0              0                0                0                    0         58    28         58      0         0                  0                 9                104           51      452       50      0                  0                   2                     0                   0           0
             0                 0          0       0          0             0      22500.260           0    22                       0                 0              0                0                0                    0          0     0          0      0         0                  0                 3                113           49      452       50      0                  0                   0                     0                   0           0
             0                 0          0       0          0             0      22500.260           0    23                       0                 0              0                0                0                    0          0     0          0      0         0                  0                 7                117           25      452       50      0                  0                   0                     0                   0           0
             0                 0          0       0          0             0      22500.260           0    24                       0                 0              0                0                0                    0          0     0          0      0         0                  0                 3                118            0      452       50      0                  0                   0                     0                   0           0
             0                 0          0       0          0             0      22500.260           0    25                       0                 0              0                0                0                    0          0     0          0      0         0                  0                 0                118            0      452       50      0                  0                   0                     0                   0           0
             0                 0          0       0          0             0      22500.260           0    26                       0                 0              0                0                0                    0          0     0          0      0         0                  0                 0                118            0      452       50      0                  0                   0                     0                   0           0
             0                 0          0       0          0             0      22500.260           0    27                       0                 0              0                0                0                    0          0     0          0      0         0                  0                 0                118            0      452       50      0                  0                   0                     0                   0           0
             0                 0          0       0          0             0      22500.260           0    28                       0                 0              0                0                0                    0          0     0          0      0         0                  0                 0                118            0      452       50      0                  0                   0                     0                   0           0
             0                 0          0       0          0             0      22500.260           0    29                       0                 0              0                0                0                    0          0     0          0      0         0                  0                 0                118            0      452       50      0                  0                   0                     0                   0           0
             0                 0          0       0          0             0      22500.260           0    30                       0                 0              0                0                0                    0          0     0          0      0         0                  0                 0                118            0      452       50      0                  0                   0                     0                   0           0
             0                 0          0       0          0             0      22500.260           0    31                       0                 0              0                0                0                    0          0     0          0      0         0                  0                 0                118            0      452       50      0                  0                   0                     0                   0           0
             0                 0          0       0          0             0      22500.260           0    32                       0                 0              0                0                0                    0          0     0          0      0         0                  0                 0                118            0      452       50      0                  0                   0                     0                   0           0
             0                 0          0       0          0             0      22500.260           0    33                       0                 0              0                0                0                    0          0     0          0      0         0                  0                 0                118            0      452       50      0                  0                   0                     0                   0           0
             0                 0          0       0          0             0      22500.260           0    34                       0                 0              0                0                0                    0          0     0          0      0         0                  0                 0                118            0      452       50      0                  0                   0                     0                   0           0
             0                 0          0       0          0             0      22500.260           0    35                       0                 0              0                0                0                    0          0     0          0      0         0                  0                 0                118            0      452       50      0                  0                   0                     0                   0           0
             0                 0          0       0          0             0      22500.260           0    36                       0                 0              0                0                0                    0          0     0          0      0         0                  0                 0                118            0      452       50      0                  0                   0                     0                   0           0
             0                 0          0       0          0             0      22500.260           0    37                       0                 0              0                0                0                    0          0     0          0      0         0                  0                 0                118            0      452       50      0                  0                   0                     0                   0           0
             0                 0          0       0          0             0      22500.260           0    38                       0                 0              0                0                0                    0          0     0          0      0         0                  0                 0                118            0      452       50      0                  0                   0                     0                   0           0
             0                 0          0       0          0             0      22500.260           0    39                       0                 0              0                0                0                    0          0     0          0      0         0                  0                 0                118            0      452       50      0                  0                   0                     0                   0           0
             0                 0          0       0          0             0      22500.260           0    40                       0                 0              0                0                0                    0          0     0          0      0         0                  0                 0                118            0      452       50      0                  0                   0                     0                   0           0
             0                 0          0       0          0             0      22500.260           0    41                       0                 0              0                0                0                    0          0     0          0      0         0                  0                 0                118            0      452       50      0                  0                   0                     0                   0           0
             0                 0          0       0          0             0      22500.260           0    42                       0                 0              0                0                0                    0          0     0          0      0         0                  0                 0                118            0      452       50      0                  0                   0                     0                   0           0
             0                 0          0       0          0             0      22500.260           0    43                       0                 0              0                0                0                    0          0     0          0      0         0                  0                 0                118            0      452       50      0                  0                   0                     0                   0           0
             0                 0          0       0          0             0      22500.260           0    44                       0                 0              0                0                0                    0          0     0          0      0         0                  0                 0                118            0      452       50      0                  0                   0                     0                   0           0
             0                 0          0       0          0             0      22500.260           0    45                       0                 0              0                0                0                    0          0     0          0      0         0                  0                 0                118            0      452       50      0                  0                   0                     0                   0           0
             0                 0          0       0          0             0      22500.260           0    46                       0                 0              0                0                0                    0          0     0          0      0         0                  0                 0                118            0      452       50      0                  0                   0                     0                   0           0
             0                 0          0       0          0             0      22500.260           0    47                       0                 0              0                0                0                    0          0     0          0      0         0                  0                 0                118            0      452       50      0                  0                   0                     0                   0           0
             0                 0          0       0          0             0      22500.260           0    48                       0                 0              0                0                0                    0          0     0          0      0         0                  0                 0                118            0      452       50      0                  0                   0                     0                   0           0
             0                 0          0       0          0             0      22500.260           0    49                       0                 0              0                0                0                    0          0     0          0      0         0                  0                 0                118            0      452       50      0                  0                   0                     0                   0           0
             0                 0          0       0          0             0      22500.260           0    50                       0                 0              0                0                0                    0          0     0          0      0         0                  0                 0                118            0      452       50      0                  0                   0                     0                   0           0
             0                 0          0       0          0             0      22500.260           0    51                       0                 0              0                0                0                    0          0     0          0      0         0                  0                 0                118            0      452       50      0                  0                   0                     0                   0           0
             0                 0          0       0          0             0      22500.260           0    52                       0                 0              0                0                0                    0          0     0          0      0         0                  0                 0                118            0      452       50      0                  0                   0                     0                   0           0
             0                 0          0       0          0             0      22500.260           0    53                       0                 0              0                0                0                    0          0     0          0      0         0                  0                 0                118            0      452       50      0                  0                   0                     0                   0           0
             0                 0          0       0          0             0      22500.260           0    54                       0                 0              0                0                0                    0          0     0          0      0         0                  0                 0                118            0      452       50      0                  0                   0                     0                   0           0
             0                 0          0       0          0             0      22500.260           0    55                       0                 0              0                0                0                    0          0     0          0      0         0                  0                 0                118            0      452       50      0                  0                   0                     0                   0           0
             0                 0          0       0          0             0      22500.260           0    56                       0                 0              0                0                0                    0          0     0          0      0         0                  0                 0                118            0      452       50      0                  0                   0                     0                   0           0
             0                 0          0       0          0             0      22500.260           0    57                       0                 0              0                0                0                    0          0     0          0      0         0                  0                 0                118            0      452       50      0                  0                   0                     0                   0           0
             0                 0          0       0          0             0      22500.260           0    58                       0                 0              0                0                0                    0          0     0          0      0         0                  0                 0                118            0      452       50      0                  0                   0                     0                   0           0
            49                 2         14   1.000     50.500       677.000      26169.600          25    59                       0                 0              0                0                0                    8        194    27        194      0         0                  0                 0                118            0      452       50      0                 13                   0                     0                   0          47
             0                43         30   1.860    110.837      2958.041      42261.820          14    60                       0                 0              0                0                0                    3        196    71        196      0         0                  1                 4                114           23      452       50      0                  7                   1                     0                   0           4
             0                 4          0   2.750    182.000       157.500      45648.720           0    61                       0                 0              0                0                0                    0         60     1         60      0         0                  0                11                121           46      452       50      0                  0                   0                     0                   0           0
             0                 0          0       0          0             0      46608.120           0    62                       0                 0              0                0                0                    0          0     0          0      0         0                  0                 7                120           43      452       50      0                  0                   0                     0                   0           0
             0                 0          0       0          0             0      46608.120           0    63                       0                 0              0                0                0                    0          0     0          0      0         0                  0                 7                118            5      452       50      0                  0                   0                     0                   0           0
             0                 0          0       0          0             0      46608.120           0    64                       0                 0              0                0                0                    0          0     0          0      0         0                  0                 1                118            0      452       50      0                  0                   0                     0                   0           0
             0                 0          0       0          0             0      46608.120           0    65                       0                 0              0                0                0                    0          0     0          0      0         0                  0                 0                118            0      452       50      0                  0                   0                     0                   0           0
             0                 0          0       0          0             0      46608.120           0    66                       0                 0              0                0                0                    0          0     0          0      0         0                  0                 0                118            0      452       50      0                  0                   0                     0                   0           0
             0                 0          0       0          0             0      46608.120           0    67                       0                 0              0                0                0                    0          0     0          0      0         0                  0                 0                118            0      452       50      0                  0                   0                     0                   0           0
             0                 0          0       0          0             0      46608.120           0    68                       0                 0              0                0                0                    0          0     0          0      0         0                  0                 0                118            0      452       50      0                  0                   0                     0                   0           0
             0                 0          0       0          0             0      46608.120           0    69                       0                 0              0                0                0                    0          0     0          0      0         0                  0                 0                118            0      452       50      0                  0                   0                     0                   0           0
             0                 0          0       0          0             0      46608.120           0    70                       0                 0              0                0                0                    0          0     0          0      0         0                  0                 0                118            0      452       50      0                  0                   0                     0                   0           0
             0                 0          0       0          0             0      46608.120           0    71                       0                 0              0                0                0                    0          0     0          0      0         0                  0                 0                118            0      452       50      0                  0                   0                     0                   0           0
             0                 0          0       0          0             0      46608.120           0    72                       0                 0              0                0                0                    0          0     0          0      0         0                  0                 0                118            0      452       50      0                  0                   0                     0                   0           0
             0                 0          0       0          0             0      46608.120           0    73                       0                 0              0                0                0                    0          0     0          0      0         0                  0                 0                118            0      452       50      0                  0                   0                     0                   0           0
             0                 0          0       0          0             0      46608.120           0    74                       0                 0              0                0                0                    0          0     0          0      0         0                  0                 0                118            0      452       50      0                  0                   0                     0                   0           0
             0                 0          0       0          0             0      46608.120           0    75                       0                 0              0                0                0                    0          0     0          0      0         0                  0                 0                118            0      452       50      0                  0                   0                     0                   0           0
             0                 0          0       0          0             0      46608.120           0    76                       0                 0              0                0                0                    0          0     0          0      0         0                  0                 0                118            0      452       50      0                  0                   0                     0                   0           0
             0                 0          0       0          0             0      46608.120           0    77                       0                 0              0                0                0                    0          0     0          0      0         0                  0                 0                118            0      452       50      0                  0                   0                     0                   0           0
             0                 0          0       0          0             0      46608.120           0    78                       0                 0              0                0                0                    0          0     0          0      0         0                  0                 0                118            0      452       50      0                  0                   0                     0                   0           0
             0                 0          0       0          0             0      46608.120           0    79                       0                 0              0                0                0                    0          0     0          0      0         0                  0                 0                118            0      452       50      0                  0                   0                     0                   0           0
             0                 0          0       0          0             0      46608.120           0    80                       0                 0              0                0                0                    0          0     0          0      0         0                  0                 0                118            0      452       50      0                  0                   0                     0                   0           0
             0                 0          0       0          0             0      46608.120           0    81                       0                 0              0                0                0                    0          0     0          0      0         0                  0                 0                118            0      452       50      0                  0                   0                     0                   0           0
             0                 0          0       0          0             0      46608.120           0    82                       0                 0              0                0                0                    0          0     0          0      0         0                  0                 0                118            0      452       50      0                  0                   0                     0                   0           0
             0                 0          0       0          0             0      46608.120           0    83                       0                 0              0                0                0                    0          0     0          0      0         0                  0                 0                118            0      452       50      0                  0                   0                     0                   0           0
             0                 0          0       0          0             0      46608.120           0    84                       0                 0              0                0                0                    0          0     0          0      0         0                  0                 0                118            0      452       50      0                  0                   0                     0                   0           0
             0                 0          0       0          0             0      46608.120           0    85                       0                 0              0                0                0                    0          0     0          0      0         0                  0                 0                118            0      452       50      0                  0                   0                     0                   0           0
             0                 0          0       0          0             0      46608.120           0    86                       0                 0              0                0                0                    0          0     0          0      0         0                  0                 0                118            0      452       50      0                  0                   0                     0                   0           0
             0                 0          0       0          0             0      46608.120           0    87                       0                 0              0                0                0                    0          0     0          0      0         0                  0                 0                118            0      452       50      0                  0                   0                     0                   0           0
             0                 0          0       0          0             0      46608.120           0    88                       0                 0              0                0                0                    0          0     0          0      0         0                  0                 0                118            0      452       50      0                  0                   0                     0                   0           0
             0                 0          0       0          0             0      46608.120           0    89                       0                 0              0                0                0                    0          0     0          0      0         0                  0                 0                118            0      452       50      0                  0                   0                     0                   0           0
             0                 0          0       0          0             0      46608.120           0    90                       0                 0              0                0                0                    0          0     0          0      0         0                  0                 0                118            0      452       50      0                  0                   0                     0                   0           0
             0                 0          0       0          0             0      46608.120           0    91                       0                 0              0                0                0                    0          0     0          0      0         0                  0                 0                118            0      452       50      0                  0                   0                     0                   0           0
             0                 0          0       0          0             0      46608.120           0    92                       0                 0              0                0                0                    0          0     0          0      0         0                  0                 0                118            0      452       50      0                  0                   0                     0                   0           0
             0                 0          0       0          0             0      46608.120           0    93                       0                 0              0                0                0                    0          0     0          0      0         0                  0                 0                118            0      452       50      0                  0                   0                     0                   0           0
             0                 0          0       0          0             0      46608.120           0    94                       0                 0              0                0                0                    0          0     0          0      0         0                  0                 0                118            0      452       50      0                  0                   0                     0                   0           0
             0                 0          0       0          0             0      46608.120           0    95                       0                 0              0                0                0                    0          0     0          0      0         0                  0                 0                118            0      452       50      0                  0                   0                     0                   0           0
             0                 0          0       0          0             0      46608.120           0    96                       0                 0              0                0                0                    0          0     0          0      0         0                  0                 0                118            0      452       50      0                  0                   0                     0                   0           0
             0                 0          0       0          0             0      46608.120           0    97                       0                 0              0                0                0                    0          0     0          0      0         0                  0                 0                118            0      452       50      0                  0                   0                     0                   0           0
             0                 0          0       0          0             0      46608.120           0    98                       0                 0              0                0                0                    0          0     0          0      0         0                  0                 0                118            0      452       50      0                  0                   0                     0                   0           0
             0                 0          0       0          0             0      46608.120           0    99                       0                 0              0                0                0                    0          0     0          0      0         0                  0                 0                118            0      452       50      0                  0                   0                     0                   0           0
#pos runNum=0 0@(1.00000,1.00000)@0 1@(1.02149,1.08936)@568 2@(1.06907,0.88230)@640 3@(0.93769,1.23333)@640 4@(0.81576,1.03963)@853 5@(1.15704,1.03102)@731 6@(0.93417,0.96906)@640 7@(0.91285,1.24743)@853 8@(1.07109,1.01846)@1299 9@(0.94693,1.24096)@1152 10@(0.82725,1.32173)@1208 11@(0.62722,1.03316)@1706 12@(1.06672,0.77431)@1371 13@(1.15515,1.18807)@1592 14@(1.01185,1.04618)@512 15@(0.89151,1.43232)@1421 16@(0.99976,1.10399)@1421 17@(0.83758,0.93985)@1208 18@(1.01689,0.95187)@640 19@(1.14847,1.08563)@1664 20@(1.20635,0.91880)@1280 21@(0.81152,1.08023)@1136 22@(1.07517,0.99685)@1208 23@(1.20412,1.12814)@1755 24@(1.10114,1.05137)@568 25@(0.61572,0.88878)@1592 26@(0.68404,1.08156)@1939 27@(0.69836,0.92573)@1493 28@(0.94806,1.38788)@2152 29@(0.51219,1.07782)@2160 30@(0.98301,1.12581)@1493 31@(1.09587,1.53294)@2323 32@(1.19382,0.88186)@1371 33@(1.24450,0.94364)@1299 34@(1.27848,0.89552)@1421 35@(1.03303,1.20980)@568 36@(1.18803,1.15198)@640 37@(1.04829,0.81180)@1939 38@(0.90977,1.14040)@1493 39@(0.92052,0.87612)@568 40@(0.85785,0.97088)@1208 41@(0.82630,1.20475)@1421 42@(1.33573,1.01346)@1920 43@(0.97741,0.87719)@568 44@(1.29050,1.37832)@1989 45@(0.69393,1.06033)@1664 46@(1.29075,1.25015)@1421 47@(0.39801,1.06119)@2232 48@(0.28578,0.91165)@2323 49@(0.99582,1.34522)@1920
#links runNum=0 30-46@-97dBm@0.064 21-38@-91dBm@0.777 13-15@-92dBm@0.709 20-33@-74dBm@1.000 14-34@-96dBm@0.150 30-40@-94dBm@0.413 1-21@-87dBm@0.944 13-28@-90dBm@0.863 21-44@-97dBm@0.004 13-16@-95dBm@0.230 4-37@-95dBm@0.225 23-30@-89dBm@0.866 7-19@-95dBm@0.253 0-24@-87dBm@0.939 8-18@-88dBm@0.902 11-26@-91dBm@0.727 29-48@-89dBm@0.868 10-15@-87dBm@0.940 1-11@-95dBm@0.211 7-41@-84dBm@0.974 15-31@-90dBm@0.820 23-24@-97dBm@0.031 5-20@-97dBm@0.068 32-36@-95dBm@0.199 6-15@-96dBm@0.152 3-13@-92dBm@0.677 37-45@-94dBm@0.440 15-38@-90dBm@0.863 6-18@-85dBm@0.967 5-9@-94dBm@0.500 40-49@-96dBm@0.115 9-42@-95dBm@0.221 0-49@-95dBm@0.280 10-26@-91dBm@0.727 3-35@-94dBm@0.333 18-32@-95dBm@0.230 3-11@-97dBm@0.047 18-40@-93dBm@0.638 1-34@-93dBm@0.645 21-29@-93dBm@0.531 20-22@-95dBm@0.254 3-4@-92dBm@0.712 3-26@-96dBm@0.086 30-37@-92dBm@0.663 8-20@-91dBm@0.775 16-46@-91dBm@0.748 7-9@-84dBm@0.970 10-41@-92dBm@0.701 0-43@-86dBm@0.954 12-16@-93dBm@0.576 14-16@-81dBm@0.985 8-22@-92dBm@0.691 34-43@-92dBm@0.677 5-33@-82dBm@0.982 20-42@-89dBm@0.883 6-12@-93dBm@0.661 25-45@-91dBm@0.794 20-40@-96dBm@0.176 7-22@-93dBm@0.637 7-25@-95dBm@0.305 35-41@-88dBm@0.930 1-4@-87dBm@0.947 2-7@-93dBm@0.617 1-17@-95dBm@0.277 1-5@-84dBm@0.974 16-35@-86dBm@0.950 18-27@-93dBm@0.660 27-47@-92dBm@0.710 13-31@-91dBm@0.725 8-40@-93dBm@0.581 35-46@-93dBm@0.583 2-12@-91dBm@0.794 15-28@-89dBm@0.870 0-5@-91dBm@0.796 6-17@-87dBm@0.938 32-33@-89dBm@0.866 10-44@-94dBm@0.396 7-30@-90dBm@0.838 6-38@-96dBm@0.154 22-43@-94dBm@0.498 17-24@-95dBm@0.281 21-22@-95dBm@0.211 16-17@-89dBm@0.888 12-13@-95dBm@0.277 4-11@-92dBm@0.679 22-37@-91dBm@0.765 9-13@-93dBm@0.596 4-30@-94dBm@0.426 4-10@-96dBm@0.077 0-1@-79dBm@0.995 8-23@-90dBm@0.842 6-40@-86dBm@0.954 11-24@-95dBm@0.197 32-42@-90dBm@0.864 1-41@-92dBm@0.676 12-17@-93dBm@0.568 23-40@-97dBm@0.025 16-25@-96dBm@0.077 35-43@-96dBm@0.178 3-7@-87dBm@0.949 0-31@-95dBm@0.224 26-45@-85dBm@0.963 17-43@-92dBm@0.695 6-14@-88dBm@0.933 7-15@-88dBm@0.936 22-35@-90dBm@0.841 11-47@-94dBm@0.454 25-43@-94dBm@0.336 18-24@-95dBm@0.277 3-30@-95dBm@0.224 23-36@-95dBm@0.215 1-46@-92dBm@0.673 10-13@-93dBm@0.646 2-49@-94dBm@0.409 2-6@-91dBm@0.777 24-33@-91dBm@0.726 35-38@-86dBm@0.957 16-45@-96dBm@0.169 3-20@-96dBm@0.146 33-39@-94dBm@0.323 26-27@-87dBm@0.941 1-39@-91dBm@0.722 10-28@-87dBm@0.941 36-40@-92dBm@0.680 16-23@-88dBm@0.902 7-38@-83dBm@0.976 14-38@-89dBm@0.885 13-30@-86dBm@0.958 9-30@-87dBm@0.939 10-38@-93dBm@0.644 9-45@-94dBm@0.478 6-10@-95dBm@0.297 22-34@-91dBm@0.734 20-39@-96dBm@0.125 2-3@-93dBm@0.607 20-37@-90dBm@0.861 32-37@-91dBm@0.728 3-10@-85dBm@0.960 4-18@-93dBm@0.623 13-49@-88dBm@0.934 2-32@-91dBm@0.731 8-19@-88dBm@0.925 41-45@-96dBm@0.180 35-49@-92dBm@0.675 34-38@-94dBm@0.334 15-49@-95dBm@0.242 27-45@-83dBm@0.974 6-22@-90dBm@0.844 25-39@-92dBm@0.663 16-21@-90dBm@0.865 12-20@-87dBm@0.943 0-35@-88dBm@0.935 18-23@-93dBm@0.646 5-8@-79dBm@1.000 10-11@-91dBm@0.737 1-2@-89dBm@0.892 43-45@-93dBm@0.656 7-40@-89dBm@0.866 0-4@-92dBm@0.662 14-18@-85dBm@0.961 1-14@-76dBm@1.000 25-27@-84dBm@0.971 39-43@-79dBm@1.000 8-21@-96dBm@0.100 19-36@-88dBm@0.935 1-25@-93dBm@0.534 16-41@-87dBm@0.946 15-26@-94dBm@0.496 1-3@-91dBm@0.730 27-29@-90dBm@0.862 3-24@-96dBm@0.188 7-36@-92dBm@0.663 19-30@-95dBm@0.224 21-25@-92dBm@0.685 28-38@-88dBm@0.919 9-35@-85dBm@0.960 5-21@-92dBm@0.672 14-17@-94dBm@0.362 5-12@-95dBm@0.200 5-32@-88dBm@0.923 12-27@-96dBm@0.083 0-7@-92dBm@0.697 1-22@-89dBm@0.868 1-13@-94dBm@0.506 31-44@-90dBm@0.862 8-12@-88dBm@0.921 7-47@-97dBm@0.060 13-44@-94dBm@0.324 17-25@-89dBm@0.899 1-16@-92dBm@0.680 2-25@-96dBm@0.147 23-46@-89dBm@0.869 2-8@-84dBm@0.974 30-42@-91dBm@0.718 22-23@-93dBm@0.623 2-36@-95dBm@0.303 17-38@-95dBm@0.246 4-19@-96dBm@0.117 1-24@-88dBm@0.933 16-28@-92dBm@0.707 23-32@-89dBm@0.879 8-14@-83dBm@0.976 5-19@-97dBm@0.022 28-29@-96dBm@0.112 23-44@-93dBm@0.610 14-19@-92dBm@0.685 35-45@-96dBm@0.177 8-10@-92dBm@0.665 6-39@-95dBm@0.249 22-41@-91dBm@0.797 28-49@-90dBm@0.817 9-41@-86dBm@0.952 25-26@-89dBm@0.869 4-43@-91dBm@0.726 13-19@-95dBm@0.195 19-35@-89dBm@0.881 8-35@-87dBm@0.947 10-25@-95dBm@0.317 38-40@-89dBm@0.893 6-41@-89dBm@0.898 45-47@-93dBm@0.632 8-28@-92dBm@0.692 7-8@-97dBm@0.019 40-47@-94dBm@0.510 3-5@-96dBm@0.127 10-40@-96dBm@0.187 14-35@-95dBm@0.255 28-31@-87dBm@0.938 4-21@-87dBm@0.939 7-10@-83dBm@0.974 8-34@-94dBm@0.422 33-35@-95dBm@0.194 16-22@-86dBm@0.956 35-36@-94dBm@0.498 7-11@-93dBm@0.636 1-8@-92dBm@0.703 5-36@-96dBm@0.096 44-46@-84dBm@0.972 0-3@-90dBm@0.861 27-30@-93dBm@0.653 0-39@-84dBm@0.974 0-18@-90dBm@0.865 11-27@-89dBm@0.869 33-44@-96dBm@0.174 3-9@-64dBm@1.000 10-46@-96dBm@0.171 21-40@-96dBm@0.191 1-6@-92dBm@0.668 0-14@-78dBm@1.000 25-48@-91dBm@0.728 3-19@-94dBm@0.510 2-40@-97dBm@0.015 8-15@-96dBm@0.172 18-29@-97dBm@0.008 27-48@-95dBm@0.258 6-7@-95dBm@0.211 6-45@-93dBm@0.538 5-23@-93dBm@0.556 0-6@-90dBm@0.863 12-43@-89dBm@0.870 5-34@-88dBm@0.916 25-29@-97dBm@0.014 18-41@-96dBm@0.133 4-38@-90dBm@0.849 12-37@-86dBm@0.955 47-48@-87dBm@0.945 2-20@-90dBm@0.858 14-30@-90dBm@0.858 4-35@-91dBm@0.720 20-34@-92dBm@0.689 4-5@-91dBm@0.718 18-49@-97dBm@0.065 0-2@-90dBm@0.845 2-10@-95dBm@0.212 26-29@-93dBm@0.657 8-39@-87dBm@0.944 32-34@-80dBm@0.992 22-33@-94dBm@0.424 33-37@-90dBm@0.809 5-14@-94dBm@0.457 14-28@-97dBm@0.034 6-34@-93dBm@0.640 0-36@-89dBm@0.870 15-44@-93dBm@0.571 22-24@-91dBm@0.744
#aveChargePerCycle runNum=0 0@136.37 1@62.38 2@30.67 3@19.68 4@14.60 5@16.96 6@18.75 7@17.34 8@6.75 9@1.30 10@6.59 11@4.44 12@8.63 13@12.67 14@1.30 15@1.30 16@1.94 17@1.30 18@7.33 19@2.59 20@11.18 21@7.57 22@1.30 23@5.83 24@1.30 25@9.52 26@1.94 27@3.89 28@1.30 29@1.30 30@1.30 31@1.30 32@2.59 33@1.30 34@2.59 35@1.30 36@1.30 37@1.30 38@1.94 39@1.30 40@4.19 41@1.94 42@1.30 43@1.30 44@1.94 45@2.59 46@10.84 47@1.30 48@2.59 49@3.89