## dioPeriod = 1.0
## startTime = 1502276502.14
## numMotes = 50
## otfHousekeepingPeriod = 1.0
## slotframeLength = 101
## squareSide = 2.0
## cpuID = 25
## sixtopPdrThreshold = 1.5
## slotDuration = 0.01
## sixtopNoHousekeeping = 0
## pkPeriodVar = 0.05
## numCyclesPerRun = 100
## numRuns = 1
## otfThreshold = 1
## sixtopNoRemoveWorstCell = 0
## burstTimestamp = 20
## simDataDir = simData
## numChans = 16
## minRssi = -97
## noInterference = 0
## algorithm = local_voting
## numPacketsBurst = 5
## gui = False
## pkPeriod = None
## combinationKeys = ['algorithm', 'numMotes', 'otfThreshold']
## sixtopHousekeepingPeriod = 1.0


# appGenerated appReachesDagroot appRelayed aveHops aveLatency aveQueueDelay chargeConsumed collidedTxs cycle droppedAppFailedEnqueue droppedMacRetries droppedNoRoute droppedNoTxCells droppedQueueFull effectiveCollidedTxs numRxCells numTx numTxCells otfAdd otfRemove probableCollisions rplChurnParentSet rplChurnPrefParent rplChurnRank rplRxDIO rplTxDIO runNum scheduleCollisions topRxRelocatedCells topTxRelocatedBundles topTxRelocatedCells txQueueFill
             0                 0          0       0          0             0              0           0     0                       0                 0              0                0                0                    0          0     0          0      0         0                  0                 0                  0            0        0        0      0                  0                   0                     0                   0           0
             0                 0          0       0          0             0              0           0     1                       0                 0              0                0                0                    0          0     0          0      0         0                  0               134                 74            1      503       50      0                  0                   0                     0                   0           0
             0                 0          0       0          0             0              0           0     2                       0                 0              0                0                0                    0          0     0          0      0         0                  0                 0                118            0      503       50      0                  0                   0                     0                   0           0
             0                 0          0       0          0             0              0           0     3                       0                 0              0                0                0                    0          0     0          0      0         0                  0                 0                118            0      503       50      0                  0                   0                     0                   0           0
             0                 0          0       0          0             0              0           0     4                       0                 0              0                0                0                    0          0     0          0      0         0                  0                 0                118            0      503       50      0                  0                   0                     0                   0           0
             0                 0          0       0          0             0              0           0     5                       0                 0              0                0                0                    0          0     0          0      0         0                  0                 0                118            0      503       50      0                  0                   0                     0                   0           0
             0                 0          0       0          0             0              0           0     6                       0                 0              0                0                0                    0          0     0          0      0         0                  0                 0                118            0      503       50      0                  0                   0                     0                   0           0
             0                 0          0       0          0             0              0           0     7                       0                 0              0                0                0                    0          0     0          0      0         0                  0                 0                118            0      503       50      0                  0                   0                     0                   0           0
             0                 0          0       0          0             0              0           0     8                       0                 0              0                0                0                    0          0     0          0      0         0                  0                 0                118            0      503       50      0                  0                   0                     0                   0           0
             0                 0          0       0          0             0              0           0     9                       0                 0              0                0                0                    0          0     0          0      0         0                  0                 0                118            0      503       50      0                  0                   0                     0                   0           0
             0                 0          0       0          0             0              0           0    10                       0                 0              0                0                0                    0          0     0          0      0         0                  0                 0                118            0      503       50      0                  0                   0                     0                   0           0
             0                 0          0       0          0             0              0           0    11                       0                 0              0                0                0                    0          0     0          0      0         0                  0                 0                118            0      503       50      0                  0                   0                     0                   0           0
             0                 0          0       0          0             0              0           0    12                       0                 0              0                0                0                    0          0     0          0      0         0                  0                 0                118            0      503       50      0                  0                   0                     0                   0           0
             0                 0          0       0          0             0              0           0    13                       0                 0              0                0                0                    0          0     0          0      0         0                  0                 0                118            0      503       50      0                  0                   0                     0                   0           0
             0                 0          0       0          0             0              0           0    14                       0                 0              0                0                0                    0          0     0          0      0         0                  0                 0                118            0      503       50      0                  0                   0                     0                   0           0
             0                 0          0       0          0             0              0           0    15                       0                 0              0                0                0                    0          0     0          0      0         0                  0                 0                118            0      503       50      0                  0                   0                     0                   0           0
             0                 0          0       0          0             0              0           0    16                       0                 0              0                0                0                    0          0     0          0      0         0                  0                 0                118            0      503       50      0                  0                   0                     0                   0           0
             0                 0          0       0          0             0              0           0    17                       0                 0              0                0                0                    0          0     0          0      0         0                  0                 0                118            0      503       50      0                  0                   0                     0                   0           0
             0                 0          0       0          0             0              0           0    18                       0                 0              0                0                0                    0          0     0          0      0         0                  0                 0                118            0      503       50      0                  0                   0                     0                   0           0
            49                 2          2   1.000     13.500        48.000        616.080           2    19                       0                 0              0                0                0                    1         54     4         54      0         0                  1                 0                118            0      503       50      0                  1                   0                     0                   0          47
             0                26         27   1.577     84.769      2769.583      11651.300          49    20                       0                 0              0                0                0                   10        311    62        311      0         0                  0                 2                112           14      503       50      0                 25                   0                     0                   0          21
             0                21          7   2.000    155.667      1267.310      20147.820           0    21                       0                 0              0                0                0                    0         26    12         26      0         0                  0                 5                109           48      503       50      0                  0                   0                     0                   0           0
             0                 0          0       0          0             0      20492.220           0    22                       0                 0              0                0                0                    0          0     0          0      0         0                  0                 4                109           44      503       50      0                  0                   0                     0                   0           0
             0                 0          0       0          0             0      20492.220           0    23                       0                 0              0                0                0                    0          0     0          0      0         0                  0                 5                105            5      503       50      0                  0                   0                     0                   0           0
             0                 0          0       0          0             0      20492.220           0    24                       0                 0              0                0                0                    0          0     0          0      0         0                  0                 0                105            0      503       50      0                  0                   0                     0                   0           0
             0                 0          0       0          0             0      20492.220           0    25                       0                 0              0                0                0                    0          0     0          0      0         0                  0                 0                105            0      503       50      0                  0                   0                     0                   0           0
             0                 0          0       0          0             0      20492.220           0    26                       0                 0              0                0                0                    0          0     0          0      0         0                  0                 0                105            0      503       50      0                  0                   0                     0                   0           0
             0                 0          0       0          0             0      20492.220           0    27                       0                 0              0                0                0                    0          0     0          0      0         0                  0                 0                105            0      503       50      0                  0                   0                     0                   0           0
             0                 0          0       0          0             0      20492.220           0    28                       0                 0              0                0                0                    0          0     0          0      0         0                  0                 0                105            0      503       50      0                  0                   0                     0                   0           0
             0                 0          0       0          0             0      20492.220           0    29                       0                 0              0                0                0                    0          0     0          0      0         0                  0                 0                105            0      503       50      0                  0                   0                     0                   0           0
             0                 0          0       0          0             0      20492.220           0    30                       0                 0              0                0                0                    0          0     0          0      0         0                  0                 0                105            0      503       50      0                  0                   0                     0                   0           0
             0                 0          0       0          0             0      20492.220           0    31                       0                 0              0                0                0                    0          0     0          0      0         0                  0                 0                105            0      503       50      0                  0                   0                     0                   0           0
             0                 0          0       0          0             0      20492.220           0    32                       0                 0              0                0                0                    0          0     0          0      0         0                  0                 0                105            0      503       50      0                  0                   0                     0                   0           0
             0                 0          0       0          0             0      20492.220           0    33                       0                 0              0                0                0                    0          0     0          0      0         0                  0                 0                105            0      503       50      0                  0                   0                     0                   0           0
             0                 0          0       0          0             0      20492.220           0    34                       0                 0              0                0                0                    0          0     0          0      0         0                  0                 0                105            0      503       50      0                  0                   0                     0                   0           0
             0                 0          0       0          0             0      20492.220           0    35                       0                 0              0                0                0                    0          0     0          0      0         0                  0                 0                105            0      503       50      0                  0                   0                     0                   0           0
             0                 0          0       0          0             0      20492.220           0    36                       0                 0              0                0                0                    0          0     0          0      0         0                  0                 0                105            0      503       50      0                  0                   0                     0                   0           0
             0                 0          0       0          0             0      20492.220           0    37                       0                 0              0                0                0                    0          0     0          0      0         0                  0                 0                105            0      503       50      0                  0                   0                     0                   0           0
             0                 0          0       0          0             0      20492.220           0    38                       0                 0              0                0                0                    0          0     0          0      0         0                  0                 0                105            0      503       50      0                  0                   0                     0                   0           0
             0                 0          0       0          0             0      20492.220           0    39                       0                 0              0                0                0                    0          0     0          0      0         0                  0                 0                105            0      503       50      0                  0                   0                     0                   0           0
             0                 0          0       0          0             0      20492.220           0    40                       0                 0              0                0                0                    0          0     0          0      0         0                  0                 0                105            0      503       50      0                  0                   0                     0                   0           0
             0                 0          0       0          0             0      20492.220           0    41                       0                 0              0                0                0                    0          0     0          0      0         0                  0                 0                105            0      503       50      0                  0                   0                     0                   0           0
             0                 0          0       0          0             0      20492.220           0    42                       0                 0              0                0                0                    0          0     0          0      0         0                  0                 0                105            0      503       50      0                  0                   0                     0                   0           0
             0                 0          0       0          0             0      20492.220           0    43                       0                 0              0                0                0                    0          0     0          0      0         0                  0                 0                105            0      503       50      0                  0                   0                     0                   0           0
             0                 0          0       0          0             0      20492.220           0    44                       0                 0              0                0                0                    0          0     0          0      0         0                  0                 0                105            0      503       50      0                  0                   0                     0                   0           0
             0                 0          0       0          0             0      20492.220           0    45                       0                 0              0                0                0                    0          0     0          0      0         0                  0                 0                105            0      503       50      0                  0                   0                     0                   0           0
             0                 0          0       0          0             0      20492.220           0    46                       0                 0              0                0                0                    0          0     0          0      0         0                  0                 0                105            0      503       50      0                  0                   0                     0                   0           0
             0                 0          0       0          0             0      20492.220           0    47                       0                 0              0                0                0                    0          0     0          0      0         0                  0                 0                105            0      503       50      0                  0                   0                     0                   0           0
             0                 0          0       0          0             0      20492.220           0    48                       0                 0              0                0                0                    0          0     0          0      0         0                  0                 0                105            0      503       50      0                  0                   0                     0                   0           0
             0                 0          0       0          0             0      20492.220           0    49                       0                 0              0                0                0                    0          0     0          0      0         0                  0                 0                105            0      503       50      0                  0                   0                     0                   0           0
             0                 0          0       0          0             0      20492.220           0    50                       0                 0              0                0                0                    0          0     0          0      0         0                  0                 0                105            0      503       50      0                  0                   0                     0                   0           0
             0                 0          0       0          0             0      20492.220           0    51                       0                 0              0                0                0                    0          0     0          0      0         0                  0                 0                105            0      503       50      0                  0                   0                     0                   0           0
             0                 0          0       0          0             0      20492.220           0    52                       0                 0              0                0                0                    0          0     0          0      0         0                  0                 0                105            0      503       50      0                  0                   0                     0                   0           0
             0                 0          0       0          0             0      20492.220           0    53                       0                 0              0                0                0                    0          0     0          0      0         0                  0                 0                105            0      503       50      0                  0                   0                     0                   0           0
             0                 0          0       0          0             0      20492.220           0    54                       0                 0              0                0                0                    0          0     0          0      0         0                  0                 0                105            0      503       50      0                  0                   0                     0                   0           0
             0                 0          0       0          0             0      20492.220           0    55                       0                 0              0                0                0                    0          0     0          0      0         0                  0                 0                105            0      503       50      0                  0                   0                     0                   0           0
             0                 0          0       0          0             0      20492.220           0    56                       0                 0              0                0                0                    0          0     0          0      0         0                  0                 0                105            0      503       50      0                  0                   0                     0                   0           0
             0                 0          0       0          0             0      20492.220           0    57                       0                 0              0                0                0                    0          0     0          0      0         0                  0                 0                105            0      503       50      0                  0                   0                     0                   0           0
             0                 0          0       0          0             0      20492.220           0    58                       0                 0              0                0                0                    0          0     0          0      0         0                  0                 0                105            0      503       50      0                  0                   0                     0                   0           0
            49                 7         13   1.429     42.857       636.167      24540.620          17    59                       0                 0              0                0                0                    2        186    30        186      0         0                  0                 0                105            0      503       50      0                  9                   0                     0                   0          42
             0                37         22   1.703    115.297      2824.500      38105.600           2    60                       0                 0              0                0                0                    1        149    56        149      0         0                  1                 7                111           32      503       50      0                  1                   0                     0                   0           5
             0                 5          0   2.200    181.000       269.000      41093.020           0    61                       0                 0              0                0                0                    0         56     3         56      0         0                  0                 8                117           48      503       50      0                  0                   0                     0                   0           0
             0                 0          0       0          0             0      41265.220           0    62                       0                 0              0                0                0                    0          0     0          0      0         0                  0                 2                116           40      503       50      0                  0                   0                     0                   0           0
             0                 0          0       0          0             0      41265.220           0    63                       0                 0              0                0                0                    0          0     0          0      0         0                  0                 4                112            1      503       50      0                  0                   0                     0                   0           0
             0                 0          0       0          0             0      41265.220           0    64                       0                 0              0                0                0                    0          0     0          0      0         0                  0                 0                112            0      503       50      0                  0                   0                     0                   0           0
             0                 0          0       0          0             0      41265.220           0    65                       0                 0              0                0                0                    0          0     0          0      0         0                  0                 0                112            0      503       50      0                  0                   0                     0                   0           0
             0                 0          0       0          0             0      41265.220           0    66                       0                 0              0                0                0                    0          0     0          0      0         0                  0                 0                112            0      503       50      0                  0                   0                     0                   0           0
             0                 0          0       0          0             0      41265.220           0    67                       0                 0              0                0                0                    0          0     0          0      0         0                  0                 0                112            0      503       50      0                  0                   0                     0                   0           0
             0                 0          0       0          0             0      41265.220           0    68                       0                 0              0                0                0                    0          0     0          0      0         0                  0                 0                112            0      503       50      0                  0                   0                     0                   0           0
             0                 0          0       0          0             0      41265.220           0    69                       0                 0              0                0                0                    0          0     0          0      0         0                  0                 0                112            0      503       50      0                  0                   0                     0                   0           0
             0                 0          0       0          0             0      41265.220           0    70                       0                 0              0                0                0                    0          0     0          0      0         0                  0                 0                112            0      503       50      0                  0                   0                     0                   0           0
             0                 0          0       0          0             0      41265.220           0    71                       0                 0              0                0                0                    0          0     0          0      0         0                  0                 0                112            0      503       50      0                  0                   0                     0                   0           0
             0                 0          0       0          0             0      41265.220           0    72                       0                 0              0                0                0                    0          0     0          0      0         0                  0                 0                112            0      503       50      0                  0                   0                     0                   0           0
             0                 0          0       0          0             0      41265.220           0    73                       0                 0              0                0                0                    0          0     0          0      0         0                  0                 0                112            0      503       50      0                  0                   0                     0                   0           0
             0                 0          0       0          0             0      41265.220           0    74                       0                 0              0                0                0                    0          0     0          0      0         0                  0                 0                112            0      503       50      0                  0                   0                     0                   0           0
             0                 0          0       0          0             0      41265.220           0    75                       0                 0              0                0                0                    0          0     0          0      0         0                  0                 0                112            0      503       50      0                  0                   0                     0                   0           0
             0                 0          0       0          0             0      41265.220           0    76                       0                 0              0                0                0                    0          0     0          0      0         0                  0                 0                112            0      503       50      0                  0                   0                     0                   0           0
             0                 0          0       0          0             0      41265.220           0    77                       0                 0              0                0                0                    0          0     0          0      0         0                  0                 0                112            0      503       50      0                  0                   0                     0                   0           0
             0                 0          0       0          0             0      41265.220           0    78                       0                 0              0                0                0                    0          0     0          0      0         0                  0                 0                112            0      503       50      0                  0                   0                     0                   0           0
             0                 0          0       0          0             0      41265.220           0    79                       0                 0              0                0                0                    0          0     0          0      0         0                  0                 0                112            0      503       50      0                  0                   0                     0                   0           0
             0                 0          0       0          0             0      41265.220           0    80                       0                 0              0                0                0                    0          0     0          0      0         0                  0                 0                112            0      503       50      0                  0                   0                     0                   0           0
             0                 0          0       0          0             0      41265.220           0    81                       0                 0              0                0                0                    0          0     0          0      0         0                  0                 0                112            0      503       50      0                  0                   0                     0                   0           0
             0                 0          0       0          0             0      41265.220           0    82                       0                 0              0                0                0                    0          0     0          0      0         0                  0                 0                112            0      503       50      0                  0                   0                     0                   0           0
             0                 0          0       0          0             0      41265.220           0    83                       0                 0              0                0                0                    0          0     0          0      0         0                  0                 0                112            0      503       50      0                  0                   0                     0                   0           0
             0                 0          0       0          0             0      41265.220           0    84                       0                 0              0                0                0                    0          0     0          0      0         0                  0                 0                112            0      503       50      0                  0                   0                     0                   0           0
             0                 0          0       0          0             0      41265.220           0    85                       0                 0              0                0                0                    0          0     0          0      0         0                  0                 0                112            0      503       50      0                  0                   0                     0                   0           0
             0                 0          0       0          0             0      41265.220           0    86                       0                 0              0                0                0                    0          0     0          0      0         0                  0                 0                112            0      503       50      0                  0                   0                     0                   0           0
             0                 0          0       0          0             0      41265.220           0    87                       0                 0              0                0                0                    0          0     0          0      0         0                  0                 0                112            0      503       50      0                  0                   0                     0                   0           0
             0                 0          0       0          0             0      41265.220           0    88                       0                 0              0                0                0                    0          0     0          0      0         0                  0                 0                112            0      503       50      0                  0                   0                     0                   0           0
             0                 0          0       0          0             0      41265.220           0    89                       0                 0              0                0                0                    0          0     0          0      0         0                  0                 0                112            0      503       50      0                  0                   0                     0                   0           0
             0                 0          0       0          0             0      41265.220           0    90                       0                 0              0                0                0                    0          0     0          0      0         0                  0                 0                112            0      503       50      0                  0                   0                     0                   0           0
             0                 0          0       0          0             0      41265.220           0    91                       0                 0              0                0                0                    0          0     0          0      0         0                  0                 0                112            0      503       50      0                  0                   0                     0                   0           0
             0                 0          0       0          0             0      41265.220           0    92                       0                 0              0                0                0                    0          0     0          0      0         0                  0                 0                112            0      503       50      0                  0                   0                     0                   0           0
             0                 0          0       0          0             0      41265.220           0    93                       0                 0              0                0                0                    0          0     0          0      0         0                  0                 0                112            0      503       50      0                  0                   0                     0                   0           0
             0                 0          0       0          0             0      41265.220           0    94                       0                 0              0                0                0                    0          0     0          0      0         0                  0                 0                112            0      503       50      0                  0                   0                     0                   0           0
             0                 0          0       0          0             0      41265.220           0    95                       0                 0              0                0                0                    0          0     0          0      0         0                  0                 0                112            0      503       50      0                  0                   0                     0                   0           0
             0                 0          0       0          0             0      41265.220           0    96                       0                 0              0                0                0                    0          0     0          0      0         0                  0                 0                112            0      503       50      0                  0                   0                     0                   0           0
             0                 0          0       0          0             0      41265.220           0    97                       0                 0              0                0                0                    0          0     0          0      0         0                  0                 0                112            0      503       50      0                  0                   0                     0                   0           0
             0                 0          0       0          0             0      41265.220           0    98                       0                 0              0                0                0                    0          0     0          0      0         0                  0                 0                112            0      503       50      0                  0                   0                     0                   0           0
             0                 0          0       0          0             0      41265.220           0    99                       0                 0              0                0                0                    0          0     0          0      0         0                  0                 0                112            0      503       50      0                  0                   0                     0                   0           0
#pos runNum=0 0@(1.00000,1.00000)@0 1@(1.00590,0.97473)@568 2@(1.27635,0.84899)@731 3@(1.05797,1.14002)@568 4@(0.94300,1.09100)@568 5@(1.34072,0.96288)@1299 6@(1.21357,1.09199)@1755 7@(0.92105,1.18988)@853 8@(1.00989,1.07580)@640 9@(0.75878,1.08848)@1208 10@(1.34408,0.93131)@1584 11@(1.11762,1.13150)@568 12@(1.22300,0.86587)@568 13@(0.94909,1.25839)@1136 14@(0.83838,1.08271)@853 15@(1.07047,0.97518)@1024 16@(1.31326,1.09418)@1136 17@(1.11511,0.75487)@1592 18@(0.94178,1.26309)@1136 19@(1.01979,0.95531)@1080 20@(1.17510,0.88381)@640 21@(0.85089,1.26325)@1421 22@(0.85587,1.14353)@1136 23@(0.82751,1.14141)@1208 24@(0.90726,1.06674)@568 25@(0.97657,1.17199)@1136 26@(1.23686,0.81502)@1024 27@(0.91120,1.06468)@1208 28@(1.20873,1.02400)@1208 29@(0.89726,1.11698)@1136 30@(1.37642,0.85543)@1299 31@(1.12112,0.97404)@1136 32@(1.10058,1.20806)@1493 33@(1.10552,1.46275)@1421 34@(1.37923,1.02572)@1280 35@(0.96459,1.39171)@1989 36@(1.20581,0.90075)@1024 37@(0.77462,1.17466)@1208 38@(1.12034,1.21356)@731 39@(1.40824,0.72084)@1584 40@(1.49761,0.84084)@2152 41@(0.99131,1.16416)@1365 42@(1.28888,1.36140)@1208 43@(0.99925,1.14993)@1421 44@(1.12994,0.96752)@1136 45@(0.90783,1.50581)@1664 46@(1.04727,1.12613)@1080 47@(0.92640,0.94090)@1421 48@(1.04982,1.25606)@1299 49@(1.10139,1.21011)@1136
#links runNum=0 8-19@-91dBm@0.725 23-33@-93dBm@0.650 13-41@-97dBm@0.012 6-33@-96dBm@0.167 16-19@-93dBm@0.649 0-38@-92dBm@0.716 30-44@-92dBm@0.682 4-8@-82dBm@0.985 9-47@-94dBm@0.329 2-7@-96dBm@0.174 10-15@-94dBm@0.498 1-10@-96dBm@0.176 3-15@-90dBm@0.862 7-27@-87dBm@0.942 3-7@-84dBm@0.968 11-44@-86dBm@0.953 16-32@-91dBm@0.759 4-43@-95dBm@0.308 8-36@-96dBm@0.076 12-17@-91dBm@0.728 18-43@-85dBm@0.964 5-6@-90dBm@0.850 28-48@-96dBm@0.081 16-17@-92dBm@0.668 17-31@-90dBm@0.865 3-13@-87dBm@0.945 3-49@-81dBm@0.985 6-12@-91dBm@0.765 21-49@-90dBm@0.865 17-27@-96dBm@0.137 3-33@-93dBm@0.629 2-4@-93dBm@0.576 32-43@-83dBm@0.979 3-11@-84dBm@0.972 23-25@-94dBm@0.409 7-18@-90dBm@0.864 38-49@-90dBm@0.864 19-45@-97dBm@0.002 6-37@-95dBm@0.257 0-14@-92dBm@0.681 7-9@-87dBm@0.948 14-15@-92dBm@0.676 4-13@-88dBm@0.920 29-33@-96dBm@0.105 17-39@-89dBm@0.865 48-49@-95dBm@0.209 8-22@-92dBm@0.677 4-22@-89dBm@0.901 2-36@-81dBm@0.985 1-4@-90dBm@0.863 23-24@-86dBm@0.952 8-15@-89dBm@0.891 22-38@-90dBm@0.832 12-26@-91dBm@0.757 3-8@-91dBm@0.741 37-46@-92dBm@0.683 9-22@-89dBm@0.867 11-13@-87dBm@0.941 31-39@-95dBm@0.261 15-44@-90dBm@0.861 1-5@-91dBm@0.723 12-20@-89dBm@0.874 11-24@-95dBm@0.241 18-48@-85dBm@0.965 16-44@-93dBm@0.606 18-29@-92dBm@0.671 7-48@-93dBm@0.637 30-36@-96dBm@0.153 4-44@-97dBm@0.047 38-43@-95dBm@0.319 0-20@-89dBm@0.866 13-18@-67dBm@1.000 35-42@-93dBm@0.631 16-42@-89dBm@0.869 32-49@-77dBm@1.000 37-47@-92dBm@0.666 34-40@-89dBm@0.892 2-27@-95dBm@0.231 10-11@-91dBm@0.755 9-20@-95dBm@0.305 3-17@-97dBm@0.044 16-24@-95dBm@0.262 15-34@-97dBm@0.018 41-44@-95dBm@0.214 13-24@-93dBm@0.645 8-17@-95dBm@0.275 25-31@-94dBm@0.384 26-28@-90dBm@0.863 1-43@-93dBm@0.658 11-43@-86dBm@0.951 6-16@-83dBm@0.974 21-24@-97dBm@0.000 7-8@-93dBm@0.641 7-14@-88dBm@0.923 24-37@-96dBm@0.093 11-46@-95dBm@0.211 41-46@-86dBm@0.950 38-48@-83dBm@0.975 17-25@-95dBm@0.269 11-28@-97dBm@0.002 22-45@-95dBm@0.292 14-27@-95dBm@0.262 19-48@-95dBm@0.208 18-25@-93dBm@0.585 14-48@-96dBm@0.157 20-24@-94dBm@0.370 13-23@-94dBm@0.333 7-13@-97dBm@0.020 1-31@-82dBm@0.980 17-20@-85dBm@0.965 22-23@-73dBm@1.000 4-48@-89dBm@0.876 36-44@-84dBm@0.970 17-19@-89dBm@0.886 11-27@-93dBm@0.658 6-25@-94dBm@0.457 15-43@-87dBm@0.942 25-29@-88dBm@0.937 32-33@-89dBm@0.892 11-42@-90dBm@0.865 44-46@-91dBm@0.735 2-6@-93dBm@0.555 20-44@-92dBm@0.669 1-9@-90dBm@0.862 18-19@-91dBm@0.720 0-27@-97dBm@0.012 3-6@-89dBm@0.885 7-23@-96dBm@0.164 1-19@-70dBm@1.000 15-23@-91dBm@0.727 32-38@-76dBm@1.000 0-12@-88dBm@0.907 13-29@-93dBm@0.600 1-22@-88dBm@0.933 3-46@-67dBm@1.000 25-43@-88dBm@0.935 5-34@-90dBm@0.830 35-46@-90dBm@0.822 4-28@-89dBm@0.867 6-10@-88dBm@0.937 24-32@-95dBm@0.231 15-28@-96dBm@0.127 2-3@-92dBm@0.680 14-47@-92dBm@0.662 21-27@-91dBm@0.736 41-43@-85dBm@0.963 11-17@-96dBm@0.112 7-41@-79dBm@1.000 27-43@-88dBm@0.925 0-36@-93dBm@0.554 28-31@-91dBm@0.722 23-36@-97dBm@0.014 9-12@-97dBm@0.027 5-40@-93dBm@0.640 10-38@-96dBm@0.184 31-49@-94dBm@0.372 22-49@-92dBm@0.661 12-30@-97dBm@0.008 11-30@-96dBm@0.165 1-21@-92dBm@0.690 11-37@-91dBm@0.736 15-40@-96dBm@0.084 16-41@-92dBm@0.694 22-44@-94dBm@0.426 30-43@-95dBm@0.200 43-44@-94dBm@0.368 3-48@-91dBm@0.765 16-40@-93dBm@0.560 12-14@-93dBm@0.535 1-2@-91dBm@0.742 0-4@-85dBm@0.961 10-47@-96dBm@0.178 5-20@-86dBm@0.958 13-49@-90dBm@0.865 6-31@-94dBm@0.412 0-34@-94dBm@0.448 35-45@-87dBm@0.946 27-28@-90dBm@0.848 16-20@-97dBm@0.024 2-20@-91dBm@0.730 28-36@-97dBm@0.074 0-15@-93dBm@0.533 31-36@-89dBm@0.868 9-24@-86dBm@0.957 33-45@-89dBm@0.872 8-49@-93dBm@0.525 27-48@-95dBm@0.307 3-35@-96dBm@0.173 26-30@-91dBm@0.737 11-26@-94dBm@0.325 0-8@-90dBm@0.862 9-14@-85dBm@0.960 19-21@-92dBm@0.679 42-44@-96dBm@0.104 8-27@-83dBm@0.975 14-24@-91dBm@0.733 0-7@-92dBm@0.663 7-38@-90dBm@0.864 1-45@-96dBm@0.118 29-44@-90dBm@0.850 42-43@-93dBm@0.647 18-27@-94dBm@0.477 38-42@-88dBm@0.935 0-2@-91dBm@0.788 6-11@-95dBm@0.274 41-48@-95dBm@0.306 29-43@-94dBm@0.485 20-28@-91dBm@0.743 6-28@-89dBm@0.867 0-24@-83dBm@0.974 24-29@-92dBm@0.682 11-18@-97dBm@0.043 1-17@-93dBm@0.563 43-49@-89dBm@0.896 5-44@-87dBm@0.948 36-47@-97dBm@0.018 31-34@-93dBm@0.612 0-11@-85dBm@0.961 41-49@-87dBm@0.944 3-37@-90dBm@0.829 14-33@-96dBm@0.186 21-46@-94dBm@0.453 30-32@-93dBm@0.614 2-26@-95dBm@0.224 1-7@-92dBm@0.691 4-25@-93dBm@0.632 29-46@-93dBm@0.633 35-38@-95dBm@0.266 14-44@-92dBm@0.682 0-26@-93dBm@0.541 4-18@-88dBm@0.933 15-19@-81dBm@0.985 19-29@-92dBm@0.706 12-47@-91dBm@0.760 2-5@-86dBm@0.958 16-21@-96dBm@0.141 4-9@-90dBm@0.816 14-19@-88dBm@0.908 11-25@-90dBm@0.863 13-43@-86dBm@0.951 10-12@-88dBm@0.933 3-5@-91dBm@0.728 15-18@-93dBm@0.658 15-30@-92dBm@0.673 23-48@-89dBm@0.885 32-48@-95dBm@0.249 2-17@-89dBm@0.865 26-40@-93dBm@0.651 9-23@-95dBm@0.201 7-11@-94dBm@0.377 5-10@-77dBm@1.000 4-27@-89dBm@0.872 36-41@-95dBm@0.297 21-29@-86dBm@0.957 0-3@-87dBm@0.939 10-34@-83dBm@0.979 0-39@-96dBm@0.114 42-47@-96dBm@0.147 3-29@-87dBm@0.941 4-12@-96dBm@0.101 24-27@-60dBm@1.000 14-21@-90dBm@0.836 27-35@-93dBm@0.651 22-47@-97dBm@0.068 6-49@-89dBm@0.901 3-25@-84dBm@0.974 20-35@-95dBm@0.234 6-44@-89dBm@0.867 33-36@-96dBm@0.186 23-28@-95dBm@0.237 18-32@-95dBm@0.201 8-43@-79dBm@0.998 25-33@-90dBm@0.836 16-28@-83dBm@0.976 0-1@-88dBm@0.906 8-23@-87dBm@0.944 3-41@-96dBm@0.146 12-16@-88dBm@0.920 2-30@-81dBm@0.985 7-32@-90dBm@0.862 20-39@-90dBm@0.862 4-29@-94dBm@0.431 38-44@-96dBm@0.154 10-26@-87dBm@0.942 4-47@-90dBm@0.862 24-43@-96dBm@0.093 10-16@-87dBm@0.942 18-36@-95dBm@0.291 20-31@-82dBm@0.985 1-3@-86dBm@0.956 27-29@-89dBm@0.896 2-39@-92dBm@0.697 5-28@-91dBm@0.747 31-44@-89dBm@0.866 46-48@-97dBm@0.050 25-41@-93dBm@0.650 4-45@-96dBm@0.173 2-10@-93dBm@0.652 29-37@-95dBm@0.274 36-38@-95dBm@0.269 34-39@-90dBm@0.827 21-22@-85dBm@0.963 2-32@-95dBm@0.225 32-42@-97dBm@0.057 8-45@-93dBm@0.566 24-35@-91dBm@0.745 38-41@-89dBm@0.898 1-48@-95dBm@0.233 22-37@-84dBm@0.972 12-44@-85dBm@0.960 33-35@-85dBm@0.960 3-43@-90dBm@0.861 3-47@-93dBm@0.643 21-35@-88dBm@0.913
#aveChargePerCycle runNum=0 0@124.07 1@63.44 2@22.14 3@46.40 4@17.09 5@14.58 6@1.30 7@13.58 8@13.12 9@1.30 10@2.59 11@7.57 12@12.59 13@1.30 14@1.94 15@3.89 16@1.30 17@1.30 18@1.30 19@1.30 20@2.59 21@8.07 22@1.30 23@1.30 24@1.30 25@1.30 26@3.24 27@1.30 28@3.24 29@1.94 30@1.30 31@1.30 32@1.30 33@5.83 34@1.94 35@1.30 36@1.30 37@1.94 38@1.30 39@1.94 40@1.30 41@1.30 42@1.30 43@1.30 44@1.94 45@1.94 46@1.30 47@1.94 48@1.94 49@1.30