## dioPeriod = 1.0
## startTime = 1502276499.2
## numMotes = 50
## otfHousekeepingPeriod = 1.0
## slotframeLength = 101
## squareSide = 2.0
## cpuID = 8
## sixtopPdrThreshold = 1.5
## slotDuration = 0.01
## sixtopNoHousekeeping = 0
## pkPeriodVar = 0.05
## numCyclesPerRun = 100
## numRuns = 1
## otfThreshold = 1
## sixtopNoRemoveWorstCell = 0
## burstTimestamp = 20
## simDataDir = simData
## numChans = 16
## minRssi = -97
## noInterference = 0
## algorithm = local_voting
## numPacketsBurst = 5
## gui = False
## pkPeriod = None
## combinationKeys = ['algorithm', 'numMotes', 'otfThreshold']
## sixtopHousekeepingPeriod = 1.0


# appGenerated appReachesDagroot appRelayed aveHops aveLatency aveQueueDelay chargeConsumed collidedTxs cycle droppedAppFailedEnqueue droppedMacRetries droppedNoRoute droppedNoTxCells droppedQueueFull effectiveCollidedTxs numRxCells numTx numTxCells otfAdd otfRemove probableCollisions rplChurnParentSet rplChurnPrefParent rplChurnRank rplRxDIO rplTxDIO runNum scheduleCollisions topRxRelocatedCells topTxRelocatedBundles topTxRelocatedCells txQueueFill
             0                 0          0       0          0             0              0           0     0                       0                 0              0                0                0                    0          0     0          0      0         0                  0                 0                  0            0        0        0      0                  0                   0                     0                   0           0
             0                 0          0       0          0             0              0           0     1                       0                 0              0                0                0                    0          0     0          0      0         0                  0               129                 98            5      559       50      0                  0                   0                     0                   0           0
             0                 0          0       0          0             0              0           0     2                       0                 0              0                0                0                    0          0     0          0      0         0                  0                 0                140            0      559       50      0                  0                   0                     0                   0           0
             0                 0          0       0          0             0              0           0     3                       0                 0              0                0                0                    0          0     0          0      0         0                  0                 0                140            0      559       50      0                  0                   0                     0                   0           0
             0                 0          0       0          0             0              0           0     4                       0                 0              0                0                0                    0          0     0          0      0         0                  0                 0                140            0      559       50      0                  0                   0                     0                   0           0
             0                 0          0       0          0             0              0           0     5                       0                 0              0                0                0                    0          0     0          0      0         0                  0                 0                140            0      559       50      0                  0                   0                     0                   0           0
             0                 0          0       0          0             0              0           0     6                       0                 0              0                0                0                    0          0     0          0      0         0                  0                 0                140            0      559       50      0                  0                   0                     0                   0           0
             0                 0          0       0          0             0              0           0     7                       0                 0              0                0                0                    0          0     0          0      0         0                  0                 0                140            0      559       50      0                  0                   0                     0                   0           0
             0                 0          0       0          0             0              0           0     8                       0                 0              0                0                0                    0          0     0          0      0         0                  0                 0                140            0      559       50      0                  0                   0                     0                   0           0
             0                 0          0       0          0             0              0           0     9                       0                 0              0                0                0                    0          0     0          0      0         0                  0                 0                140            0      559       50      0                  0                   0                     0                   0           0
             0                 0          0       0          0             0              0           0    10                       0                 0              0                0                0                    0          0     0          0      0         0                  0                 0                140            0      559       50      0                  0                   0                     0                   0           0
             0                 0          0       0          0             0              0           0    11                       0                 0              0                0                0                    0          0     0          0      0         0                  0                 0                140            0      559       50      0                  0                   0                     0                   0           0
             0                 0          0       0          0             0              0           0    12                       0                 0              0                0                0                    0          0     0          0      0         0                  0                 0                140            0      559       50      0                  0                   0                     0                   0           0
             0                 0          0       0          0             0              0           0    13                       0                 0              0                0                0                    0          0     0          0      0         0                  0                 0                140            0      559       50      0                  0                   0                     0                   0           0
             0                 0          0       0          0             0              0           0    14                       0                 0              0                0                0                    0          0     0          0      0         0                  0                 0                140            0      559       50      0                  0                   0                     0                   0           0
             0                 0          0       0          0             0              0           0    15                       0                 0              0                0                0                    0          0     0          0      0         0                  0                 0                140            0      559       50      0                  0                   0                     0                   0           0
             0                 0          0       0          0             0              0           0    16                       0                 0              0                0                0                    0          0     0          0      0         0                  0                 0                140            0      559       50      0                  0                   0                     0                   0           0
             0                 0          0       0          0             0              0           0    17                       0                 0              0                0                0                    0          0     0          0      0         0                  0                 0                140            0      559       50      0                  0                   0                     0                   0           0
             0                 0          0       0          0             0              0           0    18                       0                 0              0                0                0                    0          0     0          0      0         0                  0                 0                140            0      559       50      0                  0                   0                     0                   0           0
            49                 2          1   1.000     11.000        40.000        628.600           4    19                       0                 0              0                0                0                    0         58     5         58      0         0                  0                 0                140            0      559       50      0                  2                   0                     0                   0          47
             0                28         31   1.536     83.964      3011.262      12652.760          23    20                       0                 0              0                0                0                    8        249    58        249      0         0                  0                 3                128            9      559       50      0                 12                   0                     0                   0          19
             0                19          2   2.000    147.947       885.083      19332.160           0    21                       0                 0              0                0                0                    0         85    10         85      0         0                  1                15                127           51      559       50      0                  0                   0                     0                   0           0
             0                 0          0       0          0             0      20586.760           0    22                       0                 0              0                0                0                    0          0     0          0      0         0                  0                13                134           48      559       50      0                  0                   0                     0                   0           0
             0                 0          0       0          0             0      20586.760           0    23                       0                 0              0                0                0                    0          0     0          0      0         0                  0                11                140           10      559       50      0                  0                   0                     0                   0           0
             0                 0          0       0          0             0      20586.760           0    24                       0                 0              0                0                0                    0          0     0          0      0         0                  0                 7                140            0      559       50      0                  0                   0                     0                   0           0
             0                 0          0       0          0             0      20586.760           0    25                       0                 0              0                0                0                    0          0     0          0      0         0                  0                 0                140            0      559       50      0                  0                   0                     0                   0           0
             0                 0          0       0          0             0      20586.760           0    26                       0                 0              0                0                0                    0          0     0          0      0         0                  0                 0                140            0      559       50      0                  0                   0                     0                   0           0
             0                 0          0       0          0             0      20586.760           0    27                       0                 0              0                0                0                    0          0     0          0      0         0                  0                 0                140            0      559       50      0                  0                   0                     0                   0           0
             0                 0          0       0          0             0      20586.760           0    28                       0                 0              0                0                0                    0          0     0          0      0         0                  0                 0                140            0      559       50      0                  0                   0                     0                   0           0
             0                 0          0       0          0             0      20586.760           0    29                       0                 0              0                0                0                    0          0     0          0      0         0                  0                 0                140            0      559       50      0                  0                   0                     0                   0           0
             0                 0          0       0          0             0      20586.760           0    30                       0                 0              0                0                0                    0          0     0          0      0         0                  0                 0                140            0      559       50      0                  0                   0                     0                   0           0
             0                 0          0       0          0             0      20586.760           0    31                       0                 0              0                0                0                    0          0     0          0      0         0                  0                 0                140            0      559       50      0                  0                   0                     0                   0           0
             0                 0          0       0          0             0      20586.760           0    32                       0                 0              0                0                0                    0          0     0          0      0         0                  0                 0                140            0      559       50      0                  0                   0                     0                   0           0
             0                 0          0       0          0             0      20586.760           0    33                       0                 0              0                0                0                    0          0     0          0      0         0                  0                 0                140            0      559       50      0                  0                   0                     0                   0           0
             0                 0          0       0          0             0      20586.760           0    34                       0                 0              0                0                0                    0          0     0          0      0         0                  0                 0                140            0      559       50      0                  0                   0                     0                   0           0
             0                 0          0       0          0             0      20586.760           0    35                       0                 0              0                0                0                    0          0     0          0      0         0                  0                 0                140            0      559       50      0                  0                   0                     0                   0           0
             0                 0          0       0          0             0      20586.760           0    36                       0                 0              0                0                0                    0          0     0          0      0         0                  0                 0                140            0      559       50      0                  0                   0                     0                   0           0
             0                 0          0       0          0             0      20586.760           0    37                       0                 0              0                0                0                    0          0     0          0      0         0                  0                 0                140            0      559       50      0                  0                   0                     0                   0           0
             0                 0          0       0          0             0      20586.760           0    38                       0                 0              0                0                0                    0          0     0          0      0         0                  0                 0                140            0      559       50      0                  0                   0                     0                   0           0
             0                 0          0       0          0             0      20586.760           0    39                       0                 0              0                0                0                    0          0     0          0      0         0                  0                 0                140            0      559       50      0                  0                   0                     0                   0           0
             0                 0          0       0          0             0      20586.760           0    40                       0                 0              0                0                0                    0          0     0          0      0         0                  0                 0                140            0      559       50      0                  0                   0                     0                   0           0
             0                 0          0       0          0             0      20586.760           0    41                       0                 0              0                0                0                    0          0     0          0      0         0                  0                 0                140            0      559       50      0                  0                   0                     0                   0           0
             0                 0          0       0          0             0      20586.760           0    42                       0                 0              0                0                0                    0          0     0          0      0         0                  0                 0                140            0      559       50      0                  0                   0                     0                   0           0
             0                 0          0       0          0             0      20586.760           0    43                       0                 0              0                0                0                    0          0     0          0      0         0                  0                 0                140            0      559       50      0                  0                   0                     0                   0           0
             0                 0          0       0          0             0      20586.760           0    44                       0                 0              0                0                0                    0          0     0          0      0         0                  0                 0                140            0      559       50      0                  0                   0                     0                   0           0
             0                 0          0       0          0             0      20586.760           0    45                       0                 0              0                0                0                    0          0     0          0      0         0                  0                 0                140            0      559       50      0                  0                   0                     0                   0           0
             0                 0          0       0          0             0      20586.760           0    46                       0                 0              0                0                0                    0          0     0          0      0         0                  0                 0                140            0      559       50      0                  0                   0                     0                   0           0
             0                 0          0       0          0             0      20586.760           0    47                       0                 0              0                0                0                    0          0     0          0      0         0                  0                 0                140            0      559       50      0                  0                   0                     0                   0           0
             0                 0          0       0          0             0      20586.760           0    48                       0                 0              0                0                0                    0          0     0          0      0         0                  0                 0                140            0      559       50      0                  0                   0                     0                   0           0
             0                 0          0       0          0             0      20586.760           0    49                       0                 0              0                0                0                    0          0     0          0      0         0                  0                 0                140            0      559       50      0                  0                   0                     0                   0           0
             0                 0          0       0          0             0      20586.760           0    50                       0                 0              0                0                0                    0          0     0          0      0         0                  0                 0                140            0      559       50      0                  0                   0                     0                   0           0
             0                 0          0       0          0             0      20586.760           0    51                       0                 0              0                0                0                    0          0     0          0      0         0                  0                 0                140            0      559       50      0                  0                   0                     0                   0           0
             0                 0          0       0          0             0      20586.760           0    52                       0                 0              0                0                0                    0          0     0          0      0         0                  0                 0                140            0      559       50      0                  0                   0                     0                   0           0
             0                 0          0       0          0             0      20586.760           0    53                       0                 0              0                0                0                    0          0     0          0      0         0                  0                 0                140            0      559       50      0                  0                   0                     0                   0           0
             0                 0          0       0          0             0      20586.760           0    54                       0                 0              0                0                0                    0          0     0          0      0         0                  0                 0                140            0      559       50      0                  0                   0                     0                   0           0
             0                 0          0       0          0             0      20586.760           0    55                       0                 0              0                0                0                    0          0     0          0      0         0                  0                 0                140            0      559       50      0                  0                   0                     0                   0           0
             0                 0          0       0          0             0      20586.760           0    56                       0                 0              0                0                0                    0          0     0          0      0         0                  0                 0                140            0      559       50      0                  0                   0                     0                   0           0
             0                 0          0       0          0             0      20586.760           0    57                       0                 0              0                0                0                    0          0     0          0      0         0                  0                 0                140            0      559       50      0                  0                   0                     0                   0           0
             0                 0          0       0          0             0      20586.760           0    58                       0                 0              0                0                0                    0          0     0          0      0         0                  0                 0                140            0      559       50      0                  0                   0                     0                   0           0
            49                10         11   1.300     42.200       604.000      24135.320          10    59                       0                 0              0                0                0                    2        157    23        157      0         0                  0                 0                140            0      559       50      0                  5                   0                     0                   0          39
             0                35         22   1.771    101.171      2676.850      37168.900          15    60                       0                 0              0                0                0                    2        147    37        147      0         0                  0                11                132           37      559       50      0                  8                   0                     0                   0           4
             0                 3          1   1.667    182.000       366.500      40786.180           2    61                       0                 0              0                0                0                    0        152     2        152      0         0                  0                11                128           47      559       50      0                  1                   0                     0                   0           1
             0                 0          0       0          0             0      42089.980           0    62                       0                 0              0                0                0                    0          0     0          0      0         0                  0                 7                143           30      559       50      0                  0                   0                     0                   0           1
             0                 1          0   3.000    367.000       176.000      44593.300           0    63                       0                 0              0                0                0                    0        101     1        101      0         0                  0                10                140            3      559       50      0                  0                   0                     0                   0           0
             0                 0          0       0          0             0      44765.500           0    64                       0                 0              0                0                0                    0          0     0          0      0         0                  0                 6                137           10      559       50      0                  0                   0                     0                   0           0
             0                 0          0       0          0             0      44765.500           0    65                       0                 0              0                0                0                    0          0     0          0      0         0                  0                 1                139           10      559       50      0                  0                   0                     0                   0           0
             0                 0          0       0          0             0      44765.500           0    66                       0                 0              0                0                0                    0          0     0          0      0         0                  0                 7                140            0      559       50      0                  0                   0                     0                   0           0
             0                 0          0       0          0             0      44765.500           0    67                       0                 0              0                0                0                    0          0     0          0      0         0                  0                 0                140            0      559       50      0                  0                   0                     0                   0           0
             0                 0          0       0          0             0      44765.500           0    68                       0                 0              0                0                0                    0          0     0          0      0         0                  0                 0                140            0      559       50      0                  0                   0                     0                   0           0
             0                 0          0       0          0             0      44765.500           0    69                       0                 0              0                0                0                    0          0     0          0      0         0                  0                 0                140            0      559       50      0                  0                   0                     0                   0           0
             0                 0          0       0          0             0      44765.500           0    70                       0                 0              0                0                0                    0          0     0          0      0         0                  0                 0                140            0      559       50      0                  0                   0                     0                   0           0
             0                 0          0       0          0             0      44765.500           0    71                       0                 0              0                0                0                    0          0     0          0      0         0                  0                 0                140            0      559       50      0                  0                   0                     0                   0           0
             0                 0          0       0          0             0      44765.500           0    72                       0                 0              0                0                0                    0          0     0          0      0         0                  0                 0                140            0      559       50      0                  0                   0                     0                   0           0
             0                 0          0       0          0             0      44765.500           0    73                       0                 0              0                0                0                    0          0     0          0      0         0                  0                 0                140            0      559       50      0                  0                   0                     0                   0           0
             0                 0          0       0          0             0      44765.500           0    74                       0                 0              0                0                0                    0          0     0          0      0         0                  0                 0                140            0      559       50      0                  0                   0                     0                   0           0
             0                 0          0       0          0             0      44765.500           0    75                       0                 0              0                0                0                    0          0     0          0      0         0                  0                 0                140            0      559       50      0                  0                   0                     0                   0           0
             0                 0          0       0          0             0      44765.500           0    76                       0                 0              0                0                0                    0          0     0          0      0         0                  0                 0                140            0      559       50      0                  0                   0                     0                   0           0
             0                 0          0       0          0             0      44765.500           0    77                       0                 0              0                0                0                    0          0     0          0      0         0                  0                 0                140            0      559       50      0                  0                   0                     0                   0           0
             0                 0          0       0          0             0      44765.500           0    78                       0                 0              0                0                0                    0          0     0          0      0         0                  0                 0                140            0      559       50      0                  0                   0                     0                   0           0
             0                 0          0       0          0             0      44765.500           0    79                       0                 0              0                0                0                    0          0     0          0      0         0                  0                 0                140            0      559       50      0                  0                   0                     0                   0           0
             0                 0          0       0          0             0      44765.500           0    80                       0                 0              0                0                0                    0          0     0          0      0         0                  0                 0                140            0      559       50      0                  0                   0                     0                   0           0
             0                 0          0       0          0             0      44765.500           0    81                       0                 0              0                0                0                    0          0     0          0      0         0                  0                 0                140            0      559       50      0                  0                   0                     0                   0           0
             0                 0          0       0          0             0      44765.500           0    82                       0                 0              0                0                0                    0          0     0          0      0         0                  0                 0                140            0      559       50      0                  0                   0                     0                   0           0
             0                 0          0       0          0             0      44765.500           0    83                       0                 0              0                0                0                    0          0     0          0      0         0                  0                 0                140            0      559       50      0                  0                   0                     0                   0           0
             0                 0          0       0          0             0      44765.500           0    84                       0                 0              0                0                0                    0          0     0          0      0         0                  0                 0                140            0      559       50      0                  0                   0                     0                   0           0
             0                 0          0       0          0             0      44765.500           0    85                       0                 0              0                0                0                    0          0     0          0      0         0                  0                 0                140            0      559       50      0                  0                   0                     0                   0           0
             0                 0          0       0          0             0      44765.500           0    86                       0                 0              0                0                0                    0          0     0          0      0         0                  0                 0                140            0      559       50      0                  0                   0                     0                   0           0
             0                 0          0       0          0             0      44765.500           0    87                       0                 0              0                0                0                    0          0     0          0      0         0                  0                 0                140            0      559       50      0                  0                   0                     0                   0           0
             0                 0          0       0          0             0      44765.500           0    88                       0                 0              0                0                0                    0          0     0          0      0         0                  0                 0                140            0      559       50      0                  0                   0                     0                   0           0
             0                 0          0       0          0             0      44765.500           0    89                       0                 0              0                0                0                    0          0     0          0      0         0                  0                 0                140            0      559       50      0                  0                   0                     0                   0           0
             0                 0          0       0          0             0      44765.500           0    90                       0                 0              0                0                0                    0          0     0          0      0         0                  0                 0                140            0      559       50      0                  0                   0                     0                   0           0
             0                 0          0       0          0             0      44765.500           0    91                       0                 0              0                0                0                    0          0     0          0      0         0                  0                 0                140            0      559       50      0                  0                   0                     0                   0           0
             0                 0          0       0          0             0      44765.500           0    92                       0                 0              0                0                0                    0          0     0          0      0         0                  0                 0                140            0      559       50      0                  0                   0                     0                   0           0
             0                 0          0       0          0             0      44765.500           0    93                       0                 0              0                0                0                    0          0     0          0      0         0                  0                 0                140            0      559       50      0                  0                   0                     0                   0           0
             0                 0          0       0          0             0      44765.500           0    94                       0                 0              0                0                0                    0          0     0          0      0         0                  0                 0                140            0      559       50      0                  0                   0                     0                   0           0
             0                 0          0       0          0             0      44765.500           0    95                       0                 0              0                0                0                    0          0     0          0      0         0                  0                 0                140            0      559       50      0                  0                   0                     0                   0           0
             0                 0          0       0          0             0      44765.500           0    96                       0                 0              0                0                0                    0          0     0          0      0         0                  0                 0                140            0      559       50      0                  0                   0                     0                   0           0
             0                 0          0       0          0             0      44765.500           0    97                       0                 0              0                0                0                    0          0     0          0      0         0                  0                 0                140            0      559       50      0                  0                   0                     0                   0           0
             0                 0          0       0          0             0      44765.500           0    98                       0                 0              0                0                0                    0          0     0          0      0         0                  0                 0                140            0      559       50      0                  0                   0                     0                   0           0
             0                 0          0       0          0             0      44765.500           0    99                       0                 0              0                0                0                    0          0     0          0      0         0                  0                 0                140            0      559       50      0                  0                   0                     0                   0           0
#pos runNum=0 0@(1.00000,1.00000)@0 1@(0.97452,0.99946)@568 2@(0.96132,1.04363)@568 3@(0.93320,0.98050)@568 4@(1.09230,1.02752)@568 5@(1.20633,1.03240)@568 6@(0.94366,0.84590)@568 7@(0.80733,1.10305)@1299 8@(0.93520,0.98946)@568 9@(1.06842,1.16601)@1299 10@(0.95523,1.04331)@1280 11@(1.06159,0.90682)@640 12@(0.93104,0.98287)@640 13@(0.79662,0.90165)@1208 14@(0.98349,0.99136)@568 15@(1.01018,1.01830)@1136 16@(1.22475,1.02470)@731 17@(1.15707,1.16985)@1136 18@(1.05588,1.01740)@1136 19@(1.29899,1.12666)@731 20@(0.77526,1.04409)@853 21@(1.16788,0.94743)@1421 22@(1.05760,1.16836)@1136 23@(1.03547,1.12190)@1776 24@(1.20755,0.87340)@1136 25@(0.95848,0.85104)@1024 26@(0.90522,0.87019)@1299 27@(1.06648,1.26450)@1280 28@(1.09337,1.13908)@1136 29@(1.06760,1.38964)@1299 30@(0.68557,0.97403)@853 31@(1.08241,1.01282)@1421 32@(0.86312,0.82202)@1706 33@(0.95547,0.91236)@1136 34@(0.91912,1.15664)@1208 35@(1.15306,1.14958)@1136 36@(1.04752,1.05504)@1299 37@(1.39134,1.17348)@1584 38@(1.38333,1.37198)@1421 39@(1.15457,1.15498)@1208 40@(0.93862,0.80995)@1299 41@(1.14265,0.97163)@1136 42@(1.06523,0.94294)@1208 43@(0.92778,0.84753)@1080 44@(1.20295,1.06001)@1136 45@(1.21987,1.04898)@1208 46@(0.73641,1.27996)@1989 47@(1.09134,0.95093)@568 48@(0.76987,0.96906)@1421 49@(0.81193,1.18918)@1867
#links runNum=0 39-43@-95dBm@0.229 1-42@-90dBm@0.861 33-34@-92dBm@0.708 15-31@-92dBm@0.664 29-36@-91dBm@0.771 4-15@-93dBm@0.648 5-15@-89dBm@0.866 4-8@-87dBm@0.940 17-36@-95dBm@0.269 14-27@-89dBm@0.868 28-39@-93dBm@0.576 0-35@-95dBm@0.207 28-29@-93dBm@0.550 22-41@-96dBm@0.159 9-17@-91dBm@0.733 6-40@-75dBm@1.000 18-41@-90dBm@0.862 0-16@-92dBm@0.705 24-42@-90dBm@0.852 25-26@-79dBm@1.000 3-7@-91dBm@0.751 31-42@-94dBm@0.322 24-40@-90dBm@0.809 1-14@-95dBm@0.200 45-47@-89dBm@0.869 34-42@-90dBm@0.864 11-15@-89dBm@0.883 18-42@-89dBm@0.866 10-34@-90dBm@0.813 30-49@-96dBm@0.138 4-36@-91dBm@0.791 14-39@-91dBm@0.739 16-19@-86dBm@0.956 7-26@-89dBm@0.887 19-26@-97dBm@0.002 6-12@-96dBm@0.150 3-24@-94dBm@0.383 26-48@-90dBm@0.857 14-36@-79dBm@0.996 26-41@-91dBm@0.774 4-40@-91dBm@0.767 0-44@-96dBm@0.165 25-36@-89dBm@0.883 3-11@-88dBm@0.928 34-46@-92dBm@0.697 14-20@-96dBm@0.113 0-25@-93dBm@0.540 26-43@-76dBm@1.000 1-8@-87dBm@0.942 4-19@-89dBm@0.869 0-14@-86dBm@0.950 2-14@-77dBm@1.000 7-32@-94dBm@0.500 15-18@-77dBm@1.000 1-16@-97dBm@0.049 25-40@-93dBm@0.593 10-26@-88dBm@0.935 14-16@-92dBm@0.674 9-36@-86dBm@0.957 12-34@-86dBm@0.958 39-49@-93dBm@0.613 10-22@-89dBm@0.866 5-9@-92dBm@0.711 23-47@-91dBm@0.752 2-15@-81dBm@0.988 19-35@-88dBm@0.938 3-26@-95dBm@0.213 8-13@-92dBm@0.715 1-4@-92dBm@0.698 2-7@-91dBm@0.761 27-40@-95dBm@0.221 5-19@-89dBm@0.867 31-39@-96dBm@0.161 19-45@-90dBm@0.865 1-5@-90dBm@0.821 15-36@-93dBm@0.574 10-43@-93dBm@0.636 20-43@-96dBm@0.120 16-44@-79dBm@1.000 37-38@-87dBm@0.945 4-7@-92dBm@0.666 8-40@-85dBm@0.960 2-12@-81dBm@0.985 23-27@-87dBm@0.946 35-36@-93dBm@0.531 21-42@-96dBm@0.181 16-18@-94dBm@0.353 5-8@-97dBm@0.053 15-24@-91dBm@0.736 40-43@-87dBm@0.943 14-18@-81dBm@0.988 3-30@-89dBm@0.866 32-43@-91dBm@0.729 4-46@-95dBm@0.275 0-10@-94dBm@0.442 37-43@-95dBm@0.221 26-40@-88dBm@0.933 11-34@-94dBm@0.418 27-33@-96dBm@0.191 5-41@-92dBm@0.666 14-24@-90dBm@0.823 15-22@-92dBm@0.714 36-40@-92dBm@0.697 6-33@-96dBm@0.157 4-10@-93dBm@0.646 11-44@-92dBm@0.667 11-12@-90dBm@0.839 5-36@-94dBm@0.383 28-36@-85dBm@0.959 1-12@-93dBm@0.570 11-24@-88dBm@0.935 7-25@-95dBm@0.264 9-23@-95dBm@0.304 22-45@-94dBm@0.506 1-28@-85dBm@0.959 39-47@-92dBm@0.670 2-29@-91dBm@0.727 8-12@-59dBm@1.000 2-6@-92dBm@0.677 8-22@-91dBm@0.790 5-21@-84dBm@0.974 25-45@-91dBm@0.733 21-39@-87dBm@0.948 10-14@-79dBm@1.000 21-23@-87dBm@0.938 5-16@-89dBm@0.872 2-4@-83dBm@0.974 4-45@-90dBm@0.824 7-30@-88dBm@0.934 0-30@-92dBm@0.671 6-25@-83dBm@0.974 17-35@-84dBm@0.968 7-49@-86dBm@0.953 21-31@-93dBm@0.625 2-30@-90dBm@0.804 9-28@-73dBm@1.000 0-27@-94dBm@0.469 30-48@-90dBm@0.810 3-6@-84dBm@0.974 0-20@-92dBm@0.680 14-21@-94dBm@0.421 3-31@-93dBm@0.648 15-23@-89dBm@0.884 27-34@-87dBm@0.942 2-48@-93dBm@0.647 1-47@-89dBm@0.866 20-32@-93dBm@0.639 4-35@-84dBm@0.974 8-25@-91dBm@0.790 12-26@-82dBm@0.985 9-10@-91dBm@0.747 36-43@-95dBm@0.265 5-34@-96dBm@0.112 13-45@-94dBm@0.354 3-21@-96dBm@0.137 11-33@-95dBm@0.297 35-39@-57dBm@1.000 2-42@-86dBm@0.954 31-44@-89dBm@0.877 27-42@-90dBm@0.835 2-3@-87dBm@0.948 6-42@-90dBm@0.863 21-27@-92dBm@0.685 3-10@-88dBm@0.935 5-45@-70dBm@1.000 27-43@-96dBm@0.187 7-39@-94dBm@0.391 12-14@-86dBm@0.951 23-36@-77dBm@1.000 17-23@-89dBm@0.889 5-40@-93dBm@0.656 9-22@-71dBm@1.000 23-39@-83dBm@0.979 5-24@-88dBm@0.903 23-33@-94dBm@0.486 1-21@-93dBm@0.603 19-37@-92dBm@0.665 20-47@-95dBm@0.236 2-22@-87dBm@0.939 7-13@-89dBm@0.866 8-33@-83dBm@0.974 43-44@-94dBm@0.466 0-5@-87dBm@0.942 16-40@-93dBm@0.637 7-35@-92dBm@0.716 41-48@-93dBm@0.649 1-2@-77dBm@1.000 11-43@-86dBm@0.958 0-4@-81dBm@0.988 17-38@-91dBm@0.736 10-47@-85dBm@0.959 0-13@-95dBm@0.214 25-33@-78dBm@1.000 8-9@-96dBm@0.167 4-17@-89dBm@0.900 5-27@-92dBm@0.689 27-28@-89dBm@0.869 36-45@-94dBm@0.425 18-43@-93dBm@0.648 0-12@-90dBm@0.864 2-11@-91dBm@0.797 34-49@-89dBm@0.869 15-46@-95dBm@0.197 33-45@-92dBm@0.675 22-44@-87dBm@0.946 13-48@-92dBm@0.704 10-42@-93dBm@0.526 12-47@-87dBm@0.945 4-42@-96dBm@0.173 0-8@-88dBm@0.935 36-44@-90dBm@0.823 15-33@-93dBm@0.644 29-38@-96dBm@0.152 3-14@-78dBm@1.000 10-17@-97dBm@0.043 9-45@-94dBm@0.361 14-42@-93dBm@0.637 8-31@-86dBm@0.958 14-19@-93dBm@0.584 6-43@-64dBm@1.000 20-45@-95dBm@0.319 5-47@-96dBm@0.170 8-15@-89dBm@0.872 0-2@-87dBm@0.949 30-46@-90dBm@0.843 20-34@-94dBm@0.422 1-15@-95dBm@0.236 11-19@-94dBm@0.420 2-8@-85dBm@0.961 19-22@-95dBm@0.241 23-35@-82dBm@0.984 43-48@-94dBm@0.360 22-37@-92dBm@0.675 27-36@-94dBm@0.362 12-41@-87dBm@0.944 5-44@-73dBm@1.000 40-41@-91dBm@0.792 20-48@-89dBm@0.882 0-11@-89dBm@0.881 27-30@-94dBm@0.451 5-42@-93dBm@0.562 4-44@-84dBm@0.974 18-19@-96dBm@0.075 17-43@-97dBm@0.012 2-26@-91dBm@0.719 17-39@-80dBm@0.989 8-10@-85dBm@0.959 12-33@-81dBm@0.985 19-29@-93dBm@0.639 2-10@-86dBm@0.954 8-14@-93dBm@0.586 18-31@-89dBm@0.866 26-33@-86dBm@0.954 3-8@-72dBm@1.000 0-33@-95dBm@0.263 13-47@-90dBm@0.812 3-12@-57dBm@1.000 8-27@-92dBm@0.715 5-31@-87dBm@0.939 23-42@-96dBm@0.160 18-23@-90dBm@0.852 0-19@-91dBm@0.745 16-49@-94dBm@0.375 22-46@-92dBm@0.665 7-40@-97dBm@0.036 7-10@-91dBm@0.797 6-30@-97dBm@0.041 25-48@-94dBm@0.375 25-32@-88dBm@0.937 10-18@-85dBm@0.964 34-43@-92dBm@0.676 5-38@-92dBm@0.692 3-4@-91dBm@0.729 7-42@-95dBm@0.219 4-27@-90dBm@0.863 31-43@-90dBm@0.807 0-3@-85dBm@0.962 5-14@-92dBm@0.683 4-20@-91dBm@0.717 18-28@-90dBm@0.818 14-30@-91dBm@0.734 3-9@-91dBm@0.733 17-18@-91dBm@0.750 7-11@-96dBm@0.153 9-26@-92dBm@0.678 27-35@-91dBm@0.763 5-26@-95dBm@0.236 38-44@-95dBm@0.231 31-33@-86dBm@0.957 5-39@-90dBm@0.863 19-39@-97dBm@0.033 9-33@-96dBm@0.183 21-41@-93dBm@0.522 7-41@-95dBm@0.314 11-47@-90dBm@0.843 9-14@-90dBm@0.808 9-46@-94dBm@0.383 1-18@-82dBm@0.982 18-24@-89dBm@0.881 16-42@-87dBm@0.944 0-1@-80dBm@0.990 29-37@-92dBm@0.667 6-13@-90dBm@0.830 19-41@-92dBm@0.663 8-36@-96dBm@0.129 9-20@-96dBm@0.139 40-48@-95dBm@0.304 0-6@-88dBm@0.933 7-9@-93dBm@0.660 4-29@-94dBm@0.507 14-38@-95dBm@0.241 16-34@-96dBm@0.143 35-45@-87dBm@0.943 4-34@-89dBm@0.865 5-17@-85dBm@0.960 1-3@-90dBm@0.850 0-47@-84dBm@0.968 6-21@-88dBm@0.933 26-36@-93dBm@0.658 4-5@-93dBm@0.562 3-36@-95dBm@0.312 24-45@-91dBm@0.783 0-26@-97dBm@0.071 21-44@-83dBm@0.974 32-33@-85dBm@0.966 47-48@-96dBm@0.182 24-41@-95dBm@0.279 7-46@-96dBm@0.153 21-26@-97dBm@0.036 11-30@-94dBm@0.403 1-20@-91dBm@0.735 23-45@-93dBm@0.637 15-25@-95dBm@0.248 22-23@-96dBm@0.116 1-41@-87dBm@0.943 3-43@-95dBm@0.246 21-28@-95dBm@0.269 11-40@-94dBm@0.441 10-12@-90dBm@0.862 36-47@-89dBm@0.888 10-48@-96dBm@0.102
#aveChargePerCycle runNum=0 0@165.15 1@26.54 2@65.83 3@11.95 4@35.16 5@17.09 6@16.31 7@7.89 8@7.33 9@1.94 10@1.30 11@1.30 12@1.94 13@1.30 14@1.94 15@7.49 16@1.30 17@1.30 18@1.30 19@8.38 20@9.95 21@3.24 22@8.31 23@1.30 24@1.30 25@1.30 26@1.94 27@2.59 28@1.30 29@2.59 30@4.54 31@1.94 32@1.30 33@1.30 34@1.30 35@1.30 36@1.30 37@1.30 38@1.30 39@1.30 40@1.30 41@1.30 42@1.30 43@1.30 44@1.30 45@1.94 46@1.94 47@1.30 48@1.30 49@1.30