## dioPeriod = 1.0
## startTime = 1502276499.16
## numMotes = 50
## otfHousekeepingPeriod = 1.0
## slotframeLength = 101
## squareSide = 2.0
## cpuID = 58
## sixtopPdrThreshold = 1.5
## slotDuration = 0.01
## sixtopNoHousekeeping = 0
## pkPeriodVar = 0.05
## numCyclesPerRun = 100
## numRuns = 1
## otfThreshold = 1
## sixtopNoRemoveWorstCell = 0
## burstTimestamp = 20
## simDataDir = simData
## numChans = 16
## minRssi = -97
## noInterference = 0
## algorithm = local_voting
## numPacketsBurst = 5
## gui = False
## pkPeriod = None
## combinationKeys = ['algorithm', 'numMotes', 'otfThreshold']
## sixtopHousekeepingPeriod = 1.0


# appGenerated appReachesDagroot appRelayed aveHops aveLatency aveQueueDelay chargeConsumed collidedTxs cycle droppedAppFailedEnqueue droppedMacRetries droppedNoRoute droppedNoTxCells droppedQueueFull effectiveCollidedTxs numRxCells numTx numTxCells otfAdd otfRemove probableCollisions rplChurnParentSet rplChurnPrefParent rplChurnRank rplRxDIO rplTxDIO runNum scheduleCollisions topRxRelocatedCells topTxRelocatedBundles topTxRelocatedCells txQueueFill
             0                 0          0       0          0             0              0           0     0                       0                 0              0                0                0                    0          0     0          0      0         0                  0                 0                  0            0        0        0      0                  0                   0                     0                   0           0
             0                 0          0       0          0             0              0           0     1                       0                 0              0                0                0                    0          0     0          0      0         0                  0               145                112            6      556       50      0                  0                   0                     0                   0           0
             0                 0          0       0          0             0              0           0     2                       0                 0              0                0                0                    0          0     0          0      0         0                  0                 0                155            0      556       50      0                  0                   0                     0                   0           0
             0                 0          0       0          0             0              0           0     3                       0                 0              0                0                0                    0          0     0          0      0         0                  0                 0                155            0      556       50      0                  0                   0                     0                   0           0
             0                 0          0       0          0             0              0           0     4                       0                 0              0                0                0                    0          0     0          0      0         0                  0                 0                155            0      556       50      0                  0                   0                     0                   0           0
             0                 0          0       0          0             0              0           0     5                       0                 0              0                0                0                    0          0     0          0      0         0                  0                 0                155            0      556       50      0                  0                   0                     0                   0           0
             0                 0          0       0          0             0              0           0     6                       0                 0              0                0                0                    0          0     0          0      0         0                  0                 0                155            0      556       50      0                  0                   0                     0                   0           0
             0                 0          0       0          0             0              0           0     7                       0                 0              0                0                0                    0          0     0          0      0         0                  0                 0                155            0      556       50      0                  0                   0                     0                   0           0
             0                 0          0       0          0             0              0           0     8                       0                 0              0                0                0                    0          0     0          0      0         0                  0                 0                155            0      556       50      0                  0                   0                     0                   0           0
             0                 0          0       0          0             0              0           0     9                       0                 0              0                0                0                    0          0     0          0      0         0                  0                 0                155            0      556       50      0                  0                   0                     0                   0           0
             0                 0          0       0          0             0              0           0    10                       0                 0              0                0                0                    0          0     0          0      0         0                  0                 0                155            0      556       50      0                  0                   0                     0                   0           0
             0                 0          0       0          0             0              0           0    11                       0                 0              0                0                0                    0          0     0          0      0         0                  0                 0                155            0      556       50      0                  0                   0                     0                   0           0
             0                 0          0       0          0             0              0           0    12                       0                 0              0                0                0                    0          0     0          0      0         0                  0                 0                155            0      556       50      0                  0                   0                     0                   0           0
             0                 0          0       0          0             0              0           0    13                       0                 0              0                0                0                    0          0     0          0      0         0                  0                 0                155            0      556       50      0                  0                   0                     0                   0           0
             0                 0          0       0          0             0              0           0    14                       0                 0              0                0                0                    0          0     0          0      0         0                  0                 0                155            0      556       50      0                  0                   0                     0                   0           0
             0                 0          0       0          0             0              0           0    15                       0                 0              0                0                0                    0          0     0          0      0         0                  0                 0                155            0      556       50      0                  0                   0                     0                   0           0
             0                 0          0       0          0             0              0           0    16                       0                 0              0                0                0                    0          0     0          0      0         0                  0                 0                155            0      556       50      0                  0                   0                     0                   0           0
             0                 0          0       0          0             0              0           0    17                       0                 0              0                0                0                    0          0     0          0      0         0                  0                 0                155            0      556       50      0                  0                   0                     0                   0           0
             0                 0          0       0          0             0              0           0    18                       0                 0              0                0                0                    0          0     0          0      0         0                  0                 0                155            0      556       50      0                  0                   0                     0                   0           0
            49                 2          2   1.000     13.500        48.000        591.480           4    19                       0                 0              0                0                0                    0         57     4         57      0         0                  0                 0                155            0      556       50      0                  2                   0                     0                   0          47
             0                30         31   1.600     84.467      3126.091      12874.480          49    20                       0                 0              0                0                0                   13        285    67        285      0         0                  0                 0                156            6      556       50      0                 25                   1                     0                   0          17
             0                17          3   2.059    160.824       599.444      19758.900           0    21                       0                 0              0                0                0                    0         45     9         45      0         0                  0                 4                156           44      556       50      0                  0                   0                     0                   0           0
             0                 0          0       0          0             0      20398.500           0    22                       0                 0              0                0                0                    0          0     0          0      0         0                  0                 4                157           43      556       50      0                  0                   0                     0                   0           0
             0                 0          0       0          0             0      20398.500           0    23                       0                 0              0                0                0                    0          0     0          0      0         0                  0                 5                155            9      556       50      0                  0                   0                     0                   0           0
             0                 0          0       0          0             0      20398.500           0    24                       0                 0              0                0                0                    0          0     0          0      0         0                  0                 0                155            0      556       50      0                  0                   0                     0                   0           0
             0                 0          0       0          0             0      20398.500           0    25                       0                 0              0                0                0                    0          0     0          0      0         0                  0                 0                155            0      556       50      0                  0                   0                     0                   0           0
             0                 0          0       0          0             0      20398.500           0    26                       0                 0              0                0                0                    0          0     0          0      0         0                  0                 0                155            0      556       50      0                  0                   0                     0                   0           0
             0                 0          0       0          0             0      20398.500           0    27                       0                 0              0                0                0                    0          0     0          0      0         0                  0                 0                155            0      556       50      0                  0                   0                     0                   0           0
             0                 0          0       0          0             0      20398.500           0    28                       0                 0              0                0                0                    0          0     0          0      0         0                  0                 0                155            0      556       50      0                  0                   0                     0                   0           0
             0                 0          0       0          0             0      20398.500           0    29                       0                 0              0                0                0                    0          0     0          0      0         0                  0                 0                155            0      556       50      0                  0                   0                     0                   0           0
             0                 0          0       0          0             0      20398.500           0    30                       0                 0              0                0                0                    0          0     0          0      0         0                  0                 0                155            0      556       50      0                  0                   0                     0                   0           0
             0                 0          0       0          0             0      20398.500           0    31                       0                 0              0                0                0                    0          0     0          0      0         0                  0                 0                155            0      556       50      0                  0                   0                     0                   0           0
             0                 0          0       0          0             0      20398.500           0    32                       0                 0              0                0                0                    0          0     0          0      0         0                  0                 0                155            0      556       50      0                  0                   0                     0                   0           0
             0                 0          0       0          0             0      20398.500           0    33                       0                 0              0                0                0                    0          0     0          0      0         0                  0                 0                155            0      556       50      0                  0                   0                     0                   0           0
             0                 0          0       0          0             0      20398.500           0    34                       0                 0              0                0                0                    0          0     0          0      0         0                  0                 0                155            0      556       50      0                  0                   0                     0                   0           0
             0                 0          0       0          0             0      20398.500           0    35                       0                 0              0                0                0                    0          0     0          0      0         0                  0                 0                155            0      556       50      0                  0                   0                     0                   0           0
             0                 0          0       0          0             0      20398.500           0    36                       0                 0              0                0                0                    0          0     0          0      0         0                  0                 0                155            0      556       50      0                  0                   0                     0                   0           0
             0                 0          0       0          0             0      20398.500           0    37                       0                 0              0                0                0                    0          0     0          0      0         0                  0                 0                155            0      556       50      0                  0                   0                     0                   0           0
             0                 0          0       0          0             0      20398.500           0    38                       0                 0              0                0                0                    0          0     0          0      0         0                  0                 0                155            0      556       50      0                  0                   0                     0                   0           0
             0                 0          0       0          0             0      20398.500           0    39                       0                 0              0                0                0                    0          0     0          0      0         0                  0                 0                155            0      556       50      0                  0                   0                     0                   0           0
             0                 0          0       0          0             0      20398.500           0    40                       0                 0              0                0                0                    0          0     0          0      0         0                  0                 0                155            0      556       50      0                  0                   0                     0                   0           0
             0                 0          0       0          0             0      20398.500           0    41                       0                 0              0                0                0                    0          0     0          0      0         0                  0                 0                155            0      556       50      0                  0                   0                     0                   0           0
             0                 0          0       0          0             0      20398.500           0    42                       0                 0              0                0                0                    0          0     0          0      0         0                  0                 0                155            0      556       50      0                  0                   0                     0                   0           0
             0                 0          0       0          0             0      20398.500           0    43                       0                 0              0                0                0                    0          0     0          0      0         0                  0                 0                155            0      556       50      0                  0                   0                     0                   0           0
             0                 0          0       0          0             0      20398.500           0    44                       0                 0              0                0                0                    0          0     0          0      0         0                  0                 0                155            0      556       50      0                  0                   0                     0                   0           0
             0                 0          0       0          0             0      20398.500           0    45                       0                 0              0                0                0                    0          0     0          0      0         0                  0                 0                155            0      556       50      0                  0                   0                     0                   0           0
             0                 0          0       0          0             0      20398.500           0    46                       0                 0              0                0                0                    0          0     0          0      0         0                  0                 0                155            0      556       50      0                  0                   0                     0                   0           0
             0                 0          0       0          0             0      20398.500           0    47                       0                 0              0                0                0                    0          0     0          0      0         0                  0                 0                155            0      556       50      0                  0                   0                     0                   0           0
             0                 0          0       0          0             0      20398.500           0    48                       0                 0              0                0                0                    0          0     0          0      0         0                  0                 0                155            0      556       50      0                  0                   0                     0                   0           0
             0                 0          0       0          0             0      20398.500           0    49                       0                 0              0                0                0                    0          0     0          0      0         0                  0                 0                155            0      556       50      0                  0                   0                     0                   0           0
             0                 0          0       0          0             0      20398.500           0    50                       0                 0              0                0                0                    0          0     0          0      0         0                  0                 0                155            0      556       50      0                  0                   0                     0                   0           0
             0                 0          0       0          0             0      20398.500           0    51                       0                 0              0                0                0                    0          0     0          0      0         0                  0                 0                155            0      556       50      0                  0                   0                     0                   0           0
             0                 0          0       0          0             0      20398.500           0    52                       0                 0              0                0                0                    0          0     0          0      0         0                  0                 0                155            0      556       50      0                  0                   0                     0                   0           0
             0                 0          0       0          0             0      20398.500           0    53                       0                 0              0                0                0                    0          0     0          0      0         0                  0                 0                155            0      556       50      0                  0                   0                     0                   0           0
             0                 0          0       0          0             0      20398.500           0    54                       0                 0              0                0                0                    0          0     0          0      0         0                  0                 0                155            0      556       50      0                  0                   0                     0                   0           0
             0                 0          0       0          0             0      20398.500           0    55                       0                 0              0                0                0                    0          0     0          0      0         0                  0                 0                155            0      556       50      0                  0                   0                     0                   0           0
             0                 0          0       0          0             0      20398.500           0    56                       0                 0              0                0                0                    0          0     0          0      0         0                  0                 0                155            0      556       50      0                  0                   0                     0                   0           0
             0                 0          0       0          0             0      20398.500           0    57                       0                 0              0                0                0                    0          0     0          0      0         0                  0                 0                155            0      556       50      0                  0                   0                     0                   0           0
             0                 0          0       0          0             0      20398.500           0    58                       0                 0              0                0                0                    0          0     0          0      0         0                  0                 0                155            0      556       50      0                  0                   0                     0                   0           0
            49                10         16   1.200     44.400       905.500      25151.960          16    59                       0                 0              0                0                0                    4        200    33        200      0         0                  2                 0                155            0      556       50      0                  8                   0                     0                   0          39
             0                35         20   1.857    102.086      2490.375      37922.020           6    60                       0                 0              0                0                0                    2        100    31        100      0         0                  0                 3                151           38      556       50      0                  3                   1                     0                   0           4
             0                 4          0   2.000    213.250       526.000      39931.320           0    61                       0                 0              0                0                0                    0        101     4        101      0         0                  0                 4                140           46      556       50      0                  0                   0                     0                   0           0
             0                 0          0       0          0             0      41431.920           0    62                       0                 0              0                0                0                    0          0     0          0      0         0                  0                 7                152           26      556       50      0                  0                   0                     0                   0           0
             0                 0          0       0          0             0      41431.920           0    63                       0                 0              0                0                0                    0          0     0          0      0         0                  0                 4                155           17      556       50      0                  0                   0                     0                   0           0
             0                 0          0       0          0             0      41431.920           0    64                       0                 0              0                0                0                    0          0     0          0      0         0                  0                 4                155            0      556       50      0                  0                   0                     0                   0           0
             0                 0          0       0          0             0      41431.920           0    65                       0                 0              0                0                0                    0          0     0          0      0         0                  0                 0                155            0      556       50      0                  0                   0                     0                   0           0
             0                 0          0       0          0             0      41431.920           0    66                       0                 0              0                0                0                    0          0     0          0      0         0                  0                 0                155            0      556       50      0                  0                   0                     0                   0           0
             0                 0          0       0          0             0      41431.920           0    67                       0                 0              0                0                0                    0          0     0          0      0         0                  0                 0                155            0      556       50      0                  0                   0                     0                   0           0
             0                 0          0       0          0             0      41431.920           0    68                       0                 0              0                0                0                    0          0     0          0      0         0                  0                 0                155            0      556       50      0                  0                   0                     0                   0           0
             0                 0          0       0          0             0      41431.920           0    69                       0                 0              0                0                0                    0          0     0          0      0         0                  0                 0                155            0      556       50      0                  0                   0                     0                   0           0
             0                 0          0       0          0             0      41431.920           0    70                       0                 0              0                0                0                    0          0     0          0      0         0                  0                 0                155            0      556       50      0                  0                   0                     0                   0           0
             0                 0          0       0          0             0      41431.920           0    71                       0                 0              0                0                0                    0          0     0          0      0         0                  0                 0                155            0      556       50      0                  0                   0                     0                   0           0
             0                 0          0       0          0             0      41431.920           0    72                       0                 0              0                0                0                    0          0     0          0      0         0                  0                 0                155            0      556       50      0                  0                   0                     0                   0           0
             0                 0          0       0          0             0      41431.920           0    73                       0                 0              0                0                0                    0          0     0          0      0         0                  0                 0                155            0      556       50      0                  0                   0                     0                   0           0
             0                 0          0       0          0             0      41431.920           0    74                       0                 0              0                0                0                    0          0     0          0      0         0                  0                 0                155            0      556       50      0                  0                   0                     0                   0           0
             0                 0          0       0          0             0      41431.920           0    75                       0                 0              0                0                0                    0          0     0          0      0         0                  0                 0                155            0      556       50      0                  0                   0                     0                   0           0
             0                 0          0       0          0             0      41431.920           0    76                       0                 0              0                0                0                    0          0     0          0      0         0                  0                 0                155            0      556       50      0                  0                   0                     0                   0           0
             0                 0          0       0          0             0      41431.920           0    77                       0                 0              0                0                0                    0          0     0          0      0         0                  0                 0                155            0      556       50      0                  0                   0                     0                   0           0
             0                 0          0       0          0             0      41431.920           0    78                       0                 0              0                0                0                    0          0     0          0      0         0                  0                 0                155            0      556       50      0                  0                   0                     0                   0           0
             0                 0          0       0          0             0      41431.920           0    79                       0                 0              0                0                0                    0          0     0          0      0         0                  0                 0                155            0      556       50      0                  0                   0                     0                   0           0
             0                 0          0       0          0             0      41431.920           0    80                       0                 0              0                0                0                    0          0     0          0      0         0                  0                 0                155            0      556       50      0                  0                   0                     0                   0           0
             0                 0          0       0          0             0      41431.920           0    81                       0                 0              0                0                0                    0          0     0          0      0         0                  0                 0                155            0      556       50      0                  0                   0                     0                   0           0
             0                 0          0       0          0             0      41431.920           0    82                       0                 0              0                0                0                    0          0     0          0      0         0                  0                 0                155            0      556       50      0                  0                   0                     0                   0           0
             0                 0          0       0          0             0      41431.920           0    83                       0                 0              0                0                0                    0          0     0          0      0         0                  0                 0                155            0      556       50      0                  0                   0                     0                   0           0
             0                 0          0       0          0             0      41431.920           0    84                       0                 0              0                0                0                    0          0     0          0      0         0                  0                 0                155            0      556       50      0                  0                   0                     0                   0           0
             0                 0          0       0          0             0      41431.920           0    85                       0                 0              0                0                0                    0          0     0          0      0         0                  0                 0                155            0      556       50      0                  0                   0                     0                   0           0
             0                 0          0       0          0             0      41431.920           0    86                       0                 0              0                0                0                    0          0     0          0      0         0                  0                 0                155            0      556       50      0                  0                   0                     0                   0           0
             0                 0          0       0          0             0      41431.920           0    87                       0                 0              0                0                0                    0          0     0          0      0         0                  0                 0                155            0      556       50      0                  0                   0                     0                   0           0
             0                 0          0       0          0             0      41431.920           0    88                       0                 0              0                0                0                    0          0     0          0      0         0                  0                 0                155            0      556       50      0                  0                   0                     0                   0           0
             0                 0          0       0          0             0      41431.920           0    89                       0                 0              0                0                0                    0          0     0          0      0         0                  0                 0                155            0      556       50      0                  0                   0                     0                   0           0
             0                 0          0       0          0             0      41431.920           0    90                       0                 0              0                0                0                    0          0     0          0      0         0                  0                 0                155            0      556       50      0                  0                   0                     0                   0           0
             0                 0          0       0          0             0      41431.920           0    91                       0                 0              0                0                0                    0          0     0          0      0         0                  0                 0                155            0      556       50      0                  0                   0                     0                   0           0
             0                 0          0       0          0             0      41431.920           0    92                       0                 0              0                0                0                    0          0     0          0      0         0                  0                 0                155            0      556       50      0                  0                   0                     0                   0           0
             0                 0          0       0          0             0      41431.920           0    93                       0                 0              0                0                0                    0          0     0          0      0         0                  0                 0                155            0      556       50      0                  0                   0                     0                   0           0
             0                 0          0       0          0             0      41431.920           0    94                       0                 0              0                0                0                    0          0     0          0      0         0                  0                 0                155            0      556       50      0                  0                   0                     0                   0           0
             0                 0          0       0          0             0      41431.920           0    95                       0                 0              0                0                0                    0          0     0          0      0         0                  0                 0                155            0      556       50      0                  0                   0                     0                   0           0
             0                 0          0       0          0             0      41431.920           0    96                       0                 0              0                0                0                    0          0     0          0      0         0                  0                 0                155            0      556       50      0                  0                   0                     0                   0           0
             0                 0          0       0          0             0      41431.920           0    97                       0                 0              0                0                0                    0          0     0          0      0         0                  0                 0                155            0      556       50      0                  0                   0                     0                   0           0
             0                 0          0       0          0             0      41431.920           0    98                       0                 0              0                0                0                    0          0     0          0      0         0                  0                 0                155            0      556       50      0                  0                   0                     0                   0           0
             0                 0          0       0          0             0      41431.920           0    99                       0                 0              0                0                0                    0          0     0          0      0         0                  0                 0                155            0      556       50      0                  0                   0                     0                   0           0
#pos runNum=0 0@(1.00000,1.00000)@0 1@(1.03360,0.91229)@568 2@(0.95319,0.91957)@1280 3@(0.99135,0.93625)@568 4@(1.09044,0.84302)@1208 5@(1.04333,1.10908)@568 6@(1.08869,1.17105)@1299 7@(0.95962,0.98741)@512 8@(0.99367,1.14914)@1208 9@(1.10744,0.94815)@1299 10@(1.21281,1.08618)@640 11@(0.93381,0.98088)@640 12@(0.86946,0.96618)@1024 13@(0.96248,1.02274)@731 14@(0.92728,0.99943)@853 15@(1.07544,0.77165)@1136 16@(0.70084,1.14011)@1592 17@(1.06484,0.90050)@568 18@(1.16797,0.74172)@1776 19@(0.89558,0.86995)@568 20@(0.93209,1.07926)@1706 21@(0.94419,0.88223)@1792 22@(1.15057,0.92074)@1421 23@(0.89790,1.14379)@1136 24@(1.07227,0.97931)@1136 25@(1.06306,0.67937)@2011 26@(1.03936,1.31153)@1584 27@(1.06148,0.75639)@1664 28@(1.01657,1.19325)@1136 29@(1.02030,0.83233)@640 30@(1.17441,0.77236)@1776 31@(1.09939,1.03758)@1208 32@(0.85366,1.08795)@1939 33@(1.03776,0.79164)@1208 34@(0.77634,1.12244)@1208 35@(0.83701,0.73608)@1152 36@(0.83566,1.07281)@1704 37@(1.14933,0.73692)@1208 38@(1.03366,1.16849)@568 39@(0.88433,1.10040)@1421 40@(0.87345,1.18287)@1421 41@(0.95297,1.06576)@1299 42@(1.23483,1.28217)@1848 43@(1.01334,0.88103)@853 44@(1.07689,1.26801)@2323 45@(1.12812,1.16388)@1136 46@(0.74095,1.26600)@2133 47@(0.94828,1.04559)@512 48@(1.31158,1.13131)@1706 49@(1.25618,0.78171)@1208
#links runNum=0 0-17@-87dBm@0.946 39-47@-84dBm@0.972 33-35@-88dBm@0.937 10-35@-97dBm@0.013 43-49@-96dBm@0.163 3-22@-93dBm@0.630 42-46@-97dBm@0.020 3-33@-93dBm@0.569 12-18@-96dBm@0.130 23-26@-89dBm@0.868 20-39@-77dBm@1.000 1-24@-84dBm@0.974 17-43@-82dBm@0.982 2-33@-84dBm@0.971 7-19@-95dBm@0.206 5-33@-95dBm@0.278 11-20@-96dBm@0.128 1-43@-88dBm@0.906 3-7@-82dBm@0.985 2-49@-96dBm@0.176 7-45@-91dBm@0.762 11-14@-72dBm@1.000 5-6@-80dBm@0.988 12-40@-93dBm@0.605 7-41@-81dBm@0.985 29-32@-94dBm@0.500 20-29@-89dBm@0.870 24-31@-78dBm@1.000 13-29@-88dBm@0.933 9-42@-97dBm@0.060 6-9@-89dBm@0.866 8-44@-84dBm@0.974 1-15@-85dBm@0.959 12-49@-94dBm@0.378 28-41@-93dBm@0.660 13-26@-93dBm@0.641 18-49@-96dBm@0.190 2-29@-87dBm@0.946 5-39@-92dBm@0.697 11-12@-77dBm@1.000 21-29@-97dBm@0.042 3-4@-85dBm@0.960 29-36@-90dBm@0.830 18-34@-97dBm@0.067 30-37@-81dBm@0.985 3-25@-91dBm@0.747 15-27@-69dBm@1.000 7-9@-89dBm@0.884 16-21@-95dBm@0.234 0-43@-93dBm@0.650 12-16@-91dBm@0.736 17-39@-94dBm@0.325 40-45@-91dBm@0.722 8-22@-96dBm@0.157 0-24@-95dBm@0.212 14-49@-95dBm@0.320 29-37@-90dBm@0.811 31-42@-93dBm@0.629 3-8@-91dBm@0.791 32-46@-92dBm@0.685 10-33@-93dBm@0.525 30-31@-97dBm@0.036 2-15@-91dBm@0.779 7-40@-95dBm@0.304 10-42@-89dBm@0.885 4-44@-96dBm@0.159 14-19@-93dBm@0.597 23-37@-96dBm@0.191 22-27@-89dBm@0.886 28-48@-90dBm@0.851 12-33@-89dBm@0.869 3-16@-93dBm@0.593 39-40@-85dBm@0.962 24-30@-97dBm@0.066 13-31@-93dBm@0.531 24-26@-92dBm@0.688 12-20@-87dBm@0.946 34-46@-87dBm@0.942 4-18@-84dBm@0.974 22-35@-94dBm@0.406 1-10@-89dBm@0.893 14-25@-95dBm@0.281 13-47@-81dBm@0.985 0-5@-82dBm@0.985 5-24@-84dBm@0.974 17-45@-90dBm@0.806 11-23@-97dBm@0.036 12-15@-90dBm@0.862 28-44@-95dBm@0.197 5-31@-89dBm@0.866 22-43@-84dBm@0.974 5-11@-93dBm@0.537 0-10@-90dBm@0.820 0-19@-88dBm@0.910 18-33@-90dBm@0.806 7-46@-95dBm@0.273 2-17@-92dBm@0.697 6-32@-89dBm@0.866 19-47@-92dBm@0.701 4-30@-83dBm@0.974 20-23@-84dBm@0.974 24-49@-89dBm@0.871 13-22@-95dBm@0.300 18-35@-96dBm@0.150 1-4@-90dBm@0.863 27-33@-75dBm@1.000 6-13@-88dBm@0.934 16-46@-85dBm@0.960 0-47@-77dBm@1.000 1-36@-94dBm@0.350 27-43@-96dBm@0.110 4-20@-94dBm@0.486 31-39@-92dBm@0.676 9-22@-90dBm@0.818 30-43@-87dBm@0.944 7-29@-92dBm@0.666 1-11@-96dBm@0.153 31-38@-83dBm@0.974 37-49@-90dBm@0.859 14-20@-82dBm@0.982 28-40@-88dBm@0.934 6-14@-88dBm@0.929 6-44@-93dBm@0.549 38-48@-91dBm@0.800 17-22@-83dBm@0.974 20-41@-82dBm@0.985 17-19@-93dBm@0.657 8-43@-97dBm@0.005 28-42@-96dBm@0.190 13-17@-88dBm@0.932 30-47@-93dBm@0.647 4-43@-82dBm@0.985 33-43@-81dBm@0.985 3-41@-91dBm@0.761 10-17@-90dBm@0.833 1-9@-91dBm@0.727 15-42@-97dBm@0.062 4-29@-94dBm@0.478 47-49@-95dBm@0.198 5-40@-92dBm@0.690 3-6@-92dBm@0.677 5-45@-87dBm@0.946 2-46@-93dBm@0.650 35-43@-90dBm@0.841 31-37@-96dBm@0.077 0-12@-93dBm@0.586 8-9@-92dBm@0.663 12-32@-85dBm@0.960 5-28@-86dBm@0.957 19-23@-93dBm@0.645 6-43@-94dBm@0.383 5-35@-96dBm@0.091 18-30@-83dBm@0.979 9-45@-95dBm@0.249 6-10@-85dBm@0.961 41-46@-92dBm@0.712 15-28@-96dBm@0.182 3-32@-96dBm@0.184 29-43@-93dBm@0.568 2-21@-76dBm@1.000 10-14@-92dBm@0.682 4-34@-94dBm@0.476 23-36@-82dBm@0.980 17-23@-90dBm@0.804 42-44@-90dBm@0.814 1-42@-94dBm@0.450 41-45@-94dBm@0.419 44-45@-92dBm@0.672 13-41@-84dBm@0.974 34-40@-90dBm@0.823 12-23@-92dBm@0.662 21-43@-79dBm@0.999 0-38@-85dBm@0.959 14-47@-78dBm@1.000 26-42@-87dBm@0.943 31-46@-94dBm@0.484 15-18@-93dBm@0.606 24-32@-89dBm@0.866 21-24@-97dBm@0.037 31-47@-95dBm@0.233 7-14@-76dBm@1.000 5-8@-91dBm@0.730 6-24@-92dBm@0.689 1-2@-91dBm@0.742 9-21@-87dBm@0.948 16-17@-95dBm@0.208 18-25@-83dBm@0.974 19-35@-90dBm@0.863 17-24@-91dBm@0.719 0-13@-91dBm@0.764 15-24@-95dBm@0.213 20-47@-83dBm@0.974 2-23@-92dBm@0.695 4-17@-76dBm@1.000 8-32@-88dBm@0.934 13-32@-86dBm@0.950 6-36@-93dBm@0.642 13-14@-78dBm@1.000 2-11@-95dBm@0.249 20-44@-89dBm@0.889 11-37@-94dBm@0.350 28-38@-86dBm@0.951 3-17@-81dBm@0.985 9-38@-90dBm@0.817 6-28@-88dBm@0.908 17-49@-90dBm@0.860 34-47@-87dBm@0.944 20-31@-95dBm@0.194 8-47@-89dBm@0.893 7-18@-91dBm@0.720 12-27@-89dBm@0.866 0-7@-77dBm@1.000 6-21@-95dBm@0.265 5-20@-91dBm@0.789 1-13@-87dBm@0.946 13-20@-92dBm@0.691 12-21@-85dBm@0.966 2-38@-90dBm@0.831 0-2@-94dBm@0.499 38-43@-92dBm@0.700 2-25@-91dBm@0.738 16-20@-97dBm@0.040 2-4@-87dBm@0.939 31-45@-85dBm@0.965 4-22@-82dBm@0.984 9-24@-93dBm@0.560 7-47@-76dBm@1.000 4-5@-89dBm@0.884 13-19@-93dBm@0.653 21-47@-94dBm@0.360 0-11@-89dBm@0.889 29-33@-85dBm@0.959 7-24@-97dBm@0.040 5-19@-92dBm@0.710 27-28@-95dBm@0.215 5-7@-90dBm@0.823 13-46@-96dBm@0.184 5-30@-92dBm@0.681 27-30@-96dBm@0.156 19-25@-92dBm@0.714 11-16@-91dBm@0.756 9-31@-87dBm@0.945 12-29@-96dBm@0.104 0-20@-94dBm@0.376 24-33@-87dBm@0.946 1-20@-88dBm@0.935 24-29@-86dBm@0.951 23-28@-86dBm@0.953 13-23@-96dBm@0.146 12-47@-87dBm@0.949 2-5@-87dBm@0.949 8-36@-97dBm@0.017 4-9@-86dBm@0.950 14-22@-92dBm@0.687 35-46@-96dBm@0.190 4-24@-86dBm@0.952 7-35@-90dBm@0.842 11-36@-97dBm@0.019 0-48@-95dBm@0.320 9-11@-90dBm@0.861 8-17@-94dBm@0.444 9-41@-96dBm@0.094 29-39@-91dBm@0.737 21-27@-90dBm@0.865 8-38@-91dBm@0.795 10-20@-90dBm@0.830 18-36@-97dBm@0.001 7-43@-83dBm@0.974 19-37@-89dBm@0.867 18-41@-93dBm@0.650 2-35@-91dBm@0.790 0-29@-89dBm@0.889 32-39@-72dBm@1.000 15-30@-85dBm@0.960 0-3@-85dBm@0.966 9-37@-91dBm@0.758 2-3@-77dBm@1.000 11-21@-82dBm@0.981 26-47@-95dBm@0.194 4-12@-89dBm@0.869 25-43@-96dBm@0.092 14-31@-92dBm@0.663 4-33@-93dBm@0.610 23-45@-93dBm@0.558 6-29@-95dBm@0.201 1-6@-91dBm@0.782 0-14@-92dBm@0.690 40-41@-88dBm@0.937 3-19@-82dBm@0.984 24-34@-94dBm@0.424 9-17@-79dBm@1.000 28-34@-93dBm@0.646 33-46@-95dBm@0.220 0-1@-84dBm@0.968 22-49@-93dBm@0.660 6-45@-92dBm@0.690 5-23@-84dBm@0.974 7-38@-93dBm@0.578 14-39@-93dBm@0.647 1-8@-89dBm@0.867 14-23@-96dBm@0.169 26-28@-87dBm@0.940 5-34@-90dBm@0.861 14-29@-96dBm@0.188 31-48@-92dBm@0.711 17-41@-91dBm@0.776 16-34@-88dBm@0.921 3-43@-77dBm@1.000 11-25@-95dBm@0.262 1-19@-88dBm@0.936 1-3@-86dBm@0.955 1-22@-93dBm@0.616 19-21@-78dBm@1.000 2-31@-95dBm@0.233 31-33@-97dBm@0.014 8-41@-89dBm@0.866 1-33@-89dBm@0.869 21-26@-95dBm@0.220 8-39@-94dBm@0.427 32-34@-83dBm@0.974 19-24@-91dBm@0.746 11-40@-88dBm@0.927 9-30@-94dBm@0.404 41-47@-71dBm@1.000 20-42@-96dBm@0.184 21-32@-87dBm@0.941 6-38@-84dBm@0.974 5-29@-89dBm@0.868 11-39@-83dBm@0.974 32-35@-97dBm@0.001 12-19@-83dBm@0.977 19-33@-86dBm@0.951
#aveChargePerCycle runNum=0 0@142.52 1@60.93 2@19.77 3@11.89 4@11.80 5@44.39 6@13.09 7@6.84 8@1.30 9@2.59 10@1.30 11@1.30 12@10.84 13@8.07 14@1.94 15@1.30 16@2.59 17@6.84 18@1.30 19@6.59 20@3.89 21@1.30 22@1.30 23@7.24 24@1.30 25@1.30 26@1.30 27@1.30 28@1.30 29@1.30 30@1.94 31@1.30 32@1.94 33@1.30 34@1.30 35@1.30 36@1.30 37@1.30 38@1.30 39@1.30 40@1.94 41@1.94 42@2.59 43@1.94 44@3.24 45@1.94 46@1.94 47@1.30 48@3.24 49@1.30