## dioPeriod = 1.0
## startTime = 1502276498.81
## numMotes = 50
## otfHousekeepingPeriod = 1.0
## slotframeLength = 101
## squareSide = 2.0
## cpuID = 64
## sixtopPdrThreshold = 1.5
## slotDuration = 0.01
## sixtopNoHousekeeping = 0
## pkPeriodVar = 0.05
## numCyclesPerRun = 100
## numRuns = 1
## otfThreshold = 1
## sixtopNoRemoveWorstCell = 0
## burstTimestamp = 20
## simDataDir = simData
## numChans = 16
## minRssi = -97
## noInterference = 0
## algorithm = local_voting
## numPacketsBurst = 5
## gui = False
## pkPeriod = None
## combinationKeys = ['algorithm', 'numMotes', 'otfThreshold']
## sixtopHousekeepingPeriod = 1.0


# appGenerated appReachesDagroot appRelayed aveHops aveLatency aveQueueDelay chargeConsumed collidedTxs cycle droppedAppFailedEnqueue droppedMacRetries droppedNoRoute droppedNoTxCells droppedQueueFull effectiveCollidedTxs numRxCells numTx numTxCells otfAdd otfRemove probableCollisions rplChurnParentSet rplChurnPrefParent rplChurnRank rplRxDIO rplTxDIO runNum scheduleCollisions topRxRelocatedCells topTxRelocatedBundles topTxRelocatedCells txQueueFill
             0                 0          0       0          0             0              0           0     0                       0                 0              0                0                0                    0          0     0          0      0         0                  0                 0                  0            0        0        0      0                  0                   0                     0                   0           0
             0                 0          0       0          0             0              0           0     1                       0                 0              0                0                0                    0          0     0          0      0         0                  0               149                129            9      545       50      0                  0                   0                     0                   0           0
             0                 0          0       0          0             0              0           0     2                       0                 0              0                0                0                    0          0     0          0      0         0                  0                 0                179            0      545       50      0                  0                   0                     0                   0           0
             0                 0          0       0          0             0              0           0     3                       0                 0              0                0                0                    0          0     0          0      0         0                  0                 0                179            0      545       50      0                  0                   0                     0                   0           0
             0                 0          0       0          0             0              0           0     4                       0                 0              0                0                0                    0          0     0          0      0         0                  0                 0                179            0      545       50      0                  0                   0                     0                   0           0
             0                 0          0       0          0             0              0           0     5                       0                 0              0                0                0                    0          0     0          0      0         0                  0                 0                179            0      545       50      0                  0                   0                     0                   0           0
             0                 0          0       0          0             0              0           0     6                       0                 0              0                0                0                    0          0     0          0      0         0                  0                 0                179            0      545       50      0                  0                   0                     0                   0           0
             0                 0          0       0          0             0              0           0     7                       0                 0              0                0                0                    0          0     0          0      0         0                  0                 0                179            0      545       50      0                  0                   0                     0                   0           0
             0                 0          0       0          0             0              0           0     8                       0                 0              0                0                0                    0          0     0          0      0         0                  0                 0                179            0      545       50      0                  0                   0                     0                   0           0
             0                 0          0       0          0             0              0           0     9                       0                 0              0                0                0                    0          0     0          0      0         0                  0                 0                179            0      545       50      0                  0                   0                     0                   0           0
             0                 0          0       0          0             0              0           0    10                       0                 0              0                0                0                    0          0     0          0      0         0                  0                 0                179            0      545       50      0                  0                   0                     0                   0           0
             0                 0          0       0          0             0              0           0    11                       0                 0              0                0                0                    0          0     0          0      0         0                  0                 0                179            0      545       50      0                  0                   0                     0                   0           0
             0                 0          0       0          0             0              0           0    12                       0                 0              0                0                0                    0          0     0          0      0         0                  0                 0                179            0      545       50      0                  0                   0                     0                   0           0
             0                 0          0       0          0             0              0           0    13                       0                 0              0                0                0                    0          0     0          0      0         0                  0                 0                179            0      545       50      0                  0                   0                     0                   0           0
             0                 0          0       0          0             0              0           0    14                       0                 0              0                0                0                    0          0     0          0      0         0                  0                 0                179            0      545       50      0                  0                   0                     0                   0           0
             0                 0          0       0          0             0              0           0    15                       0                 0              0                0                0                    0          0     0          0      0         0                  0                 0                179            0      545       50      0                  0                   0                     0                   0           0
             0                 0          0       0          0             0              0           0    16                       0                 0              0                0                0                    0          0     0          0      0         0                  0                 0                179            0      545       50      0                  0                   0                     0                   0           0
             0                 0          0       0          0             0              0           0    17                       0                 0              0                0                0                    0          0     0          0      0         0                  0                 0                179            0      545       50      0                  0                   0                     0                   0           0
             0                 0          0       0          0             0              0           0    18                       0                 0              0                0                0                    0          0     0          0      0         0                  0                 0                179            0      545       50      0                  0                   0                     0                   0           0
            49                 2          4   1.000     11.000        78.000       1118.580           4    19                       0                 0              0                0                0                    2         72     9         72      0         0                  0                 0                179            0      545       50      0                  2                   0                     0                   0          47
             0                22         30   1.636     87.455      3027.125      12709.480          50    20                       0                 0              0                0                0                   10        310    70        310      0         0                  0                 6                143           16      545       50      0                 25                   0                     0                   0          25
             0                22         11   2.136    150.773      1346.125      23848.640           8    21                       0                 0              0                0                0                    0        146    34        146      0         0                  1                11                137           54      545       50      0                  4                   1                     0                   0           3
             0                 3          0   3.000    286.000        86.333      27201.200           0    22                       0                 0              0                0                0                    0         68    14         68      0         0                  0                 5                153           51      545       50      0                  0                   0                     0                   0           0
             0                 0          0       0          0             0      28505.000           0    23                       0                 0              0                0                0                    0         34    11         34      0         0                  0                 5                142           27      545       50      0                  0                   0                     0                   0           0
             0                 0          0       0          0             0      29341.400           0    24                       0                 0              0                0                0                    0         34    11         34      0         0                  0                 1                148           18      545       50      0                  0                   0                     0                   0           0
             0                 0          0       0          0             0      30177.800           0    25                       0                 0              0                0                0                    0         34    11         34      0         0                  0                 0                148            0      545       50      0                  0                   0                     0                   0           0
             0                 0          0       0          0             0      31014.200           0    26                       0                 0              0                0                0                    0         34    11         34      0         0                  0                 0                148            0      545       50      0                  0                   0                     0                   0           0
             0                 0          0       0          0             0      31850.600           0    27                       0                 0              0                0                0                    0         34    11         34      0         0                  0                 0                148            0      545       50      0                  0                   0                     0                   0           0
             0                 0          0       0          0             0      32687.000           0    28                       0                 0              0                0                0                    0         34    11         34      0         0                  0                 0                148            0      545       50      0                  0                   0                     0                   0           0
             0                 0          0       0          0             0      33523.400           0    29                       0                 0              0                0                0                    0         34    11         34      0         0                  0                 0                148            0      545       50      0                  0                   0                     0                   0           0
             0                 0          0       0          0             0      34359.800           0    30                       0                 0              0                0                0                    0         34    11         34      0         0                  0                 0                148            0      545       50      0                  0                   0                     0                   0           0
             0                 0          0       0          0             0      35196.200           0    31                       0                 0              0                0                0                    0         34    11         34      0         0                  0                 0                148            0      545       50      0                  0                   0                     0                   0           0
             0                 0          0       0          0             0      36032.600           0    32                       0                 0              0                0                0                    0         34    11         34      0         0                  0                 0                148            0      545       50      0                  0                   0                     0                   0           0
             0                 0          0       0          0             0      36869.000           0    33                       0                 0              0                0                0                    0         34    11         34      0         0                  0                 0                148            0      545       50      0                  0                   0                     0                   0           0
             0                 0          0       0          0             0      37705.400           0    34                       0                 0              0                0                0                    0         34    11         34      0         0                  0                 0                148            0      545       50      0                  0                   0                     0                   0           0
             0                 0          0       0          0             0      38541.800           0    35                       0                 0              0                0                0                    0         34    11         34      0         0                  0                 0                148            0      545       50      0                  0                   0                     0                   0           0
             0                 0          0       0          0             0      39378.200           0    36                       0                 0              0                0                0                    0         34    11         34      0         0                  0                 0                148            0      545       50      0                  0                   0                     0                   0           0
             0                 0          0       0          0             0      40214.600           0    37                       0                 0              0                0                0                    0         34    11         34      0         0                  0                 0                148            0      545       50      0                  0                   0                     0                   0           0
             0                 0          0       0          0             0      41051.000           0    38                       0                 0              0                0                0                    0         34    11         34      0         0                  0                 0                148            0      545       50      0                  0                   0                     0                   0           0
             0                 0          0       0          0             0      41887.400           0    39                       0                 0              0                0                0                    0         34    11         34      0         0                  0                 0                148            0      545       50      0                  0                   0                     0                   0           0
             0                 0          0       0          0             0      42723.800           0    40                       0                 0              0                0                0                    0         34    11         34      0         0                  0                 0                148            0      545       50      0                  0                   0                     0                   0           0
             0                 0          0       0          0             0      43560.200           0    41                       0                 0              0                0                0                    0         34    11         34      0         0                  0                 0                148            0      545       50      0                  0                   0                     0                   0           0
             0                 0          0       0          0             0      44396.600           0    42                       0                 0              0                0                0                    0         34    11         34      0         0                  0                 0                148            0      545       50      0                  0                   0                     0                   0           0
             0                 0          0       0          0             0      45233.000           0    43                       0                 0              0                0                0                    0         34    11         34      0         0                  0                 0                148            0      545       50      0                  0                   0                     0                   0           0
             0                 0          0       0          0             0      46069.400           0    44                       0                 0              0                0                0                    0         34    11         34      0         0                  0                 0                148            0      545       50      0                  0                   0                     0                   0           0
             0                 0          0       0          0             0      46905.800           0    45                       0                 0              0                0                0                    0         34    11         34      0         0                  0                 0                148            0      545       50      0                  0                   0                     0                   0           0
             0                 0          0       0          0             0      47742.200           0    46                       0                 0              0                0                0                    0         34    11         34      0         0                  0                 0                148            0      545       50      0                  0                   0                     0                   0           0
             0                 0          0       0          0             0      48578.600           0    47                       0                 0              0                0                0                    0         34    11         34      0         0                  0                 0                148            0      545       50      0                  0                   0                     0                   0           0
             0                 0          0       0          0             0      49415.000           0    48                       0                 0              0                0                0                    0         34    11         34      0         0                  0                 0                148            0      545       50      0                  0                   0                     0                   0           0
             0                 0          0       0          0             0      50251.400           0    49                       0                 0              0                0                0                    0         34    11         34      0         0                  0                 0                148            0      545       50      0                  0                   0                     0                   0           0
             0                 0          0       0          0             0      51087.800           0    50                       0                 0              0                0                0                    0         34    11         34      0         0                  0                 0                148            0      545       50      0                  0                   0                     0                   0           0
             0                 0          0       0          0             0      51924.200           0    51                       0                 0              0                0                0                    0         34    11         34      0         0                  0                 0                148            0      545       50      0                  0                   0                     0                   0           0
             0                 0          0       0          0             0      52760.600           0    52                       0                 0              0                0                0                    0         34    11         34      0         0                  0                 0                148            0      545       50      0                  0                   0                     0                   0           0
             0                 0          0       0          0             0      53597.000           0    53                       0                 0              0                0                0                    0         34    11         34      0         0                  0                 0                148            0      545       50      0                  0                   0                     0                   0           0
             0                 0          0       0          0             0      54433.400           0    54                       0                 0              0                0                0                    0         34    11         34      0         0                  0                 0                148            0      545       50      0                  0                   0                     0                   0           0
             0                 0          0       0          0             0      55269.800           0    55                       0                 0              0                0                0                    0         34    11         34      0         0                  0                 0                148            0      545       50      0                  0                   0                     0                   0           0
             0                 0          0       0          0             0      56106.200           0    56                       0                 0              0                0                0                    0         34    11         34      0         0                  0                 0                148            0      545       50      0                  0                   0                     0                   0           0
             0                 0          0       0          0             0      56942.600           0    57                       0                 0              0                0                0                    0         34    11         34      0         0                  0                 0                148            0      545       50      0                  0                   0                     0                   0           0
             0                 0          0       0          0             0      57779.000           0    58                       0                 0              0                0                0                    0         34    11         34      0         0                  0                 0                148            0      545       50      0                  0                   0                     0                   0           0
            49                 8         16   1.500     38.500       595.000      63159.220          18    59                       0                 0              0                0                0                    2        212    42        212      0         0                  0                 0                148            0      545       50      0                  9                   0                     0                   0          41
             0                31         28   1.806    104.742      2511.069      79877.500          22    60                       0                 0              0                0                8                    5        253    86        253      0         0                  1                 6                148           34      545       50      0                 11                   1                     0                   0          10
             0                10          1   2.600    214.400       354.000      84414.980           0    61                       0                 0              0                0                0                    0        119    43        119      0         0                  0                 6                147           52      545       50      0                  0                   0                     0                   0           0
             0                 0          0       0          0             0      86702.780           0    62                       0                 0              0                0                0                    0         34    12         34      0         0                  0                 6                145           44      545       50      0                  0                   0                     0                   0           0
             0                 0          0       0          0             0      87539.180           0    63                       0                 0              0                0                0                    0         34    12         34      0         0                  0                 4                148           19      545       50      0                  0                   0                     0                   0           0
             0                 0          0       0          0             0      88375.580           0    64                       0                 0              0                0                0                    0         34    12         34      0         0                  0                 0                148            0      545       50      0                  0                   0                     0                   0           0
             0                 0          0       0          0             0      89211.980           0    65                       0                 0              0                0                0                    0         34    12         34      0         0                  0                 0                148            0      545       50      0                  0                   0                     0                   0           0
             0                 0          0       0          0             0      90048.380           0    66                       0                 0              0                0                0                    0         34    12         34      0         0                  0                 0                148            0      545       50      0                  0                   0                     0                   0           0
             0                 0          0       0          0             0      90884.780           0    67                       0                 0              0                0                0                    0         34    12         34      0         0                  0                 0                148            0      545       50      0                  0                   0                     0                   0           0
             0                 0          0       0          0             0      91721.180           0    68                       0                 0              0                0                0                    0         34    12         34      0         0                  0                 0                148            0      545       50      0                  0                   0                     0                   0           0
             0                 0          0       0          0             0      92557.580           0    69                       0                 0              0                0                0                    0         34    12         34      0         0                  0                 0                148            0      545       50      0                  0                   0                     0                   0           0
             0                 0          0       0          0             0      93393.980           0    70                       0                 0              0                0                0                    0         34    12         34      0         0                  0                 0                148            0      545       50      0                  0                   0                     0                   0           0
             0                 0          0       0          0             0      94230.380           0    71                       0                 0              0                0                0                    0         34    12         34      0         0                  0                 0                148            0      545       50      0                  0                   0                     0                   0           0
             0                 0          0       0          0             0      95066.780           0    72                       0                 0              0                0                0                    0         34    12         34      0         0                  0                 0                148            0      545       50      0                  0                   0                     0                   0           0
             0                 0          0       0          0             0      95903.180           0    73                       0                 0              0                0                0                    0         34    12         34      0         0                  0                 0                148            0      545       50      0                  0                   0                     0                   0           0
             0                 0          0       0          0             0      96739.580           0    74                       0                 0              0                0                0                    0         34    12         34      0         0                  0                 0                148            0      545       50      0                  0                   0                     0                   0           0
             0                 0          0       0          0             0      97575.980           0    75                       0                 0              0                0                0                    0         34    12         34      0         0                  0                 0                148            0      545       50      0                  0                   0                     0                   0           0
             0                 0          0       0          0             0      98412.380           0    76                       0                 0              0                0                0                    0         34    12         34      0         0                  0                 0                148            0      545       50      0                  0                   0                     0                   0           0
             0                 0          0       0          0             0      99248.780           0    77                       0                 0              0                0                0                    0         34    12         34      0         0                  0                 0                148            0      545       50      0                  0                   0                     0                   0           0
             0                 0          0       0          0             0     100085.180           0    78                       0                 0              0                0                0                    0         34    12         34      0         0                  0                 0                148            0      545       50      0                  0                   0                     0                   0           0
             0                 0          0       0          0             0     100921.580           0    79                       0                 0              0                0                0                    0         34    12         34      0         0                  0                 0                148            0      545       50      0                  0                   0                     0                   0           0
             0                 0          0       0          0             0     101757.980           0    80                       0                 0              0                0                0                    0         34    12         34      0         0                  0                 0                148            0      545       50      0                  0                   0                     0                   0           0
             0                 0          0       0          0             0     102594.380           0    81                       0                 0              0                0                0                    0         34    12         34      0         0                  0                 0                148            0      545       50      0                  0                   0                     0                   0           0
             0                 0          0       0          0             0     103430.780           0    82                       0                 0              0                0                0                    0         34    12         34      0         0                  0                 0                148            0      545       50      0                  0                   0                     0                   0           0
             0                 0          0       0          0             0     104267.180           0    83                       0                 0              0                0                0                    0         34    12         34      0         0                  0                 0                148            0      545       50      0                  0                   0                     0                   0           0
             0                 0          0       0          0             0     105103.580           0    84                       0                 0              0                0                0                    0         34    12         34      0         0                  0                 0                148            0      545       50      0                  0                   0                     0                   0           0
             0                 0          0       0          0             0     105939.980           0    85                       0                 0              0                0                0                    0         34    12         34      0         0                  0                 0                148            0      545       50      0                  0                   0                     0                   0           0
             0                 0          0       0          0             0     106776.380           0    86                       0                 0              0                0                0                    0         34    12         34      0         0                  0                 0                148            0      545       50      0                  0                   0                     0                   0           0
             0                 0          0       0          0             0     107612.780           0    87                       0                 0              0                0                0                    0         34    12         34      0         0                  0                 0                148            0      545       50      0                  0                   0                     0                   0           0
             0                 0          0       0          0             0     108449.180           0    88                       0                 0              0                0                0                    0         34    12         34      0         0                  0                 0                148            0      545       50      0                  0                   0                     0                   0           0
             0                 0          0       0          0             0     109285.580           0    89                       0                 0              0                0                0                    0         34    12         34      0         0                  0                 0                148            0      545       50      0                  0                   0                     0                   0           0
             0                 0          0       0          0             0     110121.980           0    90                       0                 0              0                0                0                    0         34    12         34      0         0                  0                 0                148            0      545       50      0                  0                   0                     0                   0           0
             0                 0          0       0          0             0     110958.380           0    91                       0                 0              0                0                0                    0         34    12         34      0         0                  0                 0                148            0      545       50      0                  0                   0                     0                   0           0
             0                 0          0       0          0             0     111794.780           0    92                       0                 0              0                0                0                    0         34    12         34      0         0                  0                 0                148            0      545       50      0                  0                   0                     0                   0           0
             0                 0          0       0          0             0     112631.180           0    93                       0                 0              0                0                0                    0         34    12         34      0         0                  0                 0                148            0      545       50      0                  0                   0                     0                   0           0
             0                 0          0       0          0             0     113467.580           0    94                       0                 0              0                0                0                    0         34    12         34      0         0                  0                 0                148            0      545       50      0                  0                   0                     0                   0           0
             0                 0          0       0          0             0     114303.980           0    95                       0                 0              0                0                0                    0         34    12         34      0         0                  0                 0                148            0      545       50      0                  0                   0                     0                   0           0
             0                 0          0       0          0             0     115140.380           0    96                       0                 0              0                0                0                    0         34    12         34      0         0                  0                 0                148            0      545       50      0                  0                   0                     0                   0           0
             0                 0          0       0          0             0     115976.780           0    97                       0                 0              0                0                0                    0         34    12         34      0         0                  0                 0                148            0      545       50      0                  0                   0                     0                   0           0
             0                 0          0       0          0             0     116813.180           0    98                       0                 0              0                0                0                    0         34    12         34      0         0                  0                 0                148            0      545       50      0                  0                   0                     0                   0           0
             0                 0          0       0          0             0     117649.580           0    99                       0                 0              0                0                0                    0         34    12         34      0         0                  0                 0                148            0      545       50      0                  0                   0                     0                   0           0
#pos runNum=0 0@(1.00000,1.00000)@0 1@(0.87695,0.77870)@853 2@(1.06753,0.72491)@640 3@(0.76469,0.84662)@640 4@(0.88872,0.60660)@1421 5@(0.95368,0.70553)@1280 6@(0.71002,0.80342)@1493 7@(0.60360,0.93963)@1584 8@(0.85137,0.66892)@1706 9@(0.83874,0.64371)@1933 10@(0.79690,0.85826)@1421 11@(0.85947,0.96178)@568 12@(0.82546,0.55328)@1493 13@(1.04712,0.71285)@640 14@(0.97798,0.80778)@1136 15@(0.63718,0.87153)@1208 16@(0.76287,0.77439)@1421 17@(0.75948,1.03567)@2346 18@(0.79560,0.78972)@1371 19@(0.86922,0.98912)@1280 20@(1.04677,0.92785)@1024 21@(1.03939,0.66039)@1493 22@(0.89949,1.16151)@1024 23@(0.82273,0.67276)@1421 24@(1.08660,0.84828)@1371 25@(0.88043,0.96034)@568 26@(0.77959,0.87964)@1664 27@(0.95238,1.02997)@1136 28@(0.79958,0.82718)@1371 29@(0.75653,1.17493)@731 30@(1.02597,0.95553)@640 31@(0.91494,0.46785)@2061 32@(0.78498,0.44768)@2011 33@(0.84435,0.93700)@1421 34@(0.77970,0.81850)@1152 35@(1.08276,0.49032)@2346 36@(0.67221,0.96206)@1664 37@(1.18217,0.55140)@2274 38@(1.05075,0.74924)@1421 39@(1.01103,0.97200)@512 40@(1.07960,0.56245)@1208 41@(0.90855,0.98027)@1080 42@(1.01978,0.37927)@1776 43@(0.70013,0.64224)@2224 44@(1.04284,0.88912)@1592 45@(0.92053,0.48188)@1877 46@(1.15290,1.05591)@1592 47@(1.17960,0.86419)@853 48@(0.73863,0.73217)@2061 49@(0.56868,0.97175)@1493
#links runNum=0 14-27@-92dBm@0.696 3-7@-92dBm@0.712 38-40@-96dBm@0.163 1-4@-85dBm@0.961 1-43@-97dBm@0.063 8-35@-90dBm@0.861 5-6@-97dBm@0.040 15-26@-91dBm@0.720 3-36@-94dBm@0.508 22-27@-91dBm@0.773 1-30@-97dBm@0.020 18-33@-86dBm@0.958 13-38@-74dBm@1.000 9-41@-93dBm@0.642 28-33@-97dBm@0.010 9-24@-95dBm@0.288 16-28@-77dBm@1.000 1-21@-90dBm@0.863 17-20@-94dBm@0.519 5-40@-97dBm@0.009 4-20@-96dBm@0.077 13-47@-93dBm@0.660 7-33@-91dBm@0.762 4-8@-91dBm@0.736 27-29@-94dBm@0.405 25-48@-94dBm@0.498 7-8@-97dBm@0.021 13-34@-92dBm@0.675 3-4@-90dBm@0.860 30-39@-84dBm@0.969 2-13@-92dBm@0.698 22-29@-97dBm@0.059 20-46@-87dBm@0.945 14-36@-97dBm@0.001 11-38@-92dBm@0.716 17-23@-94dBm@0.444 10-11@-83dBm@0.974 8-30@-92dBm@0.700 0-25@-84dBm@0.974 13-14@-82dBm@0.982 15-43@-94dBm@0.428 6-10@-86dBm@0.951 0-2@-90dBm@0.810 19-30@-85dBm@0.962 14-25@-85dBm@0.959 2-5@-90dBm@0.862 13-28@-91dBm@0.731 6-8@-92dBm@0.671 11-19@-70dBm@1.000 29-41@-93dBm@0.649 18-49@-94dBm@0.517 2-45@-92dBm@0.697 28-47@-92dBm@0.662 8-44@-96dBm@0.107 14-17@-94dBm@0.334 40-43@-94dBm@0.380 3-10@-90dBm@0.839 27-30@-93dBm@0.552 6-48@-87dBm@0.945 24-34@-92dBm@0.706 34-47@-97dBm@0.012 11-33@-93dBm@0.654 21-31@-93dBm@0.584 6-15@-87dBm@0.944 14-33@-97dBm@0.008 0-5@-96dBm@0.144 14-41@-97dBm@0.069 7-15@-92dBm@0.710 32-35@-92dBm@0.711 4-31@-90dBm@0.849 0-20@-93dBm@0.585 34-39@-95dBm@0.214 8-9@-90dBm@0.861 13-18@-91dBm@0.764 10-16@-85dBm@0.965 13-24@-83dBm@0.974 15-49@-94dBm@0.325 18-38@-94dBm@0.437 38-42@-93dBm@0.649 1-12@-89dBm@0.880 17-46@-93dBm@0.655 13-45@-96dBm@0.160 9-36@-94dBm@0.330 4-17@-96dBm@0.117 7-40@-97dBm@0.050 17-22@-87dBm@0.949 21-40@-89dBm@0.873 18-23@-91dBm@0.797 19-20@-93dBm@0.546 35-45@-85dBm@0.960 24-26@-95dBm@0.220 30-49@-94dBm@0.457 14-21@-85dBm@0.961 0-8@-95dBm@0.199 10-29@-96dBm@0.191 6-17@-93dBm@0.654 4-12@-93dBm@0.570 37-38@-95dBm@0.243 0-29@-92dBm@0.702 9-45@-87dBm@0.938 33-36@-95dBm@0.279 14-15@-93dBm@0.651 0-47@-93dBm@0.657 21-32@-91dBm@0.738 1-6@-89dBm@0.879 25-33@-90dBm@0.830 1-15@-97dBm@0.017 4-13@-87dBm@0.946 3-26@-93dBm@0.530 2-4@-92dBm@0.707 1-35@-95dBm@0.296 19-39@-86dBm@0.954 9-28@-86dBm@0.958 37-44@-94dBm@0.404 8-16@-84dBm@0.974 3-22@-91dBm@0.746 16-29@-93dBm@0.654 3-19@-97dBm@0.052 21-33@-91dBm@0.727 0-11@-88dBm@0.923 39-44@-87dBm@0.939 16-41@-96dBm@0.085 40-45@-88dBm@0.911 5-15@-96dBm@0.133 0-13@-90dBm@0.861 0-30@-89dBm@0.869 10-37@-96dBm@0.190 35-38@-92dBm@0.691 6-43@-91dBm@0.780 35-42@-86dBm@0.953 9-10@-90dBm@0.865 31-48@-91dBm@0.722 31-40@-88dBm@0.928 8-28@-85dBm@0.966 12-43@-91dBm@0.801 5-13@-80dBm@0.990 1-3@-93dBm@0.588 23-40@-94dBm@0.375 16-32@-92dBm@0.682 4-43@-95dBm@0.294 33-49@-91dBm@0.722 2-14@-97dBm@0.026 23-24@-96dBm@0.186 24-37@-95dBm@0.205 2-38@-76dBm@1.000 14-19@-90dBm@0.832 12-31@-82dBm@0.983 4-21@-86dBm@0.951 7-34@-92dBm@0.675 0-39@-72dBm@1.000 25-27@-87dBm@0.947 15-48@-88dBm@0.935 6-45@-93dBm@0.639 5-45@-87dBm@0.941 25-39@-83dBm@0.979 0-3@-89dBm@0.868 6-30@-93dBm@0.646 26-29@-90dBm@0.865 25-49@-94dBm@0.382 10-35@-94dBm@0.455 43-44@-94dBm@0.440 10-14@-93dBm@0.642 11-44@-96dBm@0.157 4-33@-97dBm@0.057 19-33@-78dBm@1.000 11-28@-95dBm@0.196 33-38@-97dBm@0.012 21-38@-88dBm@0.910 2-40@-86dBm@0.959 17-33@-90dBm@0.812 19-46@-96dBm@0.168 39-41@-87dBm@0.939 11-25@-89dBm@0.868 3-6@-83dBm@0.979 8-23@-77dBm@1.000 6-14@-97dBm@0.044 11-49@-96dBm@0.186 1-40@-94dBm@0.382 10-34@-74dBm@1.000 10-38@-96dBm@0.144 40-48@-94dBm@0.413 20-39@-89dBm@0.875 22-30@-96dBm@0.154 7-16@-91dBm@0.780 3-34@-75dBm@1.000 13-23@-92dBm@0.686 16-33@-95dBm@0.274 21-23@-94dBm@0.497 5-11@-89dBm@0.868 5-32@-91dBm@0.794 38-47@-92dBm@0.664 9-31@-86dBm@0.957 9-34@-88dBm@0.937 3-38@-94dBm@0.386 16-39@-93dBm@0.594 5-41@-90dBm@0.823 17-24@-95dBm@0.198 18-29@-96dBm@0.157 18-31@-96dBm@0.124 27-46@-93dBm@0.619 8-24@-94dBm@0.458 28-40@-97dBm@0.014 11-41@-89dBm@0.871 31-44@-97dBm@0.028 30-47@-92dBm@0.671 34-44@-89dBm@0.867 14-47@-93dBm@0.617 13-44@-95dBm@0.198 28-43@-97dBm@0.073 1-38@-86dBm@0.958 15-18@-87dBm@0.942 6-20@-96dBm@0.156 10-21@-95dBm@0.241 17-44@-95dBm@0.274 31-32@-91dBm@0.734 1-7@-91dBm@0.741 19-22@-90dBm@0.817 5-8@-96dBm@0.150 14-23@-94dBm@0.475 7-21@-96dBm@0.153 1-16@-96dBm@0.174 17-34@-97dBm@0.019 19-25@-80dBm@0.992 18-43@-88dBm@0.903 4-40@-89dBm@0.894 40-42@-86dBm@0.954 1-2@-90dBm@0.822 7-41@-91dBm@0.763 16-19@-89dBm@0.894 17-30@-96dBm@0.127 4-37@-93dBm@0.654 21-35@-91dBm@0.740 2-3@-91dBm@0.788 4-6@-90dBm@0.863 23-42@-93dBm@0.555 8-47@-94dBm@0.345 21-41@-93dBm@0.644 26-33@-91dBm@0.778 6-7@-88dBm@0.935 12-14@-95dBm@0.193 42-48@-97dBm@0.074 35-37@-85dBm@0.959 32-43@-88dBm@0.926 5-23@-86dBm@0.952 28-48@-82dBm@0.983 0-22@-93dBm@0.593 5-49@-94dBm@0.444 34-36@-91dBm@0.720 11-16@-93dBm@0.653 12-35@-90dBm@0.864 2-35@-95dBm@0.267 0-19@-94dBm@0.437 16-35@-94dBm@0.509 2-24@-92dBm@0.716 9-12@-85dBm@0.959 6-49@-93dBm@0.650 36-40@-96dBm@0.094 4-9@-77dBm@1.000 7-17@-92dBm@0.665 10-24@-93dBm@0.660 15-17@-88dBm@0.912 2-30@-90dBm@0.864 19-27@-81dBm@0.986 28-44@-94dBm@0.486 9-21@-88dBm@0.933 5-14@-82dBm@0.980 10-18@-81dBm@0.987 10-45@-94dBm@0.341 11-15@-89dBm@0.887 20-24@-92dBm@0.664 6-16@-90dBm@0.861 26-27@-93dBm@0.578 4-26@-95dBm@0.232 12-37@-94dBm@0.500 15-19@-89dBm@0.869 11-14@-87dBm@0.945 20-30@-88dBm@0.931 0-1@-92dBm@0.688 30-34@-94dBm@0.434 41-44@-96dBm@0.136 23-44@-91dBm@0.769 4-44@-95dBm@0.316 31-46@-96dBm@0.087 18-34@-78dBm@1.000 2-47@-89dBm@0.866 12-16@-91dBm@0.739 33-44@-97dBm@0.045 14-39@-93dBm@0.597 3-8@-94dBm@0.475 2-23@-89dBm@0.879 31-35@-88dBm@0.928 3-49@-93dBm@0.651 19-26@-85dBm@0.961 3-5@-89dBm@0.867 30-38@-93dBm@0.583 20-44@-86dBm@0.950 1-45@-93dBm@0.588 21-24@-95dBm@0.315 32-45@-94dBm@0.367 16-38@-93dBm@0.650 5-16@-92dBm@0.671 7-29@-95dBm@0.228 1-8@-93dBm@0.637 34-49@-93dBm@0.566 23-43@-86dBm@0.956 5-9@-89dBm@0.869 20-25@-92dBm@0.667 1-10@-84dBm@0.973 1-23@-84dBm@0.974 9-18@-84dBm@0.971 34-48@-96dBm@0.137 1-47@-97dBm@0.004 7-18@-92dBm@0.704 36-41@-88dBm@0.905 17-36@-84dBm@0.974 3-9@-95dBm@0.242 13-31@-97dBm@0.073 20-49@-96dBm@0.151 24-44@-87dBm@0.944 25-41@-78dBm@1.000 18-21@-96dBm@0.095 4-5@-88dBm@0.931 37-43@-94dBm@0.336 11-31@-96dBm@0.186
#aveChargePerCycle runNum=0 0@146.95 1@118.22 2@20.97 3@24.84 4@17.09 5@9.43 6@22.03 7@1.30 8@9.03 9@1.30 10@1.30 11@25.92 12@1.30 13@14.01 14@1.94 15@1.30 16@1.94 17@1.30 18@1.30 19@5.55 20@17.77 21@1.30 22@3.24 23@660.46 24@1.94 25@12.93 26@1.94 27@1.94 28@1.30 29@1.94 30@1.30 31@1.30 32@4.54 33@1.94 34@1.30 35@1.94 36@3.89 37@1.94 38@1.30 39@1.30 40@1.30 41@1.30 42@7.78 43@1.94 44@1.30 45@3.24 46@1.30 47@2.59 48@1.30 49@1.94