## dioPeriod = 1.0
## startTime = 1502276497.97
## numMotes = 50
## otfHousekeepingPeriod = 1.0
## slotframeLength = 101
## squareSide = 2.0
## cpuID = 66
## sixtopPdrThreshold = 1.5
## slotDuration = 0.01
## sixtopNoHousekeeping = 0
## pkPeriodVar = 0.05
## numCyclesPerRun = 100
## numRuns = 1
## otfThreshold = 1
## sixtopNoRemoveWorstCell = 0
## burstTimestamp = 20
## simDataDir = simData
## numChans = 16
## minRssi = -97
## noInterference = 0
## algorithm = local_voting
## numPacketsBurst = 5
## gui = False
## pkPeriod = None
## combinationKeys = ['algorithm', 'numMotes', 'otfThreshold']
## sixtopHousekeepingPeriod = 1.0


# appGenerated appReachesDagroot appRelayed aveHops aveLatency aveQueueDelay chargeConsumed collidedTxs cycle droppedAppFailedEnqueue droppedMacRetries droppedNoRoute droppedNoTxCells droppedQueueFull effectiveCollidedTxs numRxCells numTx numTxCells otfAdd otfRemove probableCollisions rplChurnParentSet rplChurnPrefParent rplChurnRank rplRxDIO rplTxDIO runNum scheduleCollisions topRxRelocatedCells topTxRelocatedBundles topTxRelocatedCells txQueueFill
             0                 0          0       0          0             0              0           0     0                       0                 0              0                0                0                    0          0     0          0      0         0                  0                 0                  0            0        0        0      0                  0                   0                     0                   0           0
             0                 0          0       0          0             0              0           0     1                       0                 0              0                0                0                    0          0     0          0      0         0                  0               144                106            8      551       50      0                  0                   0                     0                   0           0
             0                 0          0       0          0             0              0           0     2                       0                 0              0                0                0                    0          0     0          0      0         0                  0                 0                166            0      551       50      0                  0                   0                     0                   0           0
             0                 0          0       0          0             0              0           0     3                       0                 0              0                0                0                    0          0     0          0      0         0                  0                 0                166            0      551       50      0                  0                   0                     0                   0           0
             0                 0          0       0          0             0              0           0     4                       0                 0              0                0                0                    0          0     0          0      0         0                  0                 0                166            0      551       50      0                  0                   0                     0                   0           0
             0                 0          0       0          0             0              0           0     5                       0                 0              0                0                0                    0          0     0          0      0         0                  0                 0                166            0      551       50      0                  0                   0                     0                   0           0
             0                 0          0       0          0             0              0           0     6                       0                 0              0                0                0                    0          0     0          0      0         0                  0                 0                166            0      551       50      0                  0                   0                     0                   0           0
             0                 0          0       0          0             0              0           0     7                       0                 0              0                0                0                    0          0     0          0      0         0                  0                 0                166            0      551       50      0                  0                   0                     0                   0           0
             0                 0          0       0          0             0              0           0     8                       0                 0              0                0                0                    0          0     0          0      0         0                  0                 0                166            0      551       50      0                  0                   0                     0                   0           0
             0                 0          0       0          0             0              0           0     9                       0                 0              0                0                0                    0          0     0          0      0         0                  0                 0                166            0      551       50      0                  0                   0                     0                   0           0
             0                 0          0       0          0             0              0           0    10                       0                 0              0                0                0                    0          0     0          0      0         0                  0                 0                166            0      551       50      0                  0                   0                     0                   0           0
             0                 0          0       0          0             0              0           0    11                       0                 0              0                0                0                    0          0     0          0      0         0                  0                 0                166            0      551       50      0                  0                   0                     0                   0           0
             0                 0          0       0          0             0              0           0    12                       0                 0              0                0                0                    0          0     0          0      0         0                  0                 0                166            0      551       50      0                  0                   0                     0                   0           0
             0                 0          0       0          0             0              0           0    13                       0                 0              0                0                0                    0          0     0          0      0         0                  0                 0                166            0      551       50      0                  0                   0                     0                   0           0
             0                 0          0       0          0             0              0           0    14                       0                 0              0                0                0                    0          0     0          0      0         0                  0                 0                166            0      551       50      0                  0                   0                     0                   0           0
             0                 0          0       0          0             0              0           0    15                       0                 0              0                0                0                    0          0     0          0      0         0                  0                 0                166            0      551       50      0                  0                   0                     0                   0           0
             0                 0          0       0          0             0              0           0    16                       0                 0              0                0                0                    0          0     0          0      0         0                  0                 0                166            0      551       50      0                  0                   0                     0                   0           0
             0                 0          0       0          0             0              0           0    17                       0                 0              0                0                0                    0          0     0          0      0         0                  0                 0                166            0      551       50      0                  0                   0                     0                   0           0
             0                 0          0       0          0             0              0           0    18                       0                 0              0                0                0                    0          0     0          0      0         0                  0                 0                166            0      551       50      0                  0                   0                     0                   0           0
            49                 3          2   1.000     12.000        63.000        708.600           6    19                       0                 0              0                0                0                    0         63     5         63      0         0                  0                 0                166            0      551       50      0                  3                   0                     0                   0          46
             0                28         37   1.714     82.214      3378.917      14651.820          52    20                       0                 0              0                0                0                   11        281    68        281      0         0                  1                 5                161           19      551       50      0                 26                   0                     0                   0          18
             0                17          1   2.118    149.176       460.100      21143.080           2    21                       0                 0              0                0                0                    2         95    16         95      0         0                  0                13                131           44      551       50      0                  1                   1                     0                   0           1
             0                 1          0   2.000    311.000       195.000      23498.800           0    22                       0                 0              0                0                0                    0         66     5         66      0         0                  0                 7                155           38      551       50      0                  0                   0                     0                   0           0
             0                 0          0       0          0             0      24778.000           0    23                       0                 0              0                0                0                    0         13     4         13      0         0                  0                 7                164           16      551       50      0                  0                   0                     0                   0           0
             0                 0          0       0          0             0      25097.800           0    24                       0                 0              0                0                0                    0         13     4         13      0         0                  0                 4                163            4      551       50      0                  0                   0                     0                   0           0
             0                 0          0       0          0             0      25417.600           0    25                       0                 0              0                0                0                    0         13     4         13      0         0                  0                 1                163            0      551       50      0                  0                   0                     0                   0           0
             0                 0          0       0          0             0      25737.400           0    26                       0                 0              0                0                0                    0         13     4         13      0         0                  0                 0                163            0      551       50      0                  0                   0                     0                   0           0
             0                 0          0       0          0             0      26057.200           0    27                       0                 0              0                0                0                    0         13     4         13      0         0                  0                 0                163            0      551       50      0                  0                   0                     0                   0           0
             0                 0          0       0          0             0      26377.000           0    28                       0                 0              0                0                0                    0         13     4         13      0         0                  0                 0                163            0      551       50      0                  0                   0                     0                   0           0
             0                 0          0       0          0             0      26696.800           0    29                       0                 0              0                0                0                    0         13     4         13      0         0                  0                 0                163            0      551       50      0                  0                   0                     0                   0           0
             0                 0          0       0          0             0      27016.600           0    30                       0                 0              0                0                0                    0         13     4         13      0         0                  0                 0                163            0      551       50      0                  0                   0                     0                   0           0
             0                 0          0       0          0             0      27336.400           0    31                       0                 0              0                0                0                    0         13     4         13      0         0                  0                 0                163            0      551       50      0                  0                   0                     0                   0           0
             0                 0          0       0          0             0      27656.200           0    32                       0                 0              0                0                0                    0         13     4         13      0         0                  0                 0                163            0      551       50      0                  0                   0                     0                   0           0
             0                 0          0       0          0             0      27976.000           0    33                       0                 0              0                0                0                    0         13     4         13      0         0                  0                 0                163            0      551       50      0                  0                   0                     0                   0           0
             0                 0          0       0          0             0      28295.800           0    34                       0                 0              0                0                0                    0         13     4         13      0         0                  0                 0                163            0      551       50      0                  0                   0                     0                   0           0
             0                 0          0       0          0             0      28615.600           0    35                       0                 0              0                0                0                    0         13     4         13      0         0                  0                 0                163            0      551       50      0                  0                   0                     0                   0           0
             0                 0          0       0          0             0      28935.400           0    36                       0                 0              0                0                0                    0         13     4         13      0         0                  0                 0                163            0      551       50      0                  0                   0                     0                   0           0
             0                 0          0       0          0             0      29255.200           0    37                       0                 0              0                0                0                    0         13     4         13      0         0                  0                 0                163            0      551       50      0                  0                   0                     0                   0           0
             0                 0          0       0          0             0      29575.000           0    38                       0                 0              0                0                0                    0         13     4         13      0         0                  0                 0                163            0      551       50      0                  0                   0                     0                   0           0
             0                 0          0       0          0             0      29894.800           0    39                       0                 0              0                0                0                    0         13     4         13      0         0                  0                 0                163            0      551       50      0                  0                   0                     0                   0           0
             0                 0          0       0          0             0      30214.600           0    40                       0                 0              0                0                0                    0         13     4         13      0         0                  0                 0                163            0      551       50      0                  0                   0                     0                   0           0
             0                 0          0       0          0             0      30534.400           0    41                       0                 0              0                0                0                    0         13     4         13      0         0                  0                 0                163            0      551       50      0                  0                   0                     0                   0           0
             0                 0          0       0          0             0      30854.200           0    42                       0                 0              0                0                0                    0         13     4         13      0         0                  0                 0                163            0      551       50      0                  0                   0                     0                   0           0
             0                 0          0       0          0             0      31174.000           0    43                       0                 0              0                0                0                    0         13     4         13      0         0                  0                 0                163            0      551       50      0                  0                   0                     0                   0           0
             0                 0          0       0          0             0      31493.800           0    44                       0                 0              0                0                0                    0         13     4         13      0         0                  0                 0                163            0      551       50      0                  0                   0                     0                   0           0
             0                 0          0       0          0             0      31813.600           0    45                       0                 0              0                0                0                    0         13     4         13      0         0                  0                 0                163            0      551       50      0                  0                   0                     0                   0           0
             0                 0          0       0          0             0      32133.400           0    46                       0                 0              0                0                0                    0         13     4         13      0         0                  0                 0                163            0      551       50      0                  0                   0                     0                   0           0
             0                 0          0       0          0             0      32453.200           0    47                       0                 0              0                0                0                    0         13     4         13      0         0                  0                 0                163            0      551       50      0                  0                   0                     0                   0           0
             0                 0          0       0          0             0      32773.000           0    48                       0                 0              0                0                0                    0         13     4         13      0         0                  0                 0                163            0      551       50      0                  0                   0                     0                   0           0
             0                 0          0       0          0             0      33092.800           0    49                       0                 0              0                0                0                    0         13     4         13      0         0                  0                 0                163            0      551       50      0                  0                   0                     0                   0           0
             0                 0          0       0          0             0      33412.600           0    50                       0                 0              0                0                0                    0         13     4         13      0         0                  0                 0                163            0      551       50      0                  0                   0                     0                   0           0
             0                 0          0       0          0             0      33732.400           0    51                       0                 0              0                0                0                    0         13     4         13      0         0                  0                 0                163            0      551       50      0                  0                   0                     0                   0           0
             0                 0          0       0          0             0      34052.200           0    52                       0                 0              0                0                0                    0         13     4         13      0         0                  0                 0                163            0      551       50      0                  0                   0                     0                   0           0
             0                 0          0       0          0             0      34372.000           0    53                       0                 0              0                0                0                    0         13     4         13      0         0                  0                 0                163            0      551       50      0                  0                   0                     0                   0           0
             0                 0          0       0          0             0      34691.800           0    54                       0                 0              0                0                0                    0         13     4         13      0         0                  0                 0                163            0      551       50      0                  0                   0                     0                   0           0
             0                 0          0       0          0             0      35011.600           0    55                       0                 0              0                0                0                    0         13     4         13      0         0                  0                 0                163            0      551       50      0                  0                   0                     0                   0           0
             0                 0          0       0          0             0      35331.400           0    56                       0                 0              0                0                0                    0         13     4         13      0         0                  0                 0                163            0      551       50      0                  0                   0                     0                   0           0
             0                 0          0       0          0             0      35651.200           0    57                       0                 0              0                0                0                    0         13     4         13      0         0                  0                 0                163            0      551       50      0                  0                   0                     0                   0           0
             0                 0          0       0          0             0      35971.000           0    58                       0                 0              0                0                0                    0         13     4         13      0         0                  0                 0                163            0      551       50      0                  0                   0                     0                   0           0
            49                 3         16   1.000     20.667       478.500      39417.300          13    59                       0                 0              0                0                0                    3        128    24        128      0         0                  0                 0                163            0      551       50      0                  7                   0                     0                   0          46
             0                41         22   1.780     99.561      3001.422      53963.060          20    60                       0                 0              0                0                0                    3        231    70        231      0         0                  1                 1                140           25      551       50      0                 10                   0                     0                   0           5
             0                 3          2   2.333    179.667       264.500      57303.860           0    61                       0                 0              0                0                0                    0        114     7        114      0         0                  0                 7                133           46      551       50      0                  0                   0                     0                   0           2
             0                 0          0       0          0             0      58730.660           0    62                       0                 0              0                0                0                    0         13     5         13      0         0                  0                 7                163           44      551       50      0                  0                   0                     0                   0           2
             0                 2          0   3.000    400.000       188.500      60948.520           2    63                       0                 0              0                0                0                    1        114     8        114      0         0                  0                 3                163            3      551       50      0                  1                   0                     0                   0           0
             0                 0          0       0          0             0      62350.720           0    64                       0                 0              0                0                0                    0         13     5         13      0         0                  0                 0                164            9      551       50      0                  0                   0                     0                   0           0
             0                 0          0       0          0             0      62670.520           0    65                       0                 0              0                0                0                    0         13     5         13      0         0                  0                 0                163            9      551       50      0                  0                   0                     0                   0           0
             0                 0          0       0          0             0      62990.320           0    66                       0                 0              0                0                0                    0         13     5         13      0         0                  0                 0                163            0      551       50      0                  0                   0                     0                   0           0
             0                 0          0       0          0             0      63310.120           0    67                       0                 0              0                0                0                    0         13     5         13      0         0                  0                 0                163            0      551       50      0                  0                   0                     0                   0           0
             0                 0          0       0          0             0      63629.920           0    68                       0                 0              0                0                0                    0         13     5         13      0         0                  0                 0                163            0      551       50      0                  0                   0                     0                   0           0
             0                 0          0       0          0             0      63949.720           0    69                       0                 0              0                0                0                    0         13     5         13      0         0                  0                 0                163            0      551       50      0                  0                   0                     0                   0           0
             0                 0          0       0          0             0      64269.520           0    70                       0                 0              0                0                0                    0         13     5         13      0         0                  0                 0                163            0      551       50      0                  0                   0                     0                   0           0
             0                 0          0       0          0             0      64589.320           0    71                       0                 0              0                0                0                    0         13     5         13      0         0                  0                 0                163            0      551       50      0                  0                   0                     0                   0           0
             0                 0          0       0          0             0      64909.120           0    72                       0                 0              0                0                0                    0         13     5         13      0         0                  0                 0                163            0      551       50      0                  0                   0                     0                   0           0
             0                 0          0       0          0             0      65228.920           0    73                       0                 0              0                0                0                    0         13     5         13      0         0                  0                 0                163            0      551       50      0                  0                   0                     0                   0           0
             0                 0          0       0          0             0      65548.720           0    74                       0                 0              0                0                0                    0         13     5         13      0         0                  0                 0                163            0      551       50      0                  0                   0                     0                   0           0
             0                 0          0       0          0             0      65868.520           0    75                       0                 0              0                0                0                    0         13     5         13      0         0                  0                 0                163            0      551       50      0                  0                   0                     0                   0           0
             0                 0          0       0          0             0      66188.320           0    76                       0                 0              0                0                0                    0         13     5         13      0         0                  0                 0                163            0      551       50      0                  0                   0                     0                   0           0
             0                 0          0       0          0             0      66508.120           0    77                       0                 0              0                0                0                    0         13     5         13      0         0                  0                 0                163            0      551       50      0                  0                   0                     0                   0           0
             0                 0          0       0          0             0      66827.920           0    78                       0                 0              0                0                0                    0         13     5         13      0         0                  0                 0                163            0      551       50      0                  0                   0                     0                   0           0
             0                 0          0       0          0             0      67147.720           0    79                       0                 0              0                0                0                    0         13     5         13      0         0                  0                 0                163            0      551       50      0                  0                   0                     0                   0           0
             0                 0          0       0          0             0      67467.520           0    80                       0                 0              0                0                0                    0         13     5         13      0         0                  0                 0                163            0      551       50      0                  0                   0                     0                   0           0
             0                 0          0       0          0             0      67787.320           0    81                       0                 0              0                0                0                    0         13     5         13      0         0                  0                 0                163            0      551       50      0                  0                   0                     0                   0           0
             0                 0          0       0          0             0      68107.120           0    82                       0                 0              0                0                0                    0         13     5         13      0         0                  0                 0                163            0      551       50      0                  0                   0                     0                   0           0
             0                 0          0       0          0             0      68426.920           0    83                       0                 0              0                0                0                    0         13     5         13      0         0                  0                 0                163            0      551       50      0                  0                   0                     0                   0           0
             0                 0          0       0          0             0      68746.720           0    84                       0                 0              0                0                0                    0         13     5         13      0         0                  0                 0                163            0      551       50      0                  0                   0                     0                   0           0
             0                 0          0       0          0             0      69066.520           0    85                       0                 0              0                0                0                    0         13     5         13      0         0                  0                 0                163            0      551       50      0                  0                   0                     0                   0           0
             0                 0          0       0          0             0      69386.320           0    86                       0                 0              0                0                0                    0         13     5         13      0         0                  0                 0                163            0      551       50      0                  0                   0                     0                   0           0
             0                 0          0       0          0             0      69706.120           0    87                       0                 0              0                0                0                    0         13     5         13      0         0                  0                 0                163            0      551       50      0                  0                   0                     0                   0           0
             0                 0          0       0          0             0      70025.920           0    88                       0                 0              0                0                0                    0         13     5         13      0         0                  0                 0                163            0      551       50      0                  0                   0                     0                   0           0
             0                 0          0       0          0             0      70345.720           0    89                       0                 0              0                0                0                    0         13     5         13      0         0                  0                 0                163            0      551       50      0                  0                   0                     0                   0           0
             0                 0          0       0          0             0      70665.520           0    90                       0                 0              0                0                0                    0         13     5         13      0         0                  0                 0                163            0      551       50      0                  0                   0                     0                   0           0
             0                 0          0       0          0             0      70985.320           0    91                       0                 0              0                0                0                    0         13     5         13      0         0                  0                 0                163            0      551       50      0                  0                   0                     0                   0           0
             0                 0          0       0          0             0      71305.120           0    92                       0                 0              0                0                0                    0         13     5         13      0         0                  0                 0                163            0      551       50      0                  0                   0                     0                   0           0
             0                 0          0       0          0             0      71624.920           0    93                       0                 0              0                0                0                    0         13     5         13      0         0                  0                 0                163            0      551       50      0                  0                   0                     0                   0           0
             0                 0          0       0          0             0      71944.720           0    94                       0                 0              0                0                0                    0         13     5         13      0         0                  0                 0                163            0      551       50      0                  0                   0                     0                   0           0
             0                 0          0       0          0             0      72264.520           0    95                       0                 0              0                0                0                    0         13     5         13      0         0                  0                 0                163            0      551       50      0                  0                   0                     0                   0           0
             0                 0          0       0          0             0      72584.320           0    96                       0                 0              0                0                0                    0         13     5         13      0         0                  0                 0                163            0      551       50      0                  0                   0                     0                   0           0
             0                 0          0       0          0             0      72904.120           0    97                       0                 0              0                0                0                    0         13     5         13      0         0                  0                 0                163            0      551       50      0                  0                   0                     0                   0           0
             0                 0          0       0          0             0      73223.920           0    98                       0                 0              0                0                0                    0         13     5         13      0         0                  0                 0                163            0      551       50      0                  0                   0                     0                   0           0
             0                 0          0       0          0             0      73543.720           0    99                       0                 0              0                0                0                    0         13     5         13      0         0                  0                 0                163            0      551       50      0                  0                   0                     0                   0           0
#pos runNum=0 0@(1.00000,1.00000)@0 1@(0.71909,1.14429)@853 2@(1.02640,0.93229)@568 3@(0.73767,0.99812)@640 4@(0.82618,0.97903)@640 5@(0.95034,0.99698)@568 6@(0.71999,1.01011)@731 7@(0.79578,0.98966)@1208 8@(0.85751,1.06762)@568 9@(0.72275,0.96171)@1152 10@(1.03931,1.22219)@1706 11@(0.81683,0.91288)@1208 12@(0.90078,1.21021)@1299 13@(0.88339,1.03309)@1152 14@(1.12316,0.96689)@568 15@(1.07233,0.89274)@568 16@(0.97523,0.94099)@640 17@(0.78438,1.15834)@1776 18@(0.97789,1.03946)@512 19@(0.64267,0.90768)@1421 20@(1.10074,0.92332)@1592 21@(1.20400,1.19080)@1421 22@(1.20436,0.77516)@1136 23@(0.79183,0.73552)@2061 24@(1.17732,0.72998)@853 25@(1.25137,0.72173)@1776 26@(0.97981,0.87025)@1080 27@(0.80910,0.77217)@1280 28@(0.86557,0.71218)@1208 29@(0.80772,0.97356)@1493 30@(1.03262,0.96838)@1136 31@(1.03232,0.98391)@1299 32@(0.99115,1.20969)@1706 33@(0.75913,0.81218)@1493 34@(0.99505,0.93404)@568 35@(1.22622,0.92245)@1136 36@(0.85080,0.72807)@1848 37@(0.92076,0.87025)@1136 38@(0.99976,1.14535)@1280 39@(0.71845,1.05363)@1208 40@(0.93007,1.05827)@1080 41@(1.28689,1.14310)@1421 42@(0.79488,1.36889)@1421 43@(0.75320,0.74616)@1848 44@(1.02972,0.97932)@512 45@(1.11926,0.90685)@1848 46@(1.31705,1.31989)@1536 47@(0.86188,0.86125)@1136 48@(0.94343,1.15926)@1493 49@(1.16110,1.15684)@1493
#links runNum=0 4-49@-92dBm@0.670 15-22@-87dBm@0.939 26-44@-93dBm@0.648 34-41@-93dBm@0.636 34-46@-95dBm@0.260 26-47@-95dBm@0.286 15-38@-97dBm@0.040 18-24@-92dBm@0.701 13-26@-88dBm@0.936 18-40@-79dBm@0.999 8-20@-90dBm@0.864 29-44@-94dBm@0.369 30-32@-93dBm@0.589 0-24@-93dBm@0.624 16-39@-93dBm@0.644 5-44@-89dBm@0.886 24-30@-97dBm@0.058 31-33@-92dBm@0.692 12-42@-90dBm@0.865 19-40@-93dBm@0.647 24-34@-94dBm@0.512 9-28@-92dBm@0.678 18-38@-87dBm@0.942 5-7@-88dBm@0.934 11-20@-96dBm@0.119 27-33@-94dBm@0.463 12-38@-95dBm@0.223 8-34@-88dBm@0.903 39-40@-90dBm@0.863 9-48@-97dBm@0.037 3-29@-89dBm@0.865 20-45@-88dBm@0.902 27-28@-81dBm@0.988 35-47@-92dBm@0.674 14-47@-90dBm@0.863 1-18@-90dBm@0.864 13-17@-93dBm@0.600 2-30@-85dBm@0.966 1-9@-94dBm@0.352 30-45@-84dBm@0.972 31-35@-89dBm@0.869 11-34@-88dBm@0.927 16-44@-90dBm@0.817 2-3@-93dBm@0.657 29-31@-90dBm@0.812 16-47@-95dBm@0.242 13-34@-89dBm@0.868 4-15@-94dBm@0.386 0-5@-84dBm@0.971 11-15@-90dBm@0.861 16-31@-85dBm@0.961 3-12@-95dBm@0.200 11-16@-96dBm@0.175 33-43@-79dBm@0.996 4-24@-97dBm@0.015 15-20@-75dBm@1.000 14-36@-95dBm@0.213 5-10@-91dBm@0.734 7-29@-82dBm@0.985 23-29@-94dBm@0.340 32-48@-92dBm@0.674 16-17@-94dBm@0.321 22-25@-90dBm@0.863 5-30@-80dBm@0.990 19-29@-96dBm@0.139 3-38@-90dBm@0.824 13-25@-97dBm@0.013 12-32@-89dBm@0.880 31-45@-94dBm@0.371 30-37@-87dBm@0.940 29-47@-95dBm@0.320 15-16@-92dBm@0.710 29-39@-89dBm@0.895 47-48@-95dBm@0.215 6-7@-80dBm@0.990 9-27@-97dBm@0.004 17-37@-90dBm@0.844 20-41@-95dBm@0.302 27-36@-88dBm@0.934 8-31@-89dBm@0.868 2-10@-93dBm@0.653 16-22@-91dBm@0.731 5-29@-92dBm@0.692 0-16@-90dBm@0.864 9-44@-93dBm@0.573 1-21@-97dBm@0.012 23-37@-95dBm@0.223 26-33@-89dBm@0.868 7-30@-94dBm@0.444 11-37@-95dBm@0.206 5-9@-92dBm@0.709 6-9@-89dBm@0.866 2-4@-93dBm@0.585 38-41@-92dBm@0.714 3-4@-87dBm@0.943 10-33@-96dBm@0.161 4-16@-95dBm@0.286 15-26@-92dBm@0.662 4-13@-78dBm@1.000 14-16@-92dBm@0.701 7-19@-95dBm@0.199 21-22@-96dBm@0.082 11-18@-93dBm@0.647 2-15@-81dBm@0.985 11-36@-90dBm@0.847 25-43@-96dBm@0.176 5-13@-86dBm@0.958 5-24@-91dBm@0.720 6-38@-92dBm@0.714 14-31@-89dBm@0.881 41-49@-87dBm@0.939 28-30@-94dBm@0.416 4-30@-93dBm@0.574 2-28@-89dBm@0.869 0-1@-93dBm@0.654 18-46@-94dBm@0.507 20-34@-95dBm@0.300 5-37@-89dBm@0.901 13-31@-93dBm@0.564 1-29@-89dBm@0.867 37-44@-84dBm@0.969 4-29@-90dBm@0.843 11-29@-81dBm@0.986 20-21@-95dBm@0.204 8-11@-90dBm@0.830 6-17@-97dBm@0.006 5-15@-92dBm@0.696 6-19@-93dBm@0.649 7-27@-87dBm@0.942 0-4@-89dBm@0.867 14-18@-92dBm@0.674 23-27@-93dBm@0.585 8-32@-92dBm@0.680 22-35@-92dBm@0.676 2-20@-93dBm@0.598 34-40@-88dBm@0.934 0-44@-77dBm@1.000 27-29@-97dBm@0.014 15-39@-96dBm@0.164 0-2@-83dBm@0.974 11-43@-90dBm@0.861 36-43@-95dBm@0.233 8-15@-91dBm@0.786 18-34@-92dBm@0.693 0-10@-94dBm@0.385 38-48@-80dBm@0.993 20-26@-91dBm@0.793 5-45@-96dBm@0.189 26-29@-95dBm@0.275 29-35@-93dBm@0.632 15-49@-92dBm@0.717 1-37@-94dBm@0.394 33-40@-92dBm@0.712 36-47@-83dBm@0.977 14-21@-93dBm@0.637 7-14@-94dBm@0.339 0-3@-90dBm@0.864 0-18@-75dBm@1.000 9-47@-88dBm@0.915 14-48@-89dBm@0.890 11-17@-91dBm@0.734 34-45@-84dBm@0.974 1-48@-89dBm@0.888 0-41@-95dBm@0.221 26-43@-89dBm@0.894 20-44@-95dBm@0.284 0-8@-85dBm@0.960 40-46@-95dBm@0.275 1-19@-96dBm@0.151 1-3@-88dBm@0.935 26-31@-95dBm@0.227 7-36@-96dBm@0.166 30-44@-94dBm@0.448 4-8@-83dBm@0.974 3-44@-94dBm@0.358 1-10@-92dBm@0.679 9-13@-88dBm@0.936 2-44@-93dBm@0.656 9-16@-96dBm@0.149 5-6@-93dBm@0.661 5-22@-96dBm@0.132 21-24@-93dBm@0.556 0-15@-83dBm@0.974 16-30@-96dBm@0.184 3-33@-92dBm@0.673 8-38@-91dBm@0.722 39-44@-96dBm@0.143 21-31@-94dBm@0.439 3-26@-93dBm@0.653 16-29@-97dBm@0.004 10-48@-86dBm@0.958 19-33@-95dBm@0.222 14-45@-97dBm@0.062 7-22@-93dBm@0.542 3-5@-89dBm@0.892 2-26@-78dBm@1.000 8-29@-95dBm@0.217 22-36@-96dBm@0.137 2-12@-91dBm@0.756 44-48@-92dBm@0.661 5-31@-91dBm@0.745 30-35@-94dBm@0.474 12-13@-92dBm@0.712 4-11@-88dBm@0.933 3-39@-84dBm@0.971 28-36@-87dBm@0.944 6-13@-96dBm@0.187 23-43@-82dBm@0.985 8-16@-92dBm@0.666 24-39@-96dBm@0.185 30-36@-96dBm@0.109 11-27@-94dBm@0.513 16-35@-93dBm@0.626 1-32@-92dBm@0.683 3-6@-68dBm@1.000 7-23@-92dBm@0.671 19-44@-93dBm@0.561 14-38@-87dBm@0.942 7-17@-88dBm@0.924 16-18@-85dBm@0.961 12-17@-86dBm@0.959 27-37@-84dBm@0.974 0-34@-81dBm@0.986 33-39@-93dBm@0.643 8-48@-95dBm@0.267 24-28@-90dBm@0.853 23-30@-93dBm@0.559 22-44@-90dBm@0.827 24-47@-95dBm@0.205 17-38@-92dBm@0.701 15-33@-97dBm@0.039 11-22@-93dBm@0.644 16-40@-94dBm@0.335 8-12@-85dBm@0.964 24-45@-93dBm@0.656 29-43@-91dBm@0.732 20-24@-88dBm@0.933 4-19@-89dBm@0.865 15-27@-89dBm@0.866 23-48@-96dBm@0.165 18-39@-89dBm@0.890 11-19@-90dBm@0.865 2-16@-78dBm@1.000 17-31@-90dBm@0.809 25-32@-96dBm@0.176 6-16@-94dBm@0.395 19-36@-96dBm@0.101 37-41@-95dBm@0.204 25-34@-94dBm@0.381 3-9@-74dBm@1.000 31-32@-89dBm@0.869 23-25@-94dBm@0.520 35-41@-96dBm@0.109 22-41@-93dBm@0.536 7-34@-95dBm@0.256 11-12@-96dBm@0.184 20-25@-93dBm@0.598 17-32@-93dBm@0.537 5-34@-80dBm@0.993 15-37@-93dBm@0.659 2-47@-85dBm@0.960 14-28@-92dBm@0.708 31-37@-88dBm@0.902 29-32@-96dBm@0.115 28-47@-89dBm@0.877 3-7@-95dBm@0.233 3-40@-95dBm@0.214 6-18@-91dBm@0.794 10-35@-97dBm@0.040 17-27@-97dBm@0.018 1-6@-87dBm@0.939 22-34@-92dBm@0.669 30-39@-94dBm@0.393 20-30@-81dBm@0.986 1-5@-93dBm@0.534 2-40@-95dBm@0.193 32-35@-96dBm@0.109 31-44@-59dBm@1.000 10-21@-88dBm@0.933 30-34@-92dBm@0.668 38-47@-96dBm@0.184 24-25@-82dBm@0.985 5-42@-92dBm@0.662 26-28@-93dBm@0.536 1-2@-92dBm@0.689 7-8@-81dBm@0.986 21-46@-92dBm@0.685 32-41@-92dBm@0.671 9-26@-89dBm@0.873 14-20@-94dBm@0.352 4-7@-85dBm@0.966 12-15@-93dBm@0.608 2-19@-93dBm@0.636 7-13@-86dBm@0.958 22-31@-91dBm@0.803 3-27@-89dBm@0.886 34-49@-91dBm@0.724 16-23@-92dBm@0.696 13-29@-95dBm@0.255 35-49@-91dBm@0.780 6-11@-93dBm@0.655 6-43@-95dBm@0.201 14-35@-83dBm@0.974 23-36@-93dBm@0.638 26-30@-88dBm@0.932 25-30@-96dBm@0.167 30-31@-92dBm@0.681 18-44@-79dBm@1.000 2-34@-96dBm@0.180 0-35@-95dBm@0.227 43-44@-94dBm@0.475 13-32@-88dBm@0.904 2-45@-94dBm@0.485 9-17@-88dBm@0.920 14-17@-95dBm@0.193 7-18@-89dBm@0.889 0-14@-83dBm@0.974 2-14@-81dBm@0.985 18-27@-92dBm@0.674 22-24@-87dBm@0.942 1-38@-95dBm@0.301 10-31@-95dBm@0.225 5-19@-94dBm@0.413 30-33@-97dBm@0.063 10-32@-80dBm@0.994 13-18@-94dBm@0.387 32-46@-93dBm@0.636 30-40@-92dBm@0.666 25-48@-95dBm@0.235 8-13@-90dBm@0.863 9-39@-86dBm@0.951 4-12@-93dBm@0.570 23-24@-93dBm@0.608 1-28@-96dBm@0.177 13-23@-92dBm@0.663 18-42@-93dBm@0.655 14-26@-87dBm@0.942 0-6@-92dBm@0.702 5-47@-85dBm@0.959 16-34@-90dBm@0.865 5-49@-93dBm@0.604 5-14@-89dBm@0.868 32-38@-91dBm@0.735 18-21@-93dBm@0.543
#aveChargePerCycle runNum=0 0@168.84 1@24.27 2@43.81 3@29.47 4@59.37 5@15.86 6@1.30 7@13.61 8@1.30 9@1.30 10@3.24 11@11.64 12@1.30 13@1.30 14@12.13 15@14.72 16@1.30 17@1.30 18@11.39 19@1.94 20@2.59 21@1.94 22@266.16 23@1.30 24@2.59 25@1.30 26@1.30 27@1.30 28@1.30 29@1.30 30@1.30 31@1.30 32@1.30 33@1.94 34@1.30 35@1.30 36@1.30 37@1.30 38@1.94 39@1.30 40@1.30 41@3.24 42@2.59 43@1.30 44@1.30 45@2.59 46@3.24 47@1.30 48@1.94 49@1.94