## dioPeriod = 1.0
## startTime = 1502276497.91
## numMotes = 50
## otfHousekeepingPeriod = 1.0
## slotframeLength = 101
## squareSide = 2.0
## cpuID = 31
## sixtopPdrThreshold = 1.5
## slotDuration = 0.01
## sixtopNoHousekeeping = 0
## pkPeriodVar = 0.05
## numCyclesPerRun = 100
## numRuns = 1
## otfThreshold = 1
## sixtopNoRemoveWorstCell = 0
## burstTimestamp = 20
## simDataDir = simData
## numChans = 16
## minRssi = -97
## noInterference = 0
## algorithm = local_voting
## numPacketsBurst = 5
## gui = False
## pkPeriod = None
## combinationKeys = ['algorithm', 'numMotes', 'otfThreshold']
## sixtopHousekeepingPeriod = 1.0


# appGenerated appReachesDagroot appRelayed aveHops aveLatency aveQueueDelay chargeConsumed collidedTxs cycle droppedAppFailedEnqueue droppedMacRetries droppedNoRoute droppedNoTxCells droppedQueueFull effectiveCollidedTxs numRxCells numTx numTxCells otfAdd otfRemove probableCollisions rplChurnParentSet rplChurnPrefParent rplChurnRank rplRxDIO rplTxDIO runNum scheduleCollisions topRxRelocatedCells topTxRelocatedBundles topTxRelocatedCells txQueueFill
             0                 0          0       0          0             0              0           0     0                       0                 0              0                0                0                    0          0     0          0      0         0                  0                 0                  0            0        0        0      0                  0                   0                     0                   0           0
             0                 0          0       0          0             0              0           0     1                       0                 0              0                0                0                    0          0     0          0      0         0                  0               137                 72            4      534       50      0                  0                   0                     0                   0           0
             0                 0          0       0          0             0              0           0     2                       0                 0              0                0                0                    0          0     0          0      0         0                  0                 0                104            0      534       50      0                  0                   0                     0                   0           0
             0                 0          0       0          0             0              0           0     3                       0                 0              0                0                0                    0          0     0          0      0         0                  0                 0                104            0      534       50      0                  0                   0                     0                   0           0
             0                 0          0       0          0             0              0           0     4                       0                 0              0                0                0                    0          0     0          0      0         0                  0                 0                104            0      534       50      0                  0                   0                     0                   0           0
             0                 0          0       0          0             0              0           0     5                       0                 0              0                0                0                    0          0     0          0      0         0                  0                 0                104            0      534       50      0                  0                   0                     0                   0           0
             0                 0          0       0          0             0              0           0     6                       0                 0              0                0                0                    0          0     0          0      0         0                  0                 0                104            0      534       50      0                  0                   0                     0                   0           0
             0                 0          0       0          0             0              0           0     7                       0                 0              0                0                0                    0          0     0          0      0         0                  0                 0                104            0      534       50      0                  0                   0                     0                   0           0
             0                 0          0       0          0             0              0           0     8                       0                 0              0                0                0                    0          0     0          0      0         0                  0                 0                104            0      534       50      0                  0                   0                     0                   0           0
             0                 0          0       0          0             0              0           0     9                       0                 0              0                0                0                    0          0     0          0      0         0                  0                 0                104            0      534       50      0                  0                   0                     0                   0           0
             0                 0          0       0          0             0              0           0    10                       0                 0              0                0                0                    0          0     0          0      0         0                  0                 0                104            0      534       50      0                  0                   0                     0                   0           0
             0                 0          0       0          0             0              0           0    11                       0                 0              0                0                0                    0          0     0          0      0         0                  0                 0                104            0      534       50      0                  0                   0                     0                   0           0
             0                 0          0       0          0             0              0           0    12                       0                 0              0                0                0                    0          0     0          0      0         0                  0                 0                104            0      534       50      0                  0                   0                     0                   0           0
             0                 0          0       0          0             0              0           0    13                       0                 0              0                0                0                    0          0     0          0      0         0                  0                 0                104            0      534       50      0                  0                   0                     0                   0           0
             0                 0          0       0          0             0              0           0    14                       0                 0              0                0                0                    0          0     0          0      0         0                  0                 0                104            0      534       50      0                  0                   0                     0                   0           0
             0                 0          0       0          0             0              0           0    15                       0                 0              0                0                0                    0          0     0          0      0         0                  0                 0                104            0      534       50      0                  0                   0                     0                   0           0
             0                 0          0       0          0             0              0           0    16                       0                 0              0                0                0                    0          0     0          0      0         0                  0                 0                104            0      534       50      0                  0                   0                     0                   0           0
             0                 0          0       0          0             0              0           0    17                       0                 0              0                0                0                    0          0     0          0      0         0                  0                 0                104            0      534       50      0                  0                   0                     0                   0           0
             0                 0          0       0          0             0              0           0    18                       0                 0              0                0                0                    0          0     0          0      0         0                  0                 0                104            0      534       50      0                  0                   0                     0                   0           0
            49                 0          6       0          0        55.000       1102.960           0    19                       0                 0              0                0                0                    0         74     8         74      0         0                  0                 0                104            0      534       50      0                  0                   0                     0                   0          49
             0                37         27   1.649     81.351      2836.548      13607.680          22    20                       0                 0              0                0                0                    7        251    65        251      0         0                  1                 0                107            9      534       50      0                 11                   1                     0                   0          12
             0                12          2   1.917    152.667       605.600      19451.620           0    21                       0                 0              0                0                0                    0         95    10         95      0         0                  0                 9                104           50      534       50      0                  0                   2                     0                   0           0
             0                 0          0       0          0             0      21001.420           0    22                       0                 0              0                0                0                    0          0     0          0      0         0                  0                 6                106           48      534       50      0                  0                   0                     0                   0           0
             0                 0          0       0          0             0      21001.420           0    23                       0                 0              0                0                0                    0          0     0          0      0         0                  0                 5                105            8      534       50      0                  0                   0                     0                   0           0
             0                 0          0       0          0             0      21001.420           0    24                       0                 0              0                0                0                    0          0     0          0      0         0                  0                 0                104            0      534       50      0                  0                   0                     0                   0           0
             0                 0          0       0          0             0      21001.420           0    25                       0                 0              0                0                0                    0          0     0          0      0         0                  0                 0                104            0      534       50      0                  0                   0                     0                   0           0
             0                 0          0       0          0             0      21001.420           0    26                       0                 0              0                0                0                    0          0     0          0      0         0                  0                 0                104            0      534       50      0                  0                   0                     0                   0           0
             0                 0          0       0          0             0      21001.420           0    27                       0                 0              0                0                0                    0          0     0          0      0         0                  0                 0                104            0      534       50      0                  0                   0                     0                   0           0
             0                 0          0       0          0             0      21001.420           0    28                       0                 0              0                0                0                    0          0     0          0      0         0                  0                 0                104            0      534       50      0                  0                   0                     0                   0           0
             0                 0          0       0          0             0      21001.420           0    29                       0                 0              0                0                0                    0          0     0          0      0         0                  0                 0                104            0      534       50      0                  0                   0                     0                   0           0
             0                 0          0       0          0             0      21001.420           0    30                       0                 0              0                0                0                    0          0     0          0      0         0                  0                 0                104            0      534       50      0                  0                   0                     0                   0           0
             0                 0          0       0          0             0      21001.420           0    31                       0                 0              0                0                0                    0          0     0          0      0         0                  0                 0                104            0      534       50      0                  0                   0                     0                   0           0
             0                 0          0       0          0             0      21001.420           0    32                       0                 0              0                0                0                    0          0     0          0      0         0                  0                 0                104            0      534       50      0                  0                   0                     0                   0           0
             0                 0          0       0          0             0      21001.420           0    33                       0                 0              0                0                0                    0          0     0          0      0         0                  0                 0                104            0      534       50      0                  0                   0                     0                   0           0
             0                 0          0       0          0             0      21001.420           0    34                       0                 0              0                0                0                    0          0     0          0      0         0                  0                 0                104            0      534       50      0                  0                   0                     0                   0           0
             0                 0          0       0          0             0      21001.420           0    35                       0                 0              0                0                0                    0          0     0          0      0         0                  0                 0                104            0      534       50      0                  0                   0                     0                   0           0
             0                 0          0       0          0             0      21001.420           0    36                       0                 0              0                0                0                    0          0     0          0      0         0                  0                 0                104            0      534       50      0                  0                   0                     0                   0           0
             0                 0          0       0          0             0      21001.420           0    37                       0                 0              0                0                0                    0          0     0          0      0         0                  0                 0                104            0      534       50      0                  0                   0                     0                   0           0
             0                 0          0       0          0             0      21001.420           0    38                       0                 0              0                0                0                    0          0     0          0      0         0                  0                 0                104            0      534       50      0                  0                   0                     0                   0           0
             0                 0          0       0          0             0      21001.420           0    39                       0                 0              0                0                0                    0          0     0          0      0         0                  0                 0                104            0      534       50      0                  0                   0                     0                   0           0
             0                 0          0       0          0             0      21001.420           0    40                       0                 0              0                0                0                    0          0     0          0      0         0                  0                 0                104            0      534       50      0                  0                   0                     0                   0           0
             0                 0          0       0          0             0      21001.420           0    41                       0                 0              0                0                0                    0          0     0          0      0         0                  0                 0                104            0      534       50      0                  0                   0                     0                   0           0
             0                 0          0       0          0             0      21001.420           0    42                       0                 0              0                0                0                    0          0     0          0      0         0                  0                 0                104            0      534       50      0                  0                   0                     0                   0           0
             0                 0          0       0          0             0      21001.420           0    43                       0                 0              0                0                0                    0          0     0          0      0         0                  0                 0                104            0      534       50      0                  0                   0                     0                   0           0
             0                 0          0       0          0             0      21001.420           0    44                       0                 0              0                0                0                    0          0     0          0      0         0                  0                 0                104            0      534       50      0                  0                   0                     0                   0           0
             0                 0          0       0          0             0      21001.420           0    45                       0                 0              0                0                0                    0          0     0          0      0         0                  0                 0                104            0      534       50      0                  0                   0                     0                   0           0
             0                 0          0       0          0             0      21001.420           0    46                       0                 0              0                0                0                    0          0     0          0      0         0                  0                 0                104            0      534       50      0                  0                   0                     0                   0           0
             0                 0          0       0          0             0      21001.420           0    47                       0                 0              0                0                0                    0          0     0          0      0         0                  0                 0                104            0      534       50      0                  0                   0                     0                   0           0
             0                 0          0       0          0             0      21001.420           0    48                       0                 0              0                0                0                    0          0     0          0      0         0                  0                 0                104            0      534       50      0                  0                   0                     0                   0           0
             0                 0          0       0          0             0      21001.420           0    49                       0                 0              0                0                0                    0          0     0          0      0         0                  0                 0                104            0      534       50      0                  0                   0                     0                   0           0
             0                 0          0       0          0             0      21001.420           0    50                       0                 0              0                0                0                    0          0     0          0      0         0                  0                 0                104            0      534       50      0                  0                   0                     0                   0           0
             0                 0          0       0          0             0      21001.420           0    51                       0                 0              0                0                0                    0          0     0          0      0         0                  0                 0                104            0      534       50      0                  0                   0                     0                   0           0
             0                 0          0       0          0             0      21001.420           0    52                       0                 0              0                0                0                    0          0     0          0      0         0                  0                 0                104            0      534       50      0                  0                   0                     0                   0           0
             0                 0          0       0          0             0      21001.420           0    53                       0                 0              0                0                0                    0          0     0          0      0         0                  0                 0                104            0      534       50      0                  0                   0                     0                   0           0
             0                 0          0       0          0             0      21001.420           0    54                       0                 0              0                0                0                    0          0     0          0      0         0                  0                 0                104            0      534       50      0                  0                   0                     0                   0           0
             0                 0          0       0          0             0      21001.420           0    55                       0                 0              0                0                0                    0          0     0          0      0         0                  0                 0                104            0      534       50      0                  0                   0                     0                   0           0
             0                 0          0       0          0             0      21001.420           0    56                       0                 0              0                0                0                    0          0     0          0      0         0                  0                 0                104            0      534       50      0                  0                   0                     0                   0           0
             0                 0          0       0          0             0      21001.420           0    57                       0                 0              0                0                0                    0          0     0          0      0         0                  0                 0                104            0      534       50      0                  0                   0                     0                   0           0
             0                 0          0       0          0             0      21001.420           0    58                       0                 0              0                0                0                    0          0     0          0      0         0                  0                 0                104            0      534       50      0                  0                   0                     0                   0           0
            49                 7         17   1.429     32.286       742.500      24999.740          10    59                       0                 0              0                0                0                    3        158    26        158      0         0                  0                 0                104            0      534       50      0                  5                   0                     0                   0          42
             0                37         18   1.730    110.297      2692.643      37224.300           8    60                       0                 0              0                0                0                    0        148    55        148      0         0                  0                 1                102           30      534       50      0                  4                   0                     0                   0           5
             0                 5          0   2.000    176.200       202.000      38892.300           0    61                       0                 0              0                0                0                    0          0     0          0      0         0                  0                12                110           52      534       50      0                  0                   0                     0                   0           0
             0                 0          0       0          0             0      38892.300           0    62                       0                 0              0                0                0                    0          0     0          0      0         0                  0                 5                108           45      534       50      0                  0                   0                     0                   0           0
             0                 0          0       0          0             0      38892.300           0    63                       0                 0              0                0                0                    0          0     0          0      0         0                  0                 5                104            0      534       50      0                  0                   0                     0                   0           0
             0                 0          0       0          0             0      38892.300           0    64                       0                 0              0                0                0                    0          0     0          0      0         0                  0                 0                104            0      534       50      0                  0                   0                     0                   0           0
             0                 0          0       0          0             0      38892.300           0    65                       0                 0              0                0                0                    0          0     0          0      0         0                  0                 0                104            0      534       50      0                  0                   0                     0                   0           0
             0                 0          0       0          0             0      38892.300           0    66                       0                 0              0                0                0                    0          0     0          0      0         0                  0                 0                104            0      534       50      0                  0                   0                     0                   0           0
             0                 0          0       0          0             0      38892.300           0    67                       0                 0              0                0                0                    0          0     0          0      0         0                  0                 0                104            0      534       50      0                  0                   0                     0                   0           0
             0                 0          0       0          0             0      38892.300           0    68                       0                 0              0                0                0                    0          0     0          0      0         0                  0                 0                104            0      534       50      0                  0                   0                     0                   0           0
             0                 0          0       0          0             0      38892.300           0    69                       0                 0              0                0                0                    0          0     0          0      0         0                  0                 0                104            0      534       50      0                  0                   0                     0                   0           0
             0                 0          0       0          0             0      38892.300           0    70                       0                 0              0                0                0                    0          0     0          0      0         0                  0                 0                104            0      534       50      0                  0                   0                     0                   0           0
             0                 0          0       0          0             0      38892.300           0    71                       0                 0              0                0                0                    0          0     0          0      0         0                  0                 0                104            0      534       50      0                  0                   0                     0                   0           0
             0                 0          0       0          0             0      38892.300           0    72                       0                 0              0                0                0                    0          0     0          0      0         0                  0                 0                104            0      534       50      0                  0                   0                     0                   0           0
             0                 0          0       0          0             0      38892.300           0    73                       0                 0              0                0                0                    0          0     0          0      0         0                  0                 0                104            0      534       50      0                  0                   0                     0                   0           0
             0                 0          0       0          0             0      38892.300           0    74                       0                 0              0                0                0                    0          0     0          0      0         0                  0                 0                104            0      534       50      0                  0                   0                     0                   0           0
             0                 0          0       0          0             0      38892.300           0    75                       0                 0              0                0                0                    0          0     0          0      0         0                  0                 0                104            0      534       50      0                  0                   0                     0                   0           0
             0                 0          0       0          0             0      38892.300           0    76                       0                 0              0                0                0                    0          0     0          0      0         0                  0                 0                104            0      534       50      0                  0                   0                     0                   0           0
             0                 0          0       0          0             0      38892.300           0    77                       0                 0              0                0                0                    0          0     0          0      0         0                  0                 0                104            0      534       50      0                  0                   0                     0                   0           0
             0                 0          0       0          0             0      38892.300           0    78                       0                 0              0                0                0                    0          0     0          0      0         0                  0                 0                104            0      534       50      0                  0                   0                     0                   0           0
             0                 0          0       0          0             0      38892.300           0    79                       0                 0              0                0                0                    0          0     0          0      0         0                  0                 0                104            0      534       50      0                  0                   0                     0                   0           0
             0                 0          0       0          0             0      38892.300           0    80                       0                 0              0                0                0                    0          0     0          0      0         0                  0                 0                104            0      534       50      0                  0                   0                     0                   0           0
             0                 0          0       0          0             0      38892.300           0    81                       0                 0              0                0                0                    0          0     0          0      0         0                  0                 0                104            0      534       50      0                  0                   0                     0                   0           0
             0                 0          0       0          0             0      38892.300           0    82                       0                 0              0                0                0                    0          0     0          0      0         0                  0                 0                104            0      534       50      0                  0                   0                     0                   0           0
             0                 0          0       0          0             0      38892.300           0    83                       0                 0              0                0                0                    0          0     0          0      0         0                  0                 0                104            0      534       50      0                  0                   0                     0                   0           0
             0                 0          0       0          0             0      38892.300           0    84                       0                 0              0                0                0                    0          0     0          0      0         0                  0                 0                104            0      534       50      0                  0                   0                     0                   0           0
             0                 0          0       0          0             0      38892.300           0    85                       0                 0              0                0                0                    0          0     0          0      0         0                  0                 0                104            0      534       50      0                  0                   0                     0                   0           0
             0                 0          0       0          0             0      38892.300           0    86                       0                 0              0                0                0                    0          0     0          0      0         0                  0                 0                104            0      534       50      0                  0                   0                     0                   0           0
             0                 0          0       0          0             0      38892.300           0    87                       0                 0              0                0                0                    0          0     0          0      0         0                  0                 0                104            0      534       50      0                  0                   0                     0                   0           0
             0                 0          0       0          0             0      38892.300           0    88                       0                 0              0                0                0                    0          0     0          0      0         0                  0                 0                104            0      534       50      0                  0                   0                     0                   0           0
             0                 0          0       0          0             0      38892.300           0    89                       0                 0              0                0                0                    0          0     0          0      0         0                  0                 0                104            0      534       50      0                  0                   0                     0                   0           0
             0                 0          0       0          0             0      38892.300           0    90                       0                 0              0                0                0                    0          0     0          0      0         0                  0                 0                104            0      534       50      0                  0                   0                     0                   0           0
             0                 0          0       0          0             0      38892.300           0    91                       0                 0              0                0                0                    0          0     0          0      0         0                  0                 0                104            0      534       50      0                  0                   0                     0                   0           0
             0                 0          0       0          0             0      38892.300           0    92                       0                 0              0                0                0                    0          0     0          0      0         0                  0                 0                104            0      534       50      0                  0                   0                     0                   0           0
             0                 0          0       0          0             0      38892.300           0    93                       0                 0              0                0                0                    0          0     0          0      0         0                  0                 0                104            0      534       50      0                  0                   0                     0                   0           0
             0                 0          0       0          0             0      38892.300           0    94                       0                 0              0                0                0                    0          0     0          0      0         0                  0                 0                104            0      534       50      0                  0                   0                     0                   0           0
             0                 0          0       0          0             0      38892.300           0    95                       0                 0              0                0                0                    0          0     0          0      0         0                  0                 0                104            0      534       50      0                  0                   0                     0                   0           0
             0                 0          0       0          0             0      38892.300           0    96                       0                 0              0                0                0                    0          0     0          0      0         0                  0                 0                104            0      534       50      0                  0                   0                     0                   0           0
             0                 0          0       0          0             0      38892.300           0    97                       0                 0              0                0                0                    0          0     0          0      0         0                  0                 0                104            0      534       50      0                  0                   0                     0                   0           0
             0                 0          0       0          0             0      38892.300           0    98                       0                 0              0                0                0                    0          0     0          0      0         0                  0                 0                104            0      534       50      0                  0                   0                     0                   0           0
             0                 0          0       0          0             0      38892.300           0    99                       0                 0              0                0                0                    0          0     0          0      0         0                  0                 0                104            0      534       50      0                  0                   0                     0                   0           0
#pos runNum=0 0@(1.00000,1.00000)@0 1@(1.18561,1.11082)@731 2@(1.17796,0.98692)@568 3@(1.17464,0.82770)@640 4@(1.06693,1.09449)@853 5@(1.27824,0.89748)@1462 6@(1.26654,0.99556)@853 7@(0.98622,1.03269)@512 8@(0.88054,0.89601)@1584 9@(1.02029,1.08258)@568 10@(0.93144,0.96656)@568 11@(0.88469,0.89918)@1080 12@(1.20108,1.08161)@1243 13@(1.24464,0.90124)@731 14@(0.85658,0.84444)@1136 15@(1.18839,1.00907)@1080 16@(1.08829,1.14026)@568 17@(0.90088,0.85224)@731 18@(1.41136,1.00936)@1421 19@(1.14476,1.09502)@1299 20@(0.89637,0.87637)@1208 21@(1.22441,0.93069)@1080 22@(1.02781,1.28929)@640 23@(0.97860,1.17259)@1493 24@(1.10653,0.95062)@640 25@(1.21200,0.78734)@1136 26@(0.82550,1.11466)@1152 27@(1.29752,1.04968)@1421 28@(1.29929,0.79535)@1136 29@(1.43718,0.97071)@1493 30@(0.86368,1.26433)@1493 31@(1.05238,1.23075)@1208 32@(1.31676,0.83450)@1280 33@(0.86124,1.34318)@1706 34@(1.23400,1.13026)@1243 35@(0.98571,0.96993)@1493 36@(1.30285,1.01278)@1208 37@(1.06643,1.28718)@1421 38@(1.02225,1.09717)@1421 39@(1.42001,1.03887)@2061 40@(0.83780,0.94630)@1584 41@(1.04480,1.26720)@1848 42@(1.00207,1.43188)@1421 43@(0.82607,0.85852)@568 44@(1.07097,1.42604)@1208 45@(0.82157,1.05225)@1080 46@(0.97155,1.22465)@1421 47@(1.25700,1.11403)@1299 48@(1.18860,1.17193)@1706 49@(1.23079,1.12614)@640
#links runNum=0 13-25@-94dBm@0.408 4-15@-90dBm@0.850 38-49@-93dBm@0.654 36-39@-96dBm@0.174 18-29@-77dBm@1.000 2-43@-92dBm@0.711 19-27@-85dBm@0.960 7-26@-89dBm@0.869 9-19@-95dBm@0.233 15-31@-97dBm@0.001 4-8@-91dBm@0.788 33-37@-96dBm@0.188 19-42@-92dBm@0.712 0-35@-96dBm@0.123 26-45@-91dBm@0.771 33-42@-95dBm@0.318 1-10@-92dBm@0.672 11-23@-93dBm@0.641 0-16@-87dBm@0.949 22-23@-97dBm@0.066 3-7@-93dBm@0.658 13-41@-93dBm@0.629 16-35@-89dBm@0.868 44-46@-94dBm@0.488 2-23@-94dBm@0.385 7-44@-95dBm@0.209 12-42@-97dBm@0.065 4-36@-94dBm@0.449 35-37@-91dBm@0.741 2-34@-85dBm@0.961 24-31@-95dBm@0.315 4-17@-93dBm@0.616 20-43@-92dBm@0.666 33-46@-84dBm@0.968 16-19@-79dBm@1.000 2-4@-87dBm@0.945 38-41@-91dBm@0.755 31-38@-94dBm@0.328 6-49@-91dBm@0.737 42-44@-93dBm@0.637 10-45@-89dBm@0.870 24-47@-91dBm@0.801 8-45@-90dBm@0.862 16-21@-94dBm@0.499 1-8@-92dBm@0.671 38-40@-96dBm@0.097 7-22@-92dBm@0.717 11-17@-81dBm@0.985 27-36@-85dBm@0.959 30-39@-97dBm@0.043 15-18@-91dBm@0.738 1-16@-81dBm@0.987 38-39@-94dBm@0.395 2-25@-87dBm@0.948 13-24@-93dBm@0.614 30-33@-82dBm@0.985 12-30@-95dBm@0.295 36-40@-96dBm@0.135 31-46@-94dBm@0.472 6-12@-84dBm@0.974 0-2@-85dBm@0.960 13-21@-72dBm@1.000 4-19@-81dBm@0.985 41-45@-94dBm@0.468 18-39@-89dBm@0.870 1-4@-92dBm@0.665 2-7@-88dBm@0.905 12-13@-89dBm@0.899 5-19@-94dBm@0.455 1-5@-92dBm@0.715 6-8@-95dBm@0.210 10-43@-90dBm@0.861 21-32@-83dBm@0.974 41-48@-86dBm@0.958 26-40@-87dBm@0.942 7-33@-91dBm@0.733 2-12@-91dBm@0.720 3-31@-96dBm@0.102 47-49@-87dBm@0.941 13-18@-96dBm@0.110 21-27@-95dBm@0.252 3-38@-96dBm@0.099 21-38@-91dBm@0.764 2-27@-93dBm@0.642 18-34@-94dBm@0.456 4-46@-86dBm@0.950 8-40@-84dBm@0.969 1-40@-93dBm@0.641 10-17@-94dBm@0.370 17-40@-90dBm@0.864 27-29@-87dBm@0.943 6-32@-87dBm@0.945 29-41@-94dBm@0.389 5-25@-86dBm@0.953 31-35@-92dBm@0.673 22-45@-94dBm@0.427 4-10@-97dBm@0.073 0-1@-91dBm@0.783 10-46@-93dBm@0.592 2-9@-89dBm@0.866 18-25@-90dBm@0.817 1-12@-77dBm@1.000 10-14@-86dBm@0.950 27-47@-83dBm@0.976 5-43@-94dBm@0.516 12-36@-93dBm@0.638 11-14@-79dBm@1.000 13-16@-95dBm@0.273 19-32@-92dBm@0.709 15-32@-97dBm@0.024 18-27@-94dBm@0.417 4-33@-92dBm@0.684 0-9@-81dBm@0.988 7-45@-88dBm@0.936 12-34@-96dBm@0.119 18-21@-91dBm@0.723 4-48@-92dBm@0.662 20-26@-94dBm@0.350 19-35@-96dBm@0.154 0-41@-95dBm@0.250 27-37@-91dBm@0.746 16-31@-83dBm@0.979 28-36@-94dBm@0.435 3-36@-88dBm@0.921 6-29@-90dBm@0.809 7-13@-96dBm@0.154 41-47@-90dBm@0.862 12-18@-89dBm@0.867 34-47@-94dBm@0.349 19-22@-90dBm@0.810 38-47@-89dBm@0.869 44-48@-90dBm@0.826 10-38@-92dBm@0.698 3-6@-88dBm@0.936 6-36@-75dBm@1.000 1-19@-84dBm@0.974 1-47@-87dBm@0.942 5-6@-84dBm@0.969 14-20@-88dBm@0.934 12-27@-85dBm@0.964 31-48@-89dBm@0.866 2-31@-90dBm@0.861 17-49@-94dBm@0.383 3-21@-91dBm@0.742 10-18@-97dBm@0.035 21-28@-94dBm@0.505 6-10@-96dBm@0.129 16-27@-91dBm@0.728 11-26@-92dBm@0.692 2-3@-87dBm@0.941 19-20@-95dBm@0.228 3-10@-91dBm@0.744 4-45@-97dBm@0.022 5-27@-86dBm@0.950 5-29@-94dBm@0.490 18-22@-95dBm@0.237 25-38@-95dBm@0.211 5-18@-96dBm@0.185 0-17@-91dBm@0.785 37-44@-83dBm@0.974 12-23@-93dBm@0.530 34-46@-91dBm@0.741 12-16@-97dBm@0.069 18-36@-96dBm@0.124 2-22@-93dBm@0.658 24-32@-90dBm@0.864 8-14@-82dBm@0.980 27-39@-93dBm@0.584 4-37@-86dBm@0.956 16-42@-93dBm@0.642 4-38@-84dBm@0.973 1-2@-86dBm@0.958 11-19@-95dBm@0.288 0-4@-92dBm@0.690 3-12@-89dBm@0.893 0-13@-92dBm@0.715 19-44@-91dBm@0.779 8-9@-89dBm@0.875 3-24@-86dBm@0.950 15-16@-87dBm@0.938 0-34@-97dBm@0.049 30-44@-92dBm@0.715 23-26@-97dBm@0.013 23-30@-86dBm@0.956 5-49@-93dBm@0.641 10-35@-87dBm@0.943 9-45@-88dBm@0.930 0-49@-89dBm@0.890 19-34@-84dBm@0.970 9-35@-82dBm@0.981 3-35@-93dBm@0.644 14-17@-84dBm@0.973 22-44@-88dBm@0.933 1-34@-79dBm@1.000 9-26@-88dBm@0.937 0-7@-78dBm@1.000 13-33@-97dBm@0.042 9-24@-87dBm@0.949 4-16@-78dBm@1.000 31-44@-90dBm@0.807 37-48@-96dBm@0.185 25-39@-95dBm@0.257 42-43@-97dBm@0.072 37-41@-88dBm@0.934 17-24@-92dBm@0.714 0-43@-88dBm@0.914 7-35@-93dBm@0.639 23-41@-96dBm@0.182 8-38@-90dBm@0.865 15-36@-83dBm@0.974 0-24@-90dBm@0.853 22-37@-92dBm@0.694 31-37@-82dBm@0.985 21-29@-89dBm@0.895 42-49@-94dBm@0.520 5-44@-96dBm@0.121 9-21@-95dBm@0.239 2-15@-74dBm@1.000 21-25@-84dBm@0.974 8-17@-81dBm@0.987 3-37@-97dBm@0.005 0-10@-83dBm@0.979 15-20@-93dBm@0.606 23-46@-85dBm@0.965 12-33@-95dBm@0.221 16-38@-84dBm@0.970 8-24@-96dBm@0.085 4-18@-97dBm@0.030 24-29@-97dBm@0.048 27-32@-92dBm@0.709 12-47@-92dBm@0.683 33-41@-93dBm@0.548 2-5@-85dBm@0.964 22-49@-91dBm@0.741 4-9@-76dBm@1.000 4-23@-90dBm@0.863 34-35@-94dBm@0.426 0-22@-90dBm@0.863 15-25@-88dBm@0.914 25-34@-92dBm@0.669 3-5@-82dBm@0.980 9-11@-89dBm@0.870 9-23@-94dBm@0.476 9-38@-73dBm@1.000 37-49@-88dBm@0.936 22-31@-91dBm@0.727 7-10@-92dBm@0.695 10-20@-89dBm@0.870 4-30@-90dBm@0.860 2-28@-88dBm@0.933 10-11@-90dBm@0.863 8-23@-93dBm@0.641 35-38@-93dBm@0.560 27-49@-87dBm@0.942 0-3@-90dBm@0.862 2-47@-90dBm@0.817 8-16@-92dBm@0.690 41-42@-94dBm@0.521 31-33@-96dBm@0.115 28-37@-96dBm@0.080 22-34@-92dBm@0.683 7-11@-86dBm@0.958 6-15@-83dBm@0.976 34-49@-75dBm@1.000 1-6@-95dBm@0.211 33-34@-95dBm@0.301 1-13@-87dBm@0.941 23-42@-91dBm@0.734 7-15@-86dBm@0.951 12-49@-88dBm@0.919 25-30@-97dBm@0.069 8-11@-86dBm@0.954 12-15@-89dBm@0.893 17-28@-94dBm@0.512 2-19@-95dBm@0.226 6-13@-85dBm@0.959 11-31@-94dBm@0.442 12-24@-94dBm@0.470 47-48@-97dBm@0.053 0-6@-93dBm@0.604 48-49@-90dBm@0.851 12-37@-89dBm@0.898 9-12@-97dBm@0.074 9-41@-94dBm@0.418 6-18@-86dBm@0.950 6-24@-85dBm@0.960 11-43@-80dBm@0.992 1-3@-90dBm@0.861 39-48@-91dBm@0.745 26-34@-96dBm@0.164 7-38@-81dBm@0.985 15-24@-96dBm@0.155 22-30@-93dBm@0.651 4-13@-91dBm@0.794 2-10@-90dBm@0.848 28-29@-88dBm@0.903 23-38@-90dBm@0.809 13-34@-90dBm@0.809 7-23@-96dBm@0.191 3-32@-90dBm@0.863 10-22@-94dBm@0.369 6-19@-93dBm@0.610 2-21@-78dBm@1.000 23-48@-96dBm@0.109 40-43@-84dBm@0.973 1-23@-97dBm@0.014 7-8@-90dBm@0.858 29-34@-93dBm@0.646 24-39@-91dBm@0.734 10-12@-95dBm@0.197 34-48@-77dBm@1.000 20-30@-92dBm@0.664
#aveChargePerCycle runNum=0 0@126.28 1@38.18 2@29.86 3@17.67 4@39.54 5@1.30 6@15.70 7@19.39 8@1.94 9@8.07 10@10.66 11@1.94 12@1.30 13@1.30 14@1.30 15@1.30 16@7.73 17@1.30 18@9.27 19@1.30 20@1.30 21@1.30 22@7.57 23@1.30 24@1.94 25@1.30 26@1.94 27@1.94 28@1.30 29@1.30 30@1.30 31@1.30 32@1.30 33@3.89 34@1.30 35@1.94 36@1.30 37@1.30 38@1.30 39@1.30 40@1.94 41@3.24 42@1.30 43@1.30 44@1.30 45@1.30 46@1.30 47@1.30 48@1.30 49@1.94