## dioPeriod = 1.0
## startTime = 1502276501.58
## numMotes = 50
## otfHousekeepingPeriod = 1.0
## slotframeLength = 101
## squareSide = 2.0
## cpuID = 7
## sixtopPdrThreshold = 1.5
## slotDuration = 0.01
## sixtopNoHousekeeping = 0
## pkPeriodVar = 0.05
## numCyclesPerRun = 100
## numRuns = 1
## otfThreshold = 1
## sixtopNoRemoveWorstCell = 0
## burstTimestamp = 20
## simDataDir = simData
## numChans = 16
## minRssi = -97
## noInterference = 0
## algorithm = local_voting
## numPacketsBurst = 5
## gui = False
## pkPeriod = None
## combinationKeys = ['algorithm', 'numMotes', 'otfThreshold']
## sixtopHousekeepingPeriod = 1.0


# appGenerated appReachesDagroot appRelayed aveHops aveLatency aveQueueDelay chargeConsumed collidedTxs cycle droppedAppFailedEnqueue droppedMacRetries droppedNoRoute droppedNoTxCells droppedQueueFull effectiveCollidedTxs numRxCells numTx numTxCells otfAdd otfRemove probableCollisions rplChurnParentSet rplChurnPrefParent rplChurnRank rplRxDIO rplTxDIO runNum scheduleCollisions topRxRelocatedCells topTxRelocatedBundles topTxRelocatedCells txQueueFill
             0                 0          0       0          0             0              0           0     0                       0                 0              0                0                0                    0          0     0          0      0         0                  0                 0                  0            0        0        0      0                  0                   0                     0                   0           0
             0                 0          0       0          0             0              0           0     1                       0                 0              0                0                0                    0          0     0          0      0         0                  0               149                110            6      498       50      0                  0                   0                     0                   0           0
             0                 0          0       0          0             0              0           0     2                       0                 0              0                0                0                    0          0     0          0      0         0                  0                 0                164            0      498       50      0                  0                   0                     0                   0           0
             0                 0          0       0          0             0              0           0     3                       0                 0              0                0                0                    0          0     0          0      0         0                  0                 0                164            0      498       50      0                  0                   0                     0                   0           0
             0                 0          0       0          0             0              0           0     4                       0                 0              0                0                0                    0          0     0          0      0         0                  0                 0                164            0      498       50      0                  0                   0                     0                   0           0
             0                 0          0       0          0             0              0           0     5                       0                 0              0                0                0                    0          0     0          0      0         0                  0                 0                164            0      498       50      0                  0                   0                     0                   0           0
             0                 0          0       0          0             0              0           0     6                       0                 0              0                0                0                    0          0     0          0      0         0                  0                 0                164            0      498       50      0                  0                   0                     0                   0           0
             0                 0          0       0          0             0              0           0     7                       0                 0              0                0                0                    0          0     0          0      0         0                  0                 0                164            0      498       50      0                  0                   0                     0                   0           0
             0                 0          0       0          0             0              0           0     8                       0                 0              0                0                0                    0          0     0          0      0         0                  0                 0                164            0      498       50      0                  0                   0                     0                   0           0
             0                 0          0       0          0             0              0           0     9                       0                 0              0                0                0                    0          0     0          0      0         0                  0                 0                164            0      498       50      0                  0                   0                     0                   0           0
             0                 0          0       0          0             0              0           0    10                       0                 0              0                0                0                    0          0     0          0      0         0                  0                 0                164            0      498       50      0                  0                   0                     0                   0           0
             0                 0          0       0          0             0              0           0    11                       0                 0              0                0                0                    0          0     0          0      0         0                  0                 0                164            0      498       50      0                  0                   0                     0                   0           0
             0                 0          0       0          0             0              0           0    12                       0                 0              0                0                0                    0          0     0          0      0         0                  0                 0                164            0      498       50      0                  0                   0                     0                   0           0
             0                 0          0       0          0             0              0           0    13                       0                 0              0                0                0                    0          0     0          0      0         0                  0                 0                164            0      498       50      0                  0                   0                     0                   0           0
             0                 0          0       0          0             0              0           0    14                       0                 0              0                0                0                    0          0     0          0      0         0                  0                 0                164            0      498       50      0                  0                   0                     0                   0           0
             0                 0          0       0          0             0              0           0    15                       0                 0              0                0                0                    0          0     0          0      0         0                  0                 0                164            0      498       50      0                  0                   0                     0                   0           0
             0                 0          0       0          0             0              0           0    16                       0                 0              0                0                0                    0          0     0          0      0         0                  0                 0                164            0      498       50      0                  0                   0                     0                   0           0
             0                 0          0       0          0             0              0           0    17                       0                 0              0                0                0                    0          0     0          0      0         0                  0                 0                164            0      498       50      0                  0                   0                     0                   0           0
             0                 0          0       0          0             0              0           0    18                       0                 0              0                0                0                    0          0     0          0      0         0                  0                 0                164            0      498       50      0                  0                   0                     0                   0           0
            49                 0          2       0          0        11.000        576.300           6    19                       0                 0              0                0                0                    1         95     5         95      0         0                  0                 0                164            0      498       50      0                  3                   0                     0                   0          49
             0                21         32   1.476     92.952      2880.000      13882.820          22    20                       0                 0              0                0                5                    7        251    70        251      0         0                  3                 0                164            4      498       50      0                 11                   0                     0                   0          28
             0                27          9   2.148    150.667      1359.567      22723.560           2    21                       0                 0              0                0                0                    0        135     2        135      0         0                  1                 7                159           55      498       50      0                  1                   1                     0                   0           1
             0                 0          0       0          0             0      25011.360           0    22                       0                 0              0                0                0                    0          0     0          0      0         0                  0                 5                162           53      498       50      0                  0                   0                     0                   0           1
             0                 0          1       0          0       166.000      26546.300           0    23                       0                 0              0                0                0                    0        101     2        101      0         0                  0                 4                162            2      498       50      0                  0                   0                     0                   0           1
             0                 1          0   4.000    501.000       131.000      28287.020           0    24                       0                 0              0                0                0                    0        101     1        101      0         0                  0                 1                162            3      498       50      0                  0                   0                     0                   0           0
             0                 0          0       0          0             0      30230.420           0    25                       0                 0              0                0                0                    0          0     0          0      0         0                  0                 0                156           11      498       50      0                  0                   0                     0                   0           0
             0                 0          0       0          0             0      30230.420           0    26                       0                 0              0                0                0                    0          0     0          0      0         0                  0                 0                162           11      498       50      0                  0                   0                     0                   0           0
             0                 0          0       0          0             0      30230.420           0    27                       0                 0              0                0                0                    0          0     0          0      0         0                  0                 0                162            0      498       50      0                  0                   0                     0                   0           0
             0                 0          0       0          0             0      30230.420           0    28                       0                 0              0                0                0                    0          0     0          0      0         0                  0                 0                162            0      498       50      0                  0                   0                     0                   0           0
             0                 0          0       0          0             0      30230.420           0    29                       0                 0              0                0                0                    0          0     0          0      0         0                  0                 0                162            0      498       50      0                  0                   0                     0                   0           0
             0                 0          0       0          0             0      30230.420           0    30                       0                 0              0                0                0                    0          0     0          0      0         0                  0                 0                162            0      498       50      0                  0                   0                     0                   0           0
             0                 0          0       0          0             0      30230.420           0    31                       0                 0              0                0                0                    0          0     0          0      0         0                  0                 0                162            0      498       50      0                  0                   0                     0                   0           0
             0                 0          0       0          0             0      30230.420           0    32                       0                 0              0                0                0                    0          0     0          0      0         0                  0                 0                162            0      498       50      0                  0                   0                     0                   0           0
             0                 0          0       0          0             0      30230.420           0    33                       0                 0              0                0                0                    0          0     0          0      0         0                  0                 0                162            0      498       50      0                  0                   0                     0                   0           0
             0                 0          0       0          0             0      30230.420           0    34                       0                 0              0                0                0                    0          0     0          0      0         0                  0                 0                162            0      498       50      0                  0                   0                     0                   0           0
             0                 0          0       0          0             0      30230.420           0    35                       0                 0              0                0                0                    0          0     0          0      0         0                  0                 0                162            0      498       50      0                  0                   0                     0                   0           0
             0                 0          0       0          0             0      30230.420           0    36                       0                 0              0                0                0                    0          0     0          0      0         0                  0                 0                162            0      498       50      0                  0                   0                     0                   0           0
             0                 0          0       0          0             0      30230.420           0    37                       0                 0              0                0                0                    0          0     0          0      0         0                  0                 0                162            0      498       50      0                  0                   0                     0                   0           0
             0                 0          0       0          0             0      30230.420           0    38                       0                 0              0                0                0                    0          0     0          0      0         0                  0                 0                162            0      498       50      0                  0                   0                     0                   0           0
             0                 0          0       0          0             0      30230.420           0    39                       0                 0              0                0                0                    0          0     0          0      0         0                  0                 0                162            0      498       50      0                  0                   0                     0                   0           0
             0                 0          0       0          0             0      30230.420           0    40                       0                 0              0                0                0                    0          0     0          0      0         0                  0                 0                162            0      498       50      0                  0                   0                     0                   0           0
             0                 0          0       0          0             0      30230.420           0    41                       0                 0              0                0                0                    0          0     0          0      0         0                  0                 0                162            0      498       50      0                  0                   0                     0                   0           0
             0                 0          0       0          0             0      30230.420           0    42                       0                 0              0                0                0                    0          0     0          0      0         0                  0                 0                162            0      498       50      0                  0                   0                     0                   0           0
             0                 0          0       0          0             0      30230.420           0    43                       0                 0              0                0                0                    0          0     0          0      0         0                  0                 0                162            0      498       50      0                  0                   0                     0                   0           0
             0                 0          0       0          0             0      30230.420           0    44                       0                 0              0                0                0                    0          0     0          0      0         0                  0                 0                162            0      498       50      0                  0                   0                     0                   0           0
             0                 0          0       0          0             0      30230.420           0    45                       0                 0              0                0                0                    0          0     0          0      0         0                  0                 0                162            0      498       50      0                  0                   0                     0                   0           0
             0                 0          0       0          0             0      30230.420           0    46                       0                 0              0                0                0                    0          0     0          0      0         0                  0                 0                162            0      498       50      0                  0                   0                     0                   0           0
             0                 0          0       0          0             0      30230.420           0    47                       0                 0              0                0                0                    0          0     0          0      0         0                  0                 0                162            0      498       50      0                  0                   0                     0                   0           0
             0                 0          0       0          0             0      30230.420           0    48                       0                 0              0                0                0                    0          0     0          0      0         0                  0                 0                162            0      498       50      0                  0                   0                     0                   0           0
             0                 0          0       0          0             0      30230.420           0    49                       0                 0              0                0                0                    0          0     0          0      0         0                  0                 0                162            0      498       50      0                  0                   0                     0                   0           0
             0                 0          0       0          0             0      30230.420           0    50                       0                 0              0                0                0                    0          0     0          0      0         0                  0                 0                162            0      498       50      0                  0                   0                     0                   0           0
             0                 0          0       0          0             0      30230.420           0    51                       0                 0              0                0                0                    0          0     0          0      0         0                  0                 0                162            0      498       50      0                  0                   0                     0                   0           0
             0                 0          0       0          0             0      30230.420           0    52                       0                 0              0                0                0                    0          0     0          0      0         0                  0                 0                162            0      498       50      0                  0                   0                     0                   0           0
             0                 0          0       0          0             0      30230.420           0    53                       0                 0              0                0                0                    0          0     0          0      0         0                  0                 0                162            0      498       50      0                  0                   0                     0                   0           0
             0                 0          0       0          0             0      30230.420           0    54                       0                 0              0                0                0                    0          0     0          0      0         0                  0                 0                162            0      498       50      0                  0                   0                     0                   0           0
             0                 0          0       0          0             0      30230.420           0    55                       0                 0              0                0                0                    0          0     0          0      0         0                  0                 0                162            0      498       50      0                  0                   0                     0                   0           0
             0                 0          0       0          0             0      30230.420           0    56                       0                 0              0                0                0                    0          0     0          0      0         0                  0                 0                162            0      498       50      0                  0                   0                     0                   0           0
             0                 0          0       0          0             0      30230.420           0    57                       0                 0              0                0                0                    0          0     0          0      0         0                  0                 0                162            0      498       50      0                  0                   0                     0                   0           0
             0                 0          0       0          0             0      30230.420           0    58                       0                 0              0                0                0                    0          0     0          0      0         0                  0                 0                162            0      498       50      0                  0                   0                     0                   0           0
            49                 6         14   1.167     39.333       585.000      33735.660          17    59                       0                 0              0                0                0                    5        196    22        196      0         0                  0                 0                162            0      498       50      0                  9                   0                     0                   0          43
             0                24         25   1.917    104.458      2392.783      50255.500          20    60                       0                 0              0                0               22                    2        175    71        175      0         0                  1                 1                151           37      498       50      0                 10                   0                     0                   0          19
             0                 8          3   1.875    195.375      1065.833      61111.060           0    61                       0                 0              0                0               44                    0        101    95        101      0         0                  0                11                145           55      498       50      0                  0                   0                     0                   0          11
             0                10          1   2.200    342.200       549.200      67687.200           0    62                       0                 0              0                0               18                    0        101    78        101      0         0                  0                 7                156           41      498       50      0                  0                   0                     0                   0           1
             0                 1          0   2.000    368.000        47.000      68656.340           0    63                       0                 0              0                0                0                    0          0     0          0      0         0                  0                 1                150           11      498       50      0                  0                   0                     0                   0           0
             0                 0          0       0          0             0      68656.340           0    64                       0                 0              0                0                0                    0          0     0          0      0         0                  0                 0                154           11      498       50      0                  0                   0                     0                   0           0
             0                 0          0       0          0             0      68656.340           0    65                       0                 0              0                0                0                    0          0     0          0      0         0                  0                 0                154            0      498       50      0                  0                   0                     0                   0           0
             0                 0          0       0          0             0      68656.340           0    66                       0                 0              0                0                0                    0          0     0          0      0         0                  0                 0                154            0      498       50      0                  0                   0                     0                   0           0
             0                 0          0       0          0             0      68656.340           0    67                       0                 0              0                0                0                    0          0     0          0      0         0                  0                 0                154            0      498       50      0                  0                   0                     0                   0           0
             0                 0          0       0          0             0      68656.340           0    68                       0                 0              0                0                0                    0          0     0          0      0         0                  0                 0                154            0      498       50      0                  0                   0                     0                   0           0
             0                 0          0       0          0             0      68656.340           0    69                       0                 0              0                0                0                    0          0     0          0      0         0                  0                 0                154            0      498       50      0                  0                   0                     0                   0           0
             0                 0          0       0          0             0      68656.340           0    70                       0                 0              0                0                0                    0          0     0          0      0         0                  0                 0                154            0      498       50      0                  0                   0                     0                   0           0
             0                 0          0       0          0             0      68656.340           0    71                       0                 0              0                0                0                    0          0     0          0      0         0                  0                 0                154            0      498       50      0                  0                   0                     0                   0           0
             0                 0          0       0          0             0      68656.340           0    72                       0                 0              0                0                0                    0          0     0          0      0         0                  0                 0                154            0      498       50      0                  0                   0                     0                   0           0
             0                 0          0       0          0             0      68656.340           0    73                       0                 0              0                0                0                    0          0     0          0      0         0                  0                 0                154            0      498       50      0                  0                   0                     0                   0           0
             0                 0          0       0          0             0      68656.340           0    74                       0                 0              0                0                0                    0          0     0          0      0         0                  0                 0                154            0      498       50      0                  0                   0                     0                   0           0
             0                 0          0       0          0             0      68656.340           0    75                       0                 0              0                0                0                    0          0     0          0      0         0                  0                 0                154            0      498       50      0                  0                   0                     0                   0           0
             0                 0          0       0          0             0      68656.340           0    76                       0                 0              0                0                0                    0          0     0          0      0         0                  0                 0                154            0      498       50      0                  0                   0                     0                   0           0
             0                 0          0       0          0             0      68656.340           0    77                       0                 0              0                0                0                    0          0     0          0      0         0                  0                 0                154            0      498       50      0                  0                   0                     0                   0           0
             0                 0          0       0          0             0      68656.340           0    78                       0                 0              0                0                0                    0          0     0          0      0         0                  0                 0                154            0      498       50      0                  0                   0                     0                   0           0
             0                 0          0       0          0             0      68656.340           0    79                       0                 0              0                0                0                    0          0     0          0      0         0                  0                 0                154            0      498       50      0                  0                   0                     0                   0           0
             0                 0          0       0          0             0      68656.340           0    80                       0                 0              0                0                0                    0          0     0          0      0         0                  0                 0                154            0      498       50      0                  0                   0                     0                   0           0
             0                 0          0       0          0             0      68656.340           0    81                       0                 0              0                0                0                    0          0     0          0      0         0                  0                 0                154            0      498       50      0                  0                   0                     0                   0           0
             0                 0          0       0          0             0      68656.340           0    82                       0                 0              0                0                0                    0          0     0          0      0         0                  0                 0                154            0      498       50      0                  0                   0                     0                   0           0
             0                 0          0       0          0             0      68656.340           0    83                       0                 0              0                0                0                    0          0     0          0      0         0                  0                 0                154            0      498       50      0                  0                   0                     0                   0           0
             0                 0          0       0          0             0      68656.340           0    84                       0                 0              0                0                0                    0          0     0          0      0         0                  0                 0                154            0      498       50      0                  0                   0                     0                   0           0
             0                 0          0       0          0             0      68656.340           0    85                       0                 0              0                0                0                    0          0     0          0      0         0                  0                 0                154            0      498       50      0                  0                   0                     0                   0           0
             0                 0          0       0          0             0      68656.340           0    86                       0                 0              0                0                0                    0          0     0          0      0         0                  0                 0                154            0      498       50      0                  0                   0                     0                   0           0
             0                 0          0       0          0             0      68656.340           0    87                       0                 0              0                0                0                    0          0     0          0      0         0                  0                 0                154            0      498       50      0                  0                   0                     0                   0           0
             0                 0          0       0          0             0      68656.340           0    88                       0                 0              0                0                0                    0          0     0          0      0         0                  0                 0                154            0      498       50      0                  0                   0                     0                   0           0
             0                 0          0       0          0             0      68656.340           0    89                       0                 0              0                0                0                    0          0     0          0      0         0                  0                 0                154            0      498       50      0                  0                   0                     0                   0           0
             0                 0          0       0          0             0      68656.340           0    90                       0                 0              0                0                0                    0          0     0          0      0         0                  0                 0                154            0      498       50      0                  0                   0                     0                   0           0
             0                 0          0       0          0             0      68656.340           0    91                       0                 0              0                0                0                    0          0     0          0      0         0                  0                 0                154            0      498       50      0                  0                   0                     0                   0           0
             0                 0          0       0          0             0      68656.340           0    92                       0                 0              0                0                0                    0          0     0          0      0         0                  0                 0                154            0      498       50      0                  0                   0                     0                   0           0
             0                 0          0       0          0             0      68656.340           0    93                       0                 0              0                0                0                    0          0     0          0      0         0                  0                 0                154            0      498       50      0                  0                   0                     0                   0           0
             0                 0          0       0          0             0      68656.340           0    94                       0                 0              0                0                0                    0          0     0          0      0         0                  0                 0                154            0      498       50      0                  0                   0                     0                   0           0
             0                 0          0       0          0             0      68656.340           0    95                       0                 0              0                0                0                    0          0     0          0      0         0                  0                 0                154            0      498       50      0                  0                   0                     0                   0           0
             0                 0          0       0          0             0      68656.340           0    96                       0                 0              0                0                0                    0          0     0          0      0         0                  0                 0                154            0      498       50      0                  0                   0                     0                   0           0
             0                 0          0       0          0             0      68656.340           0    97                       0                 0              0                0                0                    0          0     0          0      0         0                  0                 0                154            0      498       50      0                  0                   0                     0                   0           0
             0                 0          0       0          0             0      68656.340           0    98                       0                 0              0                0                0                    0          0     0          0      0         0                  0                 0                154            0      498       50      0                  0                   0                     0                   0           0
             0                 0          0       0          0             0      68656.340           0    99                       0                 0              0                0                0                    0          0     0          0      0         0                  0                 0                154            0      498       50      0                  0                   0                     0                   0           0
#pos runNum=0 0@(1.00000,1.00000)@0 1@(1.03208,0.78523)@640 2@(1.04706,0.62415)@853 3@(0.99966,0.76490)@731 4@(1.07936,0.77822)@1152 5@(1.01619,0.71600)@1208 6@(1.14475,0.69812)@1421 7@(1.00063,0.75793)@1280 8@(1.03649,0.67550)@1421 9@(0.79336,0.84164)@1280 10@(0.99622,0.73722)@1462 11@(0.86654,0.97219)@1136 12@(1.08540,0.90978)@568 13@(0.99988,0.73129)@1243 14@(1.24018,1.11353)@1755 15@(1.19690,0.82307)@1939 16@(1.16623,0.88596)@1208 17@(0.93772,0.86162)@568 18@(0.96202,0.75572)@1299 19@(1.35041,0.65772)@1299 20@(1.22432,0.91903)@1462 21@(1.15574,0.54822)@2061 22@(1.19699,1.03598)@568 23@(1.09911,0.85060)@1493 24@(1.18149,0.95958)@1136 25@(0.92004,0.87673)@1024 26@(1.31227,1.11919)@2323 27@(0.95700,0.73677)@1208 28@(1.14916,0.89514)@1462 29@(0.88679,0.65522)@853 30@(1.51046,1.09753)@2232 31@(1.33203,0.66318)@1493 32@(1.14249,0.67845)@1493 33@(1.20906,0.53609)@1706 34@(1.04166,1.00621)@568 35@(1.34437,1.14586)@1592 36@(1.05617,0.88530)@1299 37@(0.91351,0.85176)@731 38@(0.89453,0.56639)@1584 39@(1.24890,1.06832)@1989 40@(0.73573,0.86218)@1421 41@(1.25497,0.55680)@1989 42@(0.78166,0.57361)@1664 43@(1.38156,1.03270)@1208 44@(0.99232,0.53206)@1493 45@(0.72256,0.89879)@853 46@(1.29305,1.20190)@1299 47@(1.11442,0.89731)@568 48@(1.06080,0.55299)@1877 49@(1.20749,0.61419)@1706
#links runNum=0 0-17@-84dBm@0.974 43-46@-89dBm@0.877 10-37@-85dBm@0.964 15-31@-90dBm@0.852 8-19@-92dBm@0.662 3-33@-90dBm@0.854 40-48@-96dBm@0.127 4-8@-89dBm@0.869 14-23@-90dBm@0.862 4-12@-89dBm@0.890 3-44@-95dBm@0.268 12-41@-93dBm@0.545 2-33@-93dBm@0.658 28-47@-74dBm@1.000 17-35@-95dBm@0.199 47-48@-91dBm@0.745 3-7@-73dBm@1.000 22-42@-97dBm@0.014 0-45@-92dBm@0.672 27-37@-97dBm@0.031 5-6@-84dBm@0.974 12-20@-84dBm@0.974 10-19@-92dBm@0.680 42-48@-96dBm@0.104 3-13@-78dBm@1.000 7-37@-96dBm@0.180 14-43@-89dBm@0.870 27-31@-94dBm@0.371 5-38@-88dBm@0.917 10-29@-91dBm@0.722 15-33@-93dBm@0.621 2-48@-93dBm@0.525 3-35@-94dBm@0.350 23-38@-95dBm@0.299 1-7@-89dBm@0.871 21-44@-85dBm@0.960 14-20@-91dBm@0.761 4-23@-88dBm@0.922 28-39@-96dBm@0.173 1-8@-96dBm@0.099 11-18@-88dBm@0.925 1-45@-95dBm@0.201 12-17@-86dBm@0.957 9-17@-90dBm@0.816 5-47@-96dBm@0.076 9-36@-96dBm@0.126 21-31@-90dBm@0.834 17-24@-89dBm@0.866 7-32@-94dBm@0.364 15-24@-84dBm@0.974 26-30@-92dBm@0.663 15-21@-90dBm@0.860 24-26@-89dBm@0.873 7-15@-88dBm@0.933 18-49@-92dBm@0.667 14-26@-87dBm@0.947 3-8@-85dBm@0.959 18-38@-88dBm@0.931 9-40@-81dBm@0.985 8-13@-96dBm@0.177 1-4@-75dBm@1.000 22-41@-95dBm@0.262 4-44@-92dBm@0.684 6-13@-84dBm@0.974 34-36@-82dBm@0.982 1-5@-82dBm@0.980 15-36@-87dBm@0.944 27-40@-93dBm@0.624 28-46@-95dBm@0.202 28-34@-96dBm@0.114 24-30@-93dBm@0.652 3-37@-92dBm@0.686 25-44@-92dBm@0.661 5-13@-87dBm@0.946 43-47@-90dBm@0.862 15-28@-81dBm@0.986 20-22@-86dBm@0.951 14-46@-92dBm@0.702 32-36@-93dBm@0.543 24-25@-95dBm@0.286 10-47@-95dBm@0.233 26-49@-96dBm@0.077 7-34@-91dBm@0.768 0-22@-88dBm@0.913 14-31@-96dBm@0.184 13-24@-91dBm@0.735 6-35@-94dBm@0.386 18-25@-85dBm@0.961 4-11@-93dBm@0.600 2-24@-93dBm@0.640 6-32@-75dBm@1.000 1-27@-89dBm@0.901 8-48@-96dBm@0.079 4-10@-90dBm@0.862 34-46@-91dBm@0.786 12-49@-96dBm@0.188 18-27@-79dBm@0.997 3-18@-85dBm@0.962 39-44@-96dBm@0.113 30-36@-97dBm@0.036 1-12@-95dBm@0.292 27-47@-92dBm@0.706 42-44@-93dBm@0.640 19-31@-70dBm@1.000 7-27@-86dBm@0.950 24-27@-94dBm@0.367 2-44@-90dBm@0.864 6-15@-87dBm@0.947 0-9@-94dBm@0.340 8-36@-92dBm@0.663 5-37@-91dBm@0.734 6-8@-96dBm@0.129 20-39@-84dBm@0.974 12-45@-94dBm@0.501 1-18@-94dBm@0.338 18-33@-93dBm@0.616 16-22@-93dBm@0.523 2-19@-95dBm@0.194 8-39@-94dBm@0.464 2-6@-85dBm@0.960 17-37@-88dBm@0.908 1-9@-90dBm@0.822 20-34@-87dBm@0.938 14-39@-92dBm@0.699 30-34@-96dBm@0.133 3-20@-92dBm@0.707 27-35@-96dBm@0.094 15-30@-93dBm@0.577 31-34@-94dBm@0.406 3-6@-88dBm@0.933 28-33@-96dBm@0.161 3-27@-97dBm@0.048 22-34@-92dBm@0.688 5-17@-89dBm@0.867 28-32@-93dBm@0.541 33-42@-95dBm@0.229 0-12@-87dBm@0.944 26-28@-91dBm@0.775 16-20@-87dBm@0.938 29-38@-92dBm@0.663 0-37@-91dBm@0.761 9-42@-94dBm@0.518 12-37@-88dBm@0.903 28-35@-93dBm@0.577 10-38@-92dBm@0.688 13-37@-84dBm@0.974 6-10@-88dBm@0.933 24-32@-96dBm@0.160 18-37@-84dBm@0.974 3-32@-91dBm@0.761 3-10@-91dBm@0.740 0-34@-88dBm@0.903 1-23@-93dBm@0.614 16-24@-84dBm@0.974 2-32@-90dBm@0.823 3-36@-84dBm@0.970 17-23@-96dBm@0.148 20-36@-96dBm@0.165 1-42@-93dBm@0.598 13-17@-84dBm@0.973 31-49@-85dBm@0.965 13-41@-94dBm@0.321 30-35@-89dBm@0.866 15-49@-91dBm@0.743 22-26@-96dBm@0.185 5-15@-92dBm@0.713 29-40@-90dBm@0.860 34-45@-94dBm@0.460 8-21@-96dBm@0.154 13-32@-95dBm@0.261 7-40@-95dBm@0.316 39-41@-97dBm@0.007 5-8@-80dBm@0.993 11-39@-92dBm@0.665 1-2@-93dBm@0.557 14-37@-93dBm@0.648 25-37@-96dBm@0.141 13-25@-94dBm@0.346 10-20@-92dBm@0.711 2-49@-92dBm@0.670 16-33@-94dBm@0.333 13-29@-92dBm@0.671 6-31@-95dBm@0.270 11-25@-83dBm@0.978 3-49@-88dBm@0.911 1-47@-89dBm@0.868 16-28@-96dBm@0.172 2-11@-93dBm@0.659 30-49@-95dBm@0.215 22-44@-97dBm@0.073 10-42@-96dBm@0.175 29-41@-92dBm@0.675 5-21@-92dBm@0.680 12-24@-86dBm@0.953 32-48@-88dBm@0.933 9-45@-89dBm@0.870 18-45@-92dBm@0.688 17-27@-94dBm@0.433 0-25@-94dBm@0.519 20-28@-95dBm@0.285 22-28@-84dBm@0.971 11-17@-88dBm@0.932 33-41@-78dBm@1.000 13-20@-92dBm@0.707 3-5@-88dBm@0.936 0-2@-93dBm@0.644 13-27@-89dBm@0.870 2-4@-92dBm@0.714 15-29@-95dBm@0.300 2-8@-80dBm@0.995 13-30@-97dBm@0.012 2-31@-90dBm@0.862 8-15@-90dBm@0.864 21-42@-94dBm@0.505 15-27@-88dBm@0.917 7-24@-95dBm@0.203 21-38@-96dBm@0.174 25-28@-92dBm@0.691 35-39@-86dBm@0.953 5-7@-93dBm@0.593 3-11@-89dBm@0.874 7-20@-92dBm@0.680 34-35@-93dBm@0.538 11-14@-93dBm@0.596 20-26@-93dBm@0.609 17-31@-95dBm@0.290 28-37@-92dBm@0.672 32-44@-96dBm@0.179 13-18@-84dBm@0.974 17-25@-83dBm@0.974 14-24@-91dBm@0.755 36-48@-96dBm@0.160 4-9@-93dBm@0.654 3-14@-93dBm@0.561 3-17@-82dBm@0.984 23-40@-91dBm@0.728 2-38@-91dBm@0.727 13-33@-91dBm@0.803 14-35@-84dBm@0.972 3-28@-92dBm@0.701 20-46@-97dBm@0.067 7-10@-68dBm@1.000 10-13@-91dBm@0.804 9-29@-92dBm@0.679 23-42@-96dBm@0.172 6-16@-86dBm@0.951 10-14@-93dBm@0.547 12-19@-92dBm@0.713 33-49@-86dBm@0.949 3-4@-79dBm@1.000 13-21@-91dBm@0.739 0-29@-93dBm@0.627 20-24@-90dBm@0.865 44-49@-93dBm@0.630 0-47@-84dBm@0.969 2-3@-90dBm@0.864 0-18@-96dBm@0.177 10-36@-86dBm@0.955 3-9@-93dBm@0.611 15-16@-93dBm@0.645 29-42@-83dBm@0.976 41-44@-90dBm@0.860 13-23@-87dBm@0.949 22-24@-89dBm@0.880 12-40@-92dBm@0.670 40-47@-95dBm@0.244 4-48@-96dBm@0.104 7-18@-73dBm@1.000 13-15@-94dBm@0.514 0-41@-97dBm@0.069 23-36@-88dBm@0.933 0-1@-90dBm@0.862 4-27@-95dBm@0.314 5-23@-90dBm@0.865 35-48@-96dBm@0.079 7-49@-89dBm@0.867 7-9@-90dBm@0.865 21-33@-94dBm@0.395 9-12@-93dBm@0.619 12-14@-93dBm@0.656 1-3@-77dBm@1.000 8-41@-88dBm@0.907 0-3@-91dBm@0.737 6-18@-90dBm@0.842 30-43@-94dBm@0.517 20-21@-92dBm@0.702 48-49@-87dBm@0.947 4-5@-93dBm@0.655 1-16@-87dBm@0.943 12-22@-91dBm@0.783 26-32@-94dBm@0.422 22-43@-89dBm@0.867 23-47@-85dBm@0.959 20-23@-89dBm@0.891 41-49@-88dBm@0.925 6-23@-87dBm@0.939 12-16@-85dBm@0.961 14-28@-95dBm@0.302 38-48@-90dBm@0.838 10-31@-95dBm@0.228 14-49@-95dBm@0.302 40-46@-97dBm@0.023 14-41@-97dBm@0.040 18-44@-95dBm@0.205
#aveChargePerCycle runNum=0 0@138.34 1@78.20 2@168.55 3@42.91 4@1.30 5@38.06 6@15.56 7@1.94 8@12.20 9@2.59 10@1.30 11@1.30 12@12.62 13@1.30 14@9.27 15@3.85 16@1.30 17@1.30 18@1.30 19@3.24 20@2.59 21@2.59 22@11.34 23@1.94 24@1.30 25@1.30 26@1.30 27@1.94 28@1.30 29@3.24 30@2.59 31@14.26 32@1.30 33@2.59 34@14.84 35@1.30 36@1.30 37@2.59 38@1.30 39@2.59 40@1.30 41@1.30 42@5.19 43@6.65 44@1.30 45@3.24 46@1.30 47@1.30 48@12.96 49@42.13