## dioPeriod = 1.0
## startTime = 1502276497.46
## numMotes = 50
## otfHousekeepingPeriod = 1.0
## slotframeLength = 101
## squareSide = 2.0
## cpuID = 6
## sixtopPdrThreshold = 1.5
## slotDuration = 0.01
## sixtopNoHousekeeping = 0
## pkPeriodVar = 0.05
## numCyclesPerRun = 100
## numRuns = 1
## otfThreshold = 1
## sixtopNoRemoveWorstCell = 0
## burstTimestamp = 20
## simDataDir = simData
## numChans = 16
## minRssi = -97
## noInterference = 0
## algorithm = local_voting
## numPacketsBurst = 5
## gui = False
## pkPeriod = None
## combinationKeys = ['algorithm', 'numMotes', 'otfThreshold']
## sixtopHousekeepingPeriod = 1.0


# appGenerated appReachesDagroot appRelayed aveHops aveLatency aveQueueDelay chargeConsumed collidedTxs cycle droppedAppFailedEnqueue droppedMacRetries droppedNoRoute droppedNoTxCells droppedQueueFull effectiveCollidedTxs numRxCells numTx numTxCells otfAdd otfRemove probableCollisions rplChurnParentSet rplChurnPrefParent rplChurnRank rplRxDIO rplTxDIO runNum scheduleCollisions topRxRelocatedCells topTxRelocatedBundles topTxRelocatedCells txQueueFill
             0                 0          0       0          0             0              0           0     0                       0                 0              0                0                0                    0          0     0          0      0         0                  0                 0                  0            0        0        0      0                  0                   0                     0                   0           0
             0                 0          0       0          0             0              0           0     1                       0                 0              0                0                0                    0          0     0          0      0         0                  0               146                 90            5      554       50      0                  0                   0                     0                   0           0
             0                 0          0       0          0             0              0           0     2                       0                 0              0                0                0                    0          0     0          0      0         0                  0                 0                142            0      554       50      0                  0                   0                     0                   0           0
             0                 0          0       0          0             0              0           0     3                       0                 0              0                0                0                    0          0     0          0      0         0                  0                 0                142            0      554       50      0                  0                   0                     0                   0           0
             0                 0          0       0          0             0              0           0     4                       0                 0              0                0                0                    0          0     0          0      0         0                  0                 0                142            0      554       50      0                  0                   0                     0                   0           0
             0                 0          0       0          0             0              0           0     5                       0                 0              0                0                0                    0          0     0          0      0         0                  0                 0                142            0      554       50      0                  0                   0                     0                   0           0
             0                 0          0       0          0             0              0           0     6                       0                 0              0                0                0                    0          0     0          0      0         0                  0                 0                142            0      554       50      0                  0                   0                     0                   0           0
             0                 0          0       0          0             0              0           0     7                       0                 0              0                0                0                    0          0     0          0      0         0                  0                 0                142            0      554       50      0                  0                   0                     0                   0           0
             0                 0          0       0          0             0              0           0     8                       0                 0              0                0                0                    0          0     0          0      0         0                  0                 0                142            0      554       50      0                  0                   0                     0                   0           0
             0                 0          0       0          0             0              0           0     9                       0                 0              0                0                0                    0          0     0          0      0         0                  0                 0                142            0      554       50      0                  0                   0                     0                   0           0
             0                 0          0       0          0             0              0           0    10                       0                 0              0                0                0                    0          0     0          0      0         0                  0                 0                142            0      554       50      0                  0                   0                     0                   0           0
             0                 0          0       0          0             0              0           0    11                       0                 0              0                0                0                    0          0     0          0      0         0                  0                 0                142            0      554       50      0                  0                   0                     0                   0           0
             0                 0          0       0          0             0              0           0    12                       0                 0              0                0                0                    0          0     0          0      0         0                  0                 0                142            0      554       50      0                  0                   0                     0                   0           0
             0                 0          0       0          0             0              0           0    13                       0                 0              0                0                0                    0          0     0          0      0         0                  0                 0                142            0      554       50      0                  0                   0                     0                   0           0
             0                 0          0       0          0             0              0           0    14                       0                 0              0                0                0                    0          0     0          0      0         0                  0                 0                142            0      554       50      0                  0                   0                     0                   0           0
             0                 0          0       0          0             0              0           0    15                       0                 0              0                0                0                    0          0     0          0      0         0                  0                 0                142            0      554       50      0                  0                   0                     0                   0           0
             0                 0          0       0          0             0              0           0    16                       0                 0              0                0                0                    0          0     0          0      0         0                  0                 0                142            0      554       50      0                  0                   0                     0                   0           0
             0                 0          0       0          0             0              0           0    17                       0                 0              0                0                0                    0          0     0          0      0         0                  0                 0                142            0      554       50      0                  0                   0                     0                   0           0
             0                 0          0       0          0             0              0           0    18                       0                 0              0                0                0                    0          0     0          0      0         0                  0                 0                142            0      554       50      0                  0                   0                     0                   0           0
            49                 1          1   1.000     18.000        36.000        372.860           0    19                       0                 0              0                0                0                    0         51     3         51      0         0                  0                 0                142            0      554       50      0                  0                   0                     0                   0          48
             0                30         38   1.700     80.700      2863.624      14423.780          34    20                       0                 0              0                0                0                    5        285    70        285      0         0                  2                 0                143            4      554       50      0                 17                   0                     0                   0          18
             0                17          5   2.294    140.765       740.625      22219.920           4    21                       0                 0              0                0                0                    2        143    29        143      0         0                  0                 7                153           52      554       50      0                  2                   0                     0                   0           1
             0                 0          0       0          0             0      24064.920           0    22                       0                 0              0                0                0                    0          0     0          0      0         0                  0                 3                143           51      554       50      0                  0                   0                     0                   0           1
             0                 1          0   2.000    388.000       189.000      25067.640           0    23                       0                 0              0                0                0                    0        101     1        101      0         0                  0                 5                142           26      554       50      0                  0                   0                     0                   0           0
             0                 0          0       0          0             0      26740.440           0    24                       0                 0              0                0                0                    0          0     0          0      0         0                  0                 4                142            2      554       50      0                  0                   0                     0                   0           0
             0                 0          0       0          0             0      26740.440           0    25                       0                 0              0                0                0                    0          0     0          0      0         0                  0                 0                142            2      554       50      0                  0                   0                     0                   0           0
             0                 0          0       0          0             0      26740.440           0    26                       0                 0              0                0                0                    0          0     0          0      0         0                  0                 0                142            0      554       50      0                  0                   0                     0                   0           0
             0                 0          0       0          0             0      26740.440           0    27                       0                 0              0                0                0                    0          0     0          0      0         0                  0                 0                142            0      554       50      0                  0                   0                     0                   0           0
             0                 0          0       0          0             0      26740.440           0    28                       0                 0              0                0                0                    0          0     0          0      0         0                  0                 0                142            0      554       50      0                  0                   0                     0                   0           0
             0                 0          0       0          0             0      26740.440           0    29                       0                 0              0                0                0                    0          0     0          0      0         0                  0                 0                142            0      554       50      0                  0                   0                     0                   0           0
             0                 0          0       0          0             0      26740.440           0    30                       0                 0              0                0                0                    0          0     0          0      0         0                  0                 0                142            0      554       50      0                  0                   0                     0                   0           0
             0                 0          0       0          0             0      26740.440           0    31                       0                 0              0                0                0                    0          0     0          0      0         0                  0                 0                142            0      554       50      0                  0                   0                     0                   0           0
             0                 0          0       0          0             0      26740.440           0    32                       0                 0              0                0                0                    0          0     0          0      0         0                  0                 0                142            0      554       50      0                  0                   0                     0                   0           0
             0                 0          0       0          0             0      26740.440           0    33                       0                 0              0                0                0                    0          0     0          0      0         0                  0                 0                142            0      554       50      0                  0                   0                     0                   0           0
             0                 0          0       0          0             0      26740.440           0    34                       0                 0              0                0                0                    0          0     0          0      0         0                  0                 0                142            0      554       50      0                  0                   0                     0                   0           0
             0                 0          0       0          0             0      26740.440           0    35                       0                 0              0                0                0                    0          0     0          0      0         0                  0                 0                142            0      554       50      0                  0                   0                     0                   0           0
             0                 0          0       0          0             0      26740.440           0    36                       0                 0              0                0                0                    0          0     0          0      0         0                  0                 0                142            0      554       50      0                  0                   0                     0                   0           0
             0                 0          0       0          0             0      26740.440           0    37                       0                 0              0                0                0                    0          0     0          0      0         0                  0                 0                142            0      554       50      0                  0                   0                     0                   0           0
             0                 0          0       0          0             0      26740.440           0    38                       0                 0              0                0                0                    0          0     0          0      0         0                  0                 0                142            0      554       50      0                  0                   0                     0                   0           0
             0                 0          0       0          0             0      26740.440           0    39                       0                 0              0                0                0                    0          0     0          0      0         0                  0                 0                142            0      554       50      0                  0                   0                     0                   0           0
             0                 0          0       0          0             0      26740.440           0    40                       0                 0              0                0                0                    0          0     0          0      0         0                  0                 0                142            0      554       50      0                  0                   0                     0                   0           0
             0                 0          0       0          0             0      26740.440           0    41                       0                 0              0                0                0                    0          0     0          0      0         0                  0                 0                142            0      554       50      0                  0                   0                     0                   0           0
             0                 0          0       0          0             0      26740.440           0    42                       0                 0              0                0                0                    0          0     0          0      0         0                  0                 0                142            0      554       50      0                  0                   0                     0                   0           0
             0                 0          0       0          0             0      26740.440           0    43                       0                 0              0                0                0                    0          0     0          0      0         0                  0                 0                142            0      554       50      0                  0                   0                     0                   0           0
             0                 0          0       0          0             0      26740.440           0    44                       0                 0              0                0                0                    0          0     0          0      0         0                  0                 0                142            0      554       50      0                  0                   0                     0                   0           0
             0                 0          0       0          0             0      26740.440           0    45                       0                 0              0                0                0                    0          0     0          0      0         0                  0                 0                142            0      554       50      0                  0                   0                     0                   0           0
             0                 0          0       0          0             0      26740.440           0    46                       0                 0              0                0                0                    0          0     0          0      0         0                  0                 0                142            0      554       50      0                  0                   0                     0                   0           0
             0                 0          0       0          0             0      26740.440           0    47                       0                 0              0                0                0                    0          0     0          0      0         0                  0                 0                142            0      554       50      0                  0                   0                     0                   0           0
             0                 0          0       0          0             0      26740.440           0    48                       0                 0              0                0                0                    0          0     0          0      0         0                  0                 0                142            0      554       50      0                  0                   0                     0                   0           0
             0                 0          0       0          0             0      26740.440           0    49                       0                 0              0                0                0                    0          0     0          0      0         0                  0                 0                142            0      554       50      0                  0                   0                     0                   0           0
             0                 0          0       0          0             0      26740.440           0    50                       0                 0              0                0                0                    0          0     0          0      0         0                  0                 0                142            0      554       50      0                  0                   0                     0                   0           0
             0                 0          0       0          0             0      26740.440           0    51                       0                 0              0                0                0                    0          0     0          0      0         0                  0                 0                142            0      554       50      0                  0                   0                     0                   0           0
             0                 0          0       0          0             0      26740.440           0    52                       0                 0              0                0                0                    0          0     0          0      0         0                  0                 0                142            0      554       50      0                  0                   0                     0                   0           0
             0                 0          0       0          0             0      26740.440           0    53                       0                 0              0                0                0                    0          0     0          0      0         0                  0                 0                142            0      554       50      0                  0                   0                     0                   0           0
             0                 0          0       0          0             0      26740.440           0    54                       0                 0              0                0                0                    0          0     0          0      0         0                  0                 0                142            0      554       50      0                  0                   0                     0                   0           0
             0                 0          0       0          0             0      26740.440           0    55                       0                 0              0                0                0                    0          0     0          0      0         0                  0                 0                142            0      554       50      0                  0                   0                     0                   0           0
             0                 0          0       0          0             0      26740.440           0    56                       0                 0              0                0                0                    0          0     0          0      0         0                  0                 0                142            0      554       50      0                  0                   0                     0                   0           0
             0                 0          0       0          0             0      26740.440           0    57                       0                 0              0                0                0                    0          0     0          0      0         0                  0                 0                142            0      554       50      0                  0                   0                     0                   0           0
             0                 0          0       0          0             0      26740.440           0    58                       0                 0              0                0                0                    0          0     0          0      0         0                  0                 0                142            0      554       50      0                  0                   0                     0                   0           0
            49                 8         14   1.375     40.000       607.667      31025.420          12    59                       0                 0              0                0                0                    2        171    29        171      0         0                  0                 0                142            0      554       50      0                  6                   0                     0                   0          41
             0                34         29   1.882    109.706      2514.777      45596.100          16    60                       0                 0              0                0                3                    5        173    57        173      0         0                  0                 2                153           28      554       50      0                  8                   0                     0                   0           7
             0                 7          1   2.571    172.286       281.000      48760.340           0    61                       0                 0              0                0                0                    0         34     5         34      0         0                  0                 5                163           52      554       50      0                  0                   0                     0                   0           0
             0                 0          0       0          0             0      48858.740           0    62                       0                 0              0                0                0                    0          0     0          0      0         0                  0                 2                154           44      554       50      0                  0                   0                     0                   0           0
             0                 0          0       0          0             0      48858.740           0    63                       0                 0              0                0                0                    0          0     0          0      0         0                  0                 3                142            1      554       50      0                  0                   0                     0                   0           0
             0                 0          0       0          0             0      48858.740           0    64                       0                 0              0                0                0                    0          0     0          0      0         0                  0                 0                142            0      554       50      0                  0                   0                     0                   0           0
             0                 0          0       0          0             0      48858.740           0    65                       0                 0              0                0                0                    0          0     0          0      0         0                  0                 0                142            0      554       50      0                  0                   0                     0                   0           0
             0                 0          0       0          0             0      48858.740           0    66                       0                 0              0                0                0                    0          0     0          0      0         0                  0                 0                142            0      554       50      0                  0                   0                     0                   0           0
             0                 0          0       0          0             0      48858.740           0    67                       0                 0              0                0                0                    0          0     0          0      0         0                  0                 0                142            0      554       50      0                  0                   0                     0                   0           0
             0                 0          0       0          0             0      48858.740           0    68                       0                 0              0                0                0                    0          0     0          0      0         0                  0                 0                142            0      554       50      0                  0                   0                     0                   0           0
             0                 0          0       0          0             0      48858.740           0    69                       0                 0              0                0                0                    0          0     0          0      0         0                  0                 0                142            0      554       50      0                  0                   0                     0                   0           0
             0                 0          0       0          0             0      48858.740           0    70                       0                 0              0                0                0                    0          0     0          0      0         0                  0                 0                142            0      554       50      0                  0                   0                     0                   0           0
             0                 0          0       0          0             0      48858.740           0    71                       0                 0              0                0                0                    0          0     0          0      0         0                  0                 0                142            0      554       50      0                  0                   0                     0                   0           0
             0                 0          0       0          0             0      48858.740           0    72                       0                 0              0                0                0                    0          0     0          0      0         0                  0                 0                142            0      554       50      0                  0                   0                     0                   0           0
             0                 0          0       0          0             0      48858.740           0    73                       0                 0              0                0                0                    0          0     0          0      0         0                  0                 0                142            0      554       50      0                  0                   0                     0                   0           0
             0                 0          0       0          0             0      48858.740           0    74                       0                 0              0                0                0                    0          0     0          0      0         0                  0                 0                142            0      554       50      0                  0                   0                     0                   0           0
             0                 0          0       0          0             0      48858.740           0    75                       0                 0              0                0                0                    0          0     0          0      0         0                  0                 0                142            0      554       50      0                  0                   0                     0                   0           0
             0                 0          0       0          0             0      48858.740           0    76                       0                 0              0                0                0                    0          0     0          0      0         0                  0                 0                142            0      554       50      0                  0                   0                     0                   0           0
             0                 0          0       0          0             0      48858.740           0    77                       0                 0              0                0                0                    0          0     0          0      0         0                  0                 0                142            0      554       50      0                  0                   0                     0                   0           0
             0                 0          0       0          0             0      48858.740           0    78                       0                 0              0                0                0                    0          0     0          0      0         0                  0                 0                142            0      554       50      0                  0                   0                     0                   0           0
             0                 0          0       0          0             0      48858.740           0    79                       0                 0              0                0                0                    0          0     0          0      0         0                  0                 0                142            0      554       50      0                  0                   0                     0                   0           0
             0                 0          0       0          0             0      48858.740           0    80                       0                 0              0                0                0                    0          0     0          0      0         0                  0                 0                142            0      554       50      0                  0                   0                     0                   0           0
             0                 0          0       0          0             0      48858.740           0    81                       0                 0              0                0                0                    0          0     0          0      0         0                  0                 0                142            0      554       50      0                  0                   0                     0                   0           0
             0                 0          0       0          0             0      48858.740           0    82                       0                 0              0                0                0                    0          0     0          0      0         0                  0                 0                142            0      554       50      0                  0                   0                     0                   0           0
             0                 0          0       0          0             0      48858.740           0    83                       0                 0              0                0                0                    0          0     0          0      0         0                  0                 0                142            0      554       50      0                  0                   0                     0                   0           0
             0                 0          0       0          0             0      48858.740           0    84                       0                 0              0                0                0                    0          0     0          0      0         0                  0                 0                142            0      554       50      0                  0                   0                     0                   0           0
             0                 0          0       0          0             0      48858.740           0    85                       0                 0              0                0                0                    0          0     0          0      0         0                  0                 0                142            0      554       50      0                  0                   0                     0                   0           0
             0                 0          0       0          0             0      48858.740           0    86                       0                 0              0                0                0                    0          0     0          0      0         0                  0                 0                142            0      554       50      0                  0                   0                     0                   0           0
             0                 0          0       0          0             0      48858.740           0    87                       0                 0              0                0                0                    0          0     0          0      0         0                  0                 0                142            0      554       50      0                  0                   0                     0                   0           0
             0                 0          0       0          0             0      48858.740           0    88                       0                 0              0                0                0                    0          0     0          0      0         0                  0                 0                142            0      554       50      0                  0                   0                     0                   0           0
             0                 0          0       0          0             0      48858.740           0    89                       0                 0              0                0                0                    0          0     0          0      0         0                  0                 0                142            0      554       50      0                  0                   0                     0                   0           0
             0                 0          0       0          0             0      48858.740           0    90                       0                 0              0                0                0                    0          0     0          0      0         0                  0                 0                142            0      554       50      0                  0                   0                     0                   0           0
             0                 0          0       0          0             0      48858.740           0    91                       0                 0              0                0                0                    0          0     0          0      0         0                  0                 0                142            0      554       50      0                  0                   0                     0                   0           0
             0                 0          0       0          0             0      48858.740           0    92                       0                 0              0                0                0                    0          0     0          0      0         0                  0                 0                142            0      554       50      0                  0                   0                     0                   0           0
             0                 0          0       0          0             0      48858.740           0    93                       0                 0              0                0                0                    0          0     0          0      0         0                  0                 0                142            0      554       50      0                  0                   0                     0                   0           0
             0                 0          0       0          0             0      48858.740           0    94                       0                 0              0                0                0                    0          0     0          0      0         0                  0                 0                142            0      554       50      0                  0                   0                     0                   0           0
             0                 0          0       0          0             0      48858.740           0    95                       0                 0              0                0                0                    0          0     0          0      0         0                  0                 0                142            0      554       50      0                  0                   0                     0                   0           0
             0                 0          0       0          0             0      48858.740           0    96                       0                 0              0                0                0                    0          0     0          0      0         0                  0                 0                142            0      554       50      0                  0                   0                     0                   0           0
             0                 0          0       0          0             0      48858.740           0    97                       0                 0              0                0                0                    0          0     0          0      0         0                  0                 0                142            0      554       50      0                  0                   0                     0                   0           0
             0                 0          0       0          0             0      48858.740           0    98                       0                 0              0                0                0                    0          0     0          0      0         0                  0                 0                142            0      554       50      0                  0                   0                     0                   0           0
             0                 0          0       0          0             0      48858.740           0    99                       0                 0              0                0                0                    0          0     0          0      0         0                  0                 0                142            0      554       50      0                  0                   0                     0                   0           0
#pos runNum=0 0@(1.00000,1.00000)@0 1@(0.88470,1.02843)@568 2@(0.91618,1.03257)@568 3@(0.93707,0.94817)@640 4@(0.87237,1.02376)@731 5@(0.82280,1.08169)@1208 6@(0.80633,1.10712)@640 7@(1.08545,0.95849)@568 8@(1.07014,1.16115)@1136 9@(0.75794,0.81826)@853 10@(0.88261,1.17136)@1136 11@(0.72427,0.89691)@1371 12@(1.03525,0.92040)@568 13@(1.05050,1.14288)@1421 14@(0.92525,1.16654)@1776 15@(0.80835,1.18073)@1208 16@(0.92963,1.12302)@1421 17@(0.89259,1.09126)@1080 18@(0.77035,1.14354)@1136 19@(0.92343,1.18504)@1208 20@(0.69662,0.83069)@1280 21@(0.96484,1.03067)@1136 22@(0.93558,1.02810)@1208 23@(0.95610,1.14605)@1136 24@(0.66891,1.16156)@1371 25@(0.70998,1.04641)@1939 26@(0.93641,0.87478)@1280 27@(0.79037,1.00218)@1136 28@(0.83281,1.11491)@1280 29@(0.53838,0.82764)@1592 30@(0.83066,1.17409)@1493 31@(0.83759,1.49934)@1848 32@(0.74219,0.99348)@731 33@(0.62427,1.03124)@1299 34@(0.49903,0.91439)@1493 35@(0.61628,0.55011)@2395 36@(0.92983,1.33852)@1592 37@(0.76066,0.99907)@640 38@(0.96017,1.27519)@640 39@(0.70506,1.10516)@1299 40@(1.01908,1.26042)@1704 41@(0.54945,1.33379)@1989 42@(0.72478,1.17928)@1706 43@(0.67840,1.17867)@2160 44@(0.88864,1.28644)@1208 45@(0.54765,1.25230)@1584 46@(0.46046,1.13870)@1989 47@(1.13548,0.88966)@2011 48@(0.93686,1.10903)@853 49@(0.76237,1.27125)@1848
#links runNum=0 3-22@-86dBm@0.958 38-43@-92dBm@0.669 17-40@-93dBm@0.639 15-31@-91dBm@0.739 23-32@-90dBm@0.821 8-19@-88dBm@0.914 0-38@-90dBm@0.862 16-41@-94dBm@0.376 32-49@-92dBm@0.711 39-42@-81dBm@0.987 16-29@-95dBm@0.221 17-36@-91dBm@0.803 2-7@-90dBm@0.863 15-24@-91dBm@0.733 1-10@-88dBm@0.937 22-28@-95dBm@0.252 9-37@-90dBm@0.862 11-15@-97dBm@0.007 7-13@-94dBm@0.405 18-24@-88dBm@0.934 16-32@-96dBm@0.183 1-14@-97dBm@0.054 23-48@-84dBm@0.969 25-32@-94dBm@0.365 5-6@-82dBm@0.985 10-19@-74dBm@1.000 37-38@-97dBm@0.047 11-28@-96dBm@0.191 10-44@-92dBm@0.670 17-18@-96dBm@0.151 4-17@-89dBm@0.869 5-12@-89dBm@0.873 27-34@-91dBm@0.724 22-47@-89dBm@0.887 18-36@-91dBm@0.770 2-4@-90dBm@0.831 1-7@-91dBm@0.792 2-29@-96dBm@0.110 11-22@-89dBm@0.880 37-44@-94dBm@0.521 30-31@-92dBm@0.712 1-8@-87dBm@0.940 7-22@-85dBm@0.964 39-41@-95dBm@0.242 6-30@-96dBm@0.129 38-48@-87dBm@0.939 14-23@-88dBm@0.935 16-18@-85dBm@0.960 15-18@-77dBm@1.000 10-41@-92dBm@0.669 4-13@-89dBm@0.866 13-14@-88dBm@0.933 28-49@-86dBm@0.958 14-16@-92dBm@0.668 11-27@-92dBm@0.674 19-41@-97dBm@0.043 17-48@-90dBm@0.864 22-32@-88dBm@0.937 15-40@-92dBm@0.695 6-27@-93dBm@0.547 5-48@-96dBm@0.142 29-35@-90dBm@0.842 3-26@-90dBm@0.817 27-37@-89dBm@0.882 1-4@-63dBm@1.000 6-19@-95dBm@0.290 11-13@-95dBm@0.226 1-5@-90dBm@0.861 17-22@-88dBm@0.904 26-40@-95dBm@0.217 5-30@-91dBm@0.718 18-48@-92dBm@0.687 4-7@-95dBm@0.202 14-36@-86dBm@0.952 8-40@-85dBm@0.964 7-23@-88dBm@0.921 6-28@-90dBm@0.818 17-42@-91dBm@0.793 16-27@-96dBm@0.083 5-8@-90dBm@0.816 3-38@-93dBm@0.654 28-30@-77dBm@1.000 30-34@-93dBm@0.627 8-43@-94dBm@0.509 20-35@-93dBm@0.570 4-24@-90dBm@0.864 42-46@-89dBm@0.882 18-42@-84dBm@0.974 5-11@-87dBm@0.947 37-41@-96dBm@0.167 10-48@-93dBm@0.650 11-30@-92dBm@0.700 4-21@-97dBm@0.036 12-39@-93dBm@0.570 4-11@-89dBm@0.875 3-23@-91dBm@0.802 0-32@-91dBm@0.765 13-24@-95dBm@0.218 4-10@-88dBm@0.937 36-44@-85dBm@0.960 0-1@-85dBm@0.965 42-44@-97dBm@0.068 2-9@-93dBm@0.637 18-33@-95dBm@0.282 24-44@-89dBm@0.875 6-39@-94dBm@0.324 14-19@-97dBm@0.046 6-34@-92dBm@0.667 15-42@-84dBm@0.974 2-18@-88dBm@0.934 26-47@-91dBm@0.728 27-28@-84dBm@0.974 4-33@-96dBm@0.119 0-9@-93dBm@0.638 1-29@-94dBm@0.511 36-49@-93dBm@0.648 4-26@-87dBm@0.945 14-43@-92dBm@0.714 15-36@-93dBm@0.625 16-38@-92dBm@0.685 5-16@-90dBm@0.850 28-45@-95dBm@0.244 20-33@-92dBm@0.688 22-36@-92dBm@0.686 2-49@-94dBm@0.450 13-48@-90dBm@0.809 2-6@-84dBm@0.973 18-22@-88dBm@0.921 1-9@-92dBm@0.711 7-49@-96dBm@0.114 7-16@-92dBm@0.669 13-40@-89dBm@0.877 25-31@-95dBm@0.319 30-36@-96dBm@0.101 1-39@-91dBm@0.754 0-12@-82dBm@0.985 7-12@-92dBm@0.670 25-43@-87dBm@0.942 12-27@-89dBm@0.867 32-37@-76dBm@1.000 2-31@-94dBm@0.429 34-39@-89dBm@0.865 1-32@-92dBm@0.713 3-21@-87dBm@0.940 43-48@-91dBm@0.750 17-28@-92dBm@0.711 2-42@-97dBm@0.001 32-33@-86dBm@0.957 30-41@-96dBm@0.152 2-3@-90dBm@0.814 25-45@-94dBm@0.353 3-48@-90dBm@0.854 25-27@-85dBm@0.960 13-23@-90dBm@0.864 10-14@-94dBm@0.367 21-43@-96dBm@0.097 10-16@-88dBm@0.937 18-30@-85dBm@0.961 16-20@-93dBm@0.568 19-43@-93dBm@0.633 14-32@-91dBm@0.765 10-37@-91dBm@0.739 28-36@-95dBm@0.317 30-48@-83dBm@0.974 7-42@-94dBm@0.484 16-26@-92dBm@0.685 2-48@-85dBm@0.959 23-25@-89dBm@0.896 14-15@-84dBm@0.974 19-48@-93dBm@0.522 13-32@-95dBm@0.259 26-28@-97dBm@0.003 37-47@-96dBm@0.183 0-5@-96dBm@0.126 14-22@-97dBm@0.035 1-2@-85dBm@0.960 11-14@-91dBm@0.778 0-4@-91dBm@0.785 38-42@-91dBm@0.767 18-46@-92dBm@0.664 11-24@-94dBm@0.495 39-43@-95dBm@0.242 8-21@-87dBm@0.946 17-46@-96dBm@0.166 6-18@-79dBm@1.000 28-29@-96dBm@0.083 47-49@-96dBm@0.092 5-49@-88dBm@0.921 9-42@-92dBm@0.697 34-46@-92dBm@0.683 11-34@-89dBm@0.893 10-15@-93dBm@0.653 4-45@-92dBm@0.665 12-32@-90dBm@0.863 21-30@-97dBm@0.018 1-15@-89dBm@0.870 30-49@-95dBm@0.208 16-48@-74dBm@1.000 16-19@-81dBm@0.985 8-47@-97dBm@0.005 14-31@-93dBm@0.567 4-23@-92dBm@0.686 0-7@-87dBm@0.948 40-42@-93dBm@0.648 5-28@-73dBm@1.000 1-13@-93dBm@0.636 11-38@-96dBm@0.160 28-39@-87dBm@0.940 0-2@-84dBm@0.974 3-5@-88dBm@0.937 5-18@-95dBm@0.310 16-21@-95dBm@0.203 38-40@-78dBm@1.000 5-21@-94dBm@0.427 6-16@-85dBm@0.960 2-8@-91dBm@0.745 5-23@-93dBm@0.531 11-37@-94dBm@0.491 20-34@-89dBm@0.890 9-14@-96dBm@0.171 6-11@-90dBm@0.862 5-44@-93dBm@0.530 32-44@-91dBm@0.723 2-15@-87dBm@0.939 1-16@-92dBm@0.697 3-28@-90dBm@0.826 3-37@-93dBm@0.626 9-20@-88dBm@0.937 5-7@-90dBm@0.845 38-44@-79dBm@1.000 24-27@-92dBm@0.710 3-16@-89dBm@0.869 15-41@-91dBm@0.720 12-36@-93dBm@0.523 4-18@-93dBm@0.596 27-32@-75dBm@1.000 12-47@-93dBm@0.619 2-5@-83dBm@0.976 21-48@-92dBm@0.695 22-26@-91dBm@0.775 28-48@-88dBm@0.921 11-25@-86dBm@0.959 30-38@-95dBm@0.194 0-48@-93dBm@0.619 20-30@-94dBm@0.397 6-10@-92dBm@0.696 16-49@-93dBm@0.584 37-42@-88dBm@0.904 16-42@-87dBm@0.944 2-17@-77dBm@1.000 5-25@-94dBm@0.451 1-27@-81dBm@0.987 27-46@-95dBm@0.294 21-39@-94dBm@0.434 26-44@-97dBm@0.015 14-21@-83dBm@0.974 32-45@-92dBm@0.682 19-27@-90dBm@0.863 32-48@-92dBm@0.708 8-23@-82dBm@0.984 14-38@-87dBm@0.938 0-3@-89dBm@0.870 22-48@-88dBm@0.910 12-13@-94dBm@0.340 11-26@-87dBm@0.940 20-29@-84dBm@0.971 9-47@-94dBm@0.476 8-14@-90dBm@0.826 7-20@-93dBm@0.585 5-22@-93dBm@0.649 29-33@-88dBm@0.937 1-6@-85dBm@0.963 40-48@-91dBm@0.741 11-17@-93dBm@0.636 5-37@-96dBm@0.183 19-46@-93dBm@0.523 24-43@-70dBm@1.000 18-32@-92dBm@0.705 3-30@-93dBm@0.648 43-45@-92dBm@0.708 27-40@-96dBm@0.079 2-19@-89dBm@0.869 32-34@-90dBm@0.862 6-45@-94dBm@0.446 4-32@-90dBm@0.847 7-8@-96dBm@0.075 0-6@-89dBm@0.897 15-26@-97dBm@0.008 3-20@-89dBm@0.891 23-42@-91dBm@0.802 30-45@-94dBm@0.489 4-47@-94dBm@0.478 11-35@-93dBm@0.581 5-17@-87dBm@0.949 20-25@-92dBm@0.704 1-3@-93dBm@0.658 19-28@-86dBm@0.956 18-26@-95dBm@0.197 16-37@-94dBm@0.405 0-37@-89dBm@0.866 19-49@-90dBm@0.856 24-49@-88dBm@0.908 4-5@-78dBm@1.000 0-43@-96dBm@0.125 16-17@-90dBm@0.864 11-29@-91dBm@0.787 19-22@-96dBm@0.154 24-41@-88dBm@0.933 36-42@-90dBm@0.848 28-43@-87dBm@0.949 8-13@-85dBm@0.967 18-43@-88dBm@0.936 2-21@-88dBm@0.911 11-21@-90dBm@0.830 14-46@-95dBm@0.302 1-23@-84dBm@0.974 14-39@-89dBm@0.898 36-40@-82dBm@0.984 19-24@-96dBm@0.165 15-21@-88dBm@0.933
#aveChargePerCycle runNum=0 0@140.55 1@64.69 2@39.99 3@31.26 4@31.16 5@1.30 6@7.49 7@1.54 8@21.25 9@30.36 10@7.57 11@14.66 12@11.26 13@2.59 14@1.30 15@1.30 16@1.94 17@1.30 18@8.31 19@1.94 20@1.30 21@1.30 22@1.30 23@1.94 24@1.30 25@1.30 26@1.94 27@1.30 28@1.94 29@1.94 30@1.94 31@4.54 32@7.64 33@1.30 34@1.30 35@2.59 36@1.94 37@1.94 38@7.33 39@1.30 40@1.30 41@1.30 42@2.59 43@3.89 44@1.30 45@1.94 46@1.30 47@2.59 48@1.94 49@1.30