## dioPeriod = 1.0
## startTime = 1502276499.34
## numMotes = 50
## otfHousekeepingPeriod = 1.0
## slotframeLength = 101
## squareSide = 2.0
## cpuID = 12
## sixtopPdrThreshold = 1.5
## slotDuration = 0.01
## sixtopNoHousekeeping = 0
## pkPeriodVar = 0.05
## numCyclesPerRun = 100
## numRuns = 1
## otfThreshold = 1
## sixtopNoRemoveWorstCell = 0
## burstTimestamp = 20
## simDataDir = simData
## numChans = 16
## minRssi = -97
## noInterference = 0
## algorithm = local_voting
## numPacketsBurst = 5
## gui = False
## pkPeriod = None
## combinationKeys = ['algorithm', 'numMotes', 'otfThreshold']
## sixtopHousekeepingPeriod = 1.0


# appGenerated appReachesDagroot appRelayed aveHops aveLatency aveQueueDelay chargeConsumed collidedTxs cycle droppedAppFailedEnqueue droppedMacRetries droppedNoRoute droppedNoTxCells droppedQueueFull effectiveCollidedTxs numRxCells numTx numTxCells otfAdd otfRemove probableCollisions rplChurnParentSet rplChurnPrefParent rplChurnRank rplRxDIO rplTxDIO runNum scheduleCollisions topRxRelocatedCells topTxRelocatedBundles topTxRelocatedCells txQueueFill
             0                 0          0       0          0             0              0           0     0                       0                 0              0                0                0                    0          0     0          0      0         0                  0                 0                  0            0        0        0      0                  0                   0                     0                   0           0
             0                 0          0       0          0             0              0           0     1                       0                 0              0                0                0                    0          0     0          0      0         0                  0               141                 76            6      494       50      0                  0                   0                     0                   0           0
             0                 0          0       0          0             0              0           0     2                       0                 0              0                0                0                    0          0     0          0      0         0                  0                 1                114            0      494       50      0                  0                   0                     0                   0           0
             0                 0          0       0          0             0              0           0     3                       0                 0              0                0                0                    0          0     0          0      0         0                  0                 0                114            0      494       50      0                  0                   0                     0                   0           0
             0                 0          0       0          0             0              0           0     4                       0                 0              0                0                0                    0          0     0          0      0         0                  0                 0                114            0      494       50      0                  0                   0                     0                   0           0
             0                 0          0       0          0             0              0           0     5                       0                 0              0                0                0                    0          0     0          0      0         0                  0                 0                114            0      494       50      0                  0                   0                     0                   0           0
             0                 0          0       0          0             0              0           0     6                       0                 0              0                0                0                    0          0     0          0      0         0                  0                 0                114            0      494       50      0                  0                   0                     0                   0           0
             0                 0          0       0          0             0              0           0     7                       0                 0              0                0                0                    0          0     0          0      0         0                  0                 0                114            0      494       50      0                  0                   0                     0                   0           0
             0                 0          0       0          0             0              0           0     8                       0                 0              0                0                0                    0          0     0          0      0         0                  0                 0                114            0      494       50      0                  0                   0                     0                   0           0
             0                 0          0       0          0             0              0           0     9                       0                 0              0                0                0                    0          0     0          0      0         0                  0                 0                114            0      494       50      0                  0                   0                     0                   0           0
             0                 0          0       0          0             0              0           0    10                       0                 0              0                0                0                    0          0     0          0      0         0                  0                 0                114            0      494       50      0                  0                   0                     0                   0           0
             0                 0          0       0          0             0              0           0    11                       0                 0              0                0                0                    0          0     0          0      0         0                  0                 0                114            0      494       50      0                  0                   0                     0                   0           0
             0                 0          0       0          0             0              0           0    12                       0                 0              0                0                0                    0          0     0          0      0         0                  0                 0                114            0      494       50      0                  0                   0                     0                   0           0
             0                 0          0       0          0             0              0           0    13                       0                 0              0                0                0                    0          0     0          0      0         0                  0                 0                114            0      494       50      0                  0                   0                     0                   0           0
             0                 0          0       0          0             0              0           0    14                       0                 0              0                0                0                    0          0     0          0      0         0                  0                 0                114            0      494       50      0                  0                   0                     0                   0           0
             0                 0          0       0          0             0              0           0    15                       0                 0              0                0                0                    0          0     0          0      0         0                  0                 0                114            0      494       50      0                  0                   0                     0                   0           0
             0                 0          0       0          0             0              0           0    16                       0                 0              0                0                0                    0          0     0          0      0         0                  0                 0                114            0      494       50      0                  0                   0                     0                   0           0
             0                 0          0       0          0             0              0           0    17                       0                 0              0                0                0                    0          0     0          0      0         0                  0                 0                114            0      494       50      0                  0                   0                     0                   0           0
             0                 0          0       0          0             0              0           0    18                       0                 0              0                0                0                    0          0     0          0      0         0                  0                 0                114            0      494       50      0                  0                   0                     0                   0           0
            49                 0          2       0          0        29.000        372.860           2    19                       0                 0              0                0                0                    0         41     3         41      0         0                  0                 0                114            0      494       50      0                  1                   0                     0                   0          49
             0                26         36   1.692     96.962      2848.083      13130.660          52    20                       0                 0              0                0                0                   14        284    74        284      0         0                  1                 0                114            1      494       50      0                 27                   0                     0                   0          23
             0                22          8   2.227    149.318      1206.305      21499.060           0    21                       0                 0              0                0                0                    0         31    25         31      0         0                  0                 6                117           53      494       50      0                  0                   2                     0                   0           1
             0                 1          1   3.000    253.000        91.000      23701.300           0    22                       0                 0              0                0                0                    0         84     1         84      0         0                  0                 2                116           52      494       50      0                  0                   0                     0                   0           0
             0                 0          0       0          0             0      24070.300           0    23                       0                 0              0                0                0                    0          0     0          0      0         0                  0                 4                116           21      494       50      0                  0                   0                     0                   0           0
             0                 0          0       0          0             0      24070.300           0    24                       0                 0              0                0                0                    0          0     0          0      0         0                  0                 5                114            2      494       50      0                  0                   0                     0                   0           0
             0                 0          0       0          0             0      24070.300           0    25                       0                 0              0                0                0                    0          0     0          0      0         0                  0                 0                114            0      494       50      0                  0                   0                     0                   0           0
             0                 0          0       0          0             0      24070.300           0    26                       0                 0              0                0                0                    0          0     0          0      0         0                  0                 0                114            0      494       50      0                  0                   0                     0                   0           0
             0                 0          0       0          0             0      24070.300           0    27                       0                 0              0                0                0                    0          0     0          0      0         0                  0                 0                114            0      494       50      0                  0                   0                     0                   0           0
             0                 0          0       0          0             0      24070.300           0    28                       0                 0              0                0                0                    0          0     0          0      0         0                  0                 0                114            0      494       50      0                  0                   0                     0                   0           0
             0                 0          0       0          0             0      24070.300           0    29                       0                 0              0                0                0                    0          0     0          0      0         0                  0                 0                114            0      494       50      0                  0                   0                     0                   0           0
             0                 0          0       0          0             0      24070.300           0    30                       0                 0              0                0                0                    0          0     0          0      0         0                  0                 0                114            0      494       50      0                  0                   0                     0                   0           0
             0                 0          0       0          0             0      24070.300           0    31                       0                 0              0                0                0                    0          0     0          0      0         0                  0                 0                114            0      494       50      0                  0                   0                     0                   0           0
             0                 0          0       0          0             0      24070.300           0    32                       0                 0              0                0                0                    0          0     0          0      0         0                  0                 0                114            0      494       50      0                  0                   0                     0                   0           0
             0                 0          0       0          0             0      24070.300           0    33                       0                 0              0                0                0                    0          0     0          0      0         0                  0                 0                114            0      494       50      0                  0                   0                     0                   0           0
             0                 0          0       0          0             0      24070.300           0    34                       0                 0              0                0                0                    0          0     0          0      0         0                  0                 0                114            0      494       50      0                  0                   0                     0                   0           0
             0                 0          0       0          0             0      24070.300           0    35                       0                 0              0                0                0                    0          0     0          0      0         0                  0                 0                114            0      494       50      0                  0                   0                     0                   0           0
             0                 0          0       0          0             0      24070.300           0    36                       0                 0              0                0                0                    0          0     0          0      0         0                  0                 0                114            0      494       50      0                  0                   0                     0                   0           0
             0                 0          0       0          0             0      24070.300           0    37                       0                 0              0                0                0                    0          0     0          0      0         0                  0                 0                114            0      494       50      0                  0                   0                     0                   0           0
             0                 0          0       0          0             0      24070.300           0    38                       0                 0              0                0                0                    0          0     0          0      0         0                  0                 0                114            0      494       50      0                  0                   0                     0                   0           0
             0                 0          0       0          0             0      24070.300           0    39                       0                 0              0                0                0                    0          0     0          0      0         0                  0                 0                114            0      494       50      0                  0                   0                     0                   0           0
             0                 0          0       0          0             0      24070.300           0    40                       0                 0              0                0                0                    0          0     0          0      0         0                  0                 0                114            0      494       50      0                  0                   0                     0                   0           0
             0                 0          0       0          0             0      24070.300           0    41                       0                 0              0                0                0                    0          0     0          0      0         0                  0                 0                114            0      494       50      0                  0                   0                     0                   0           0
             0                 0          0       0          0             0      24070.300           0    42                       0                 0              0                0                0                    0          0     0          0      0         0                  0                 0                114            0      494       50      0                  0                   0                     0                   0           0
             0                 0          0       0          0             0      24070.300           0    43                       0                 0              0                0                0                    0          0     0          0      0         0                  0                 0                114            0      494       50      0                  0                   0                     0                   0           0
             0                 0          0       0          0             0      24070.300           0    44                       0                 0              0                0                0                    0          0     0          0      0         0                  0                 0                114            0      494       50      0                  0                   0                     0                   0           0
             0                 0          0       0          0             0      24070.300           0    45                       0                 0              0                0                0                    0          0     0          0      0         0                  0                 0                114            0      494       50      0                  0                   0                     0                   0           0
             0                 0          0       0          0             0      24070.300           0    46                       0                 0              0                0                0                    0          0     0          0      0         0                  0                 0                114            0      494       50      0                  0                   0                     0                   0           0
             0                 0          0       0          0             0      24070.300           0    47                       0                 0              0                0                0                    0          0     0          0      0         0                  0                 0                114            0      494       50      0                  0                   0                     0                   0           0
             0                 0          0       0          0             0      24070.300           0    48                       0                 0              0                0                0                    0          0     0          0      0         0                  0                 0                114            0      494       50      0                  0                   0                     0                   0           0
             0                 0          0       0          0             0      24070.300           0    49                       0                 0              0                0                0                    0          0     0          0      0         0                  0                 0                114            0      494       50      0                  0                   0                     0                   0           0
             0                 0          0       0          0             0      24070.300           0    50                       0                 0              0                0                0                    0          0     0          0      0         0                  0                 0                114            0      494       50      0                  0                   0                     0                   0           0
             0                 0          0       0          0             0      24070.300           0    51                       0                 0              0                0                0                    0          0     0          0      0         0                  0                 0                114            0      494       50      0                  0                   0                     0                   0           0
             0                 0          0       0          0             0      24070.300           0    52                       0                 0              0                0                0                    0          0     0          0      0         0                  0                 0                114            0      494       50      0                  0                   0                     0                   0           0
             0                 0          0       0          0             0      24070.300           0    53                       0                 0              0                0                0                    0          0     0          0      0         0                  0                 0                114            0      494       50      0                  0                   0                     0                   0           0
             0                 0          0       0          0             0      24070.300           0    54                       0                 0              0                0                0                    0          0     0          0      0         0                  0                 0                114            0      494       50      0                  0                   0                     0                   0           0
             0                 0          0       0          0             0      24070.300           0    55                       0                 0              0                0                0                    0          0     0          0      0         0                  0                 0                114            0      494       50      0                  0                   0                     0                   0           0
             0                 0          0       0          0             0      24070.300           0    56                       0                 0              0                0                0                    0          0     0          0      0         0                  0                 0                114            0      494       50      0                  0                   0                     0                   0           0
             0                 0          0       0          0             0      24070.300           0    57                       0                 0              0                0                0                    0          0     0          0      0         0                  0                 0                114            0      494       50      0                  0                   0                     0                   0           0
             0                 0          0       0          0             0      24070.300           0    58                       0                 0              0                0                0                    0          0     0          0      0         0                  0                 0                114            0      494       50      0                  0                   0                     0                   0           0
            49                 5         18   1.400     35.200       739.833      28684.820          12    59                       0                 0              0                0                0                    3        188    31        188      0         0                  0                 0                114            0      494       50      0                  6                   0                     0                   0          44
             0                37         30   1.946    110.432      2572.367      44617.420          23    60                       0                 0              0                0                2                    8        199    63        199      0         0                  0                 7                117           35      493       50      0                 12                   1                     0                   0           7
             0                 7          1   2.714    189.000       332.800      47611.800           0    61                       0                 0              0                0                0                    0        101     4        101      0         0                  0                11                108           54      493       50      0                  0                   1                     0                   0           0
             0                 0          0       0          0             0      49235.400           0    62                       0                 0              0                0                0                    0          0     0          0      0         0                  0                 5                110           46      494       50      0                  0                   0                     0                   0           0
             0                 0          0       0          0             0      49235.400           0    63                       0                 0              0                0                0                    0          0     0          0      0         0                  0                 6                105            8      494       50      0                  0                   0                     0                   0           0
             0                 0          0       0          0             0      49235.400           0    64                       0                 0              0                0                0                    0          0     0          0      0         0                  0                 0                105            0      494       50      0                  0                   0                     0                   0           0
             0                 0          0       0          0             0      49235.400           0    65                       0                 0              0                0                0                    0          0     0          0      0         0                  0                 0                105            0      494       50      0                  0                   0                     0                   0           0
             0                 0          0       0          0             0      49235.400           0    66                       0                 0              0                0                0                    0          0     0          0      0         0                  0                 0                105            0      494       50      0                  0                   0                     0                   0           0
             0                 0          0       0          0             0      49235.400           0    67                       0                 0              0                0                0                    0          0     0          0      0         0                  0                 0                105            0      494       50      0                  0                   0                     0                   0           0
             0                 0          0       0          0             0      49235.400           0    68                       0                 0              0                0                0                    0          0     0          0      0         0                  0                 0                105            0      494       50      0                  0                   0                     0                   0           0
             0                 0          0       0          0             0      49235.400           0    69                       0                 0              0                0                0                    0          0     0          0      0         0                  0                 0                105            0      494       50      0                  0                   0                     0                   0           0
             0                 0          0       0          0             0      49235.400           0    70                       0                 0              0                0                0                    0          0     0          0      0         0                  0                 0                105            0      494       50      0                  0                   0                     0                   0           0
             0                 0          0       0          0             0      49235.400           0    71                       0                 0              0                0                0                    0          0     0          0      0         0                  0                 0                105            0      494       50      0                  0                   0                     0                   0           0
             0                 0          0       0          0             0      49235.400           0    72                       0                 0              0                0                0                    0          0     0          0      0         0                  0                 0                105            0      494       50      0                  0                   0                     0                   0           0
             0                 0          0       0          0             0      49235.400           0    73                       0                 0              0                0                0                    0          0     0          0      0         0                  0                 0                105            0      494       50      0                  0                   0                     0                   0           0
             0                 0          0       0          0             0      49235.400           0    74                       0                 0              0                0                0                    0          0     0          0      0         0                  0                 0                105            0      494       50      0                  0                   0                     0                   0           0
             0                 0          0       0          0             0      49235.400           0    75                       0                 0              0                0                0                    0          0     0          0      0         0                  0                 0                105            0      494       50      0                  0                   0                     0                   0           0
             0                 0          0       0          0             0      49235.400           0    76                       0                 0              0                0                0                    0          0     0          0      0         0                  0                 0                105            0      494       50      0                  0                   0                     0                   0           0
             0                 0          0       0          0             0      49235.400           0    77                       0                 0              0                0                0                    0          0     0          0      0         0                  0                 0                105            0      494       50      0                  0                   0                     0                   0           0
             0                 0          0       0          0             0      49235.400           0    78                       0                 0              0                0                0                    0          0     0          0      0         0                  0                 0                105            0      494       50      0                  0                   0                     0                   0           0
             0                 0          0       0          0             0      49235.400           0    79                       0                 0              0                0                0                    0          0     0          0      0         0                  0                 0                105            0      494       50      0                  0                   0                     0                   0           0
             0                 0          0       0          0             0      49235.400           0    80                       0                 0              0                0                0                    0          0     0          0      0         0                  0                 0                105            0      494       50      0                  0                   0                     0                   0           0
             0                 0          0       0          0             0      49235.400           0    81                       0                 0              0                0                0                    0          0     0          0      0         0                  0                 0                105            0      494       50      0                  0                   0                     0                   0           0
             0                 0          0       0          0             0      49235.400           0    82                       0                 0              0                0                0                    0          0     0          0      0         0                  0                 0                105            0      494       50      0                  0                   0                     0                   0           0
             0                 0          0       0          0             0      49235.400           0    83                       0                 0              0                0                0                    0          0     0          0      0         0                  0                 0                105            0      494       50      0                  0                   0                     0                   0           0
             0                 0          0       0          0             0      49235.400           0    84                       0                 0              0                0                0                    0          0     0          0      0         0                  0                 0                105            0      494       50      0                  0                   0                     0                   0           0
             0                 0          0       0          0             0      49235.400           0    85                       0                 0              0                0                0                    0          0     0          0      0         0                  0                 0                105            0      494       50      0                  0                   0                     0                   0           0
             0                 0          0       0          0             0      49235.400           0    86                       0                 0              0                0                0                    0          0     0          0      0         0                  0                 0                105            0      494       50      0                  0                   0                     0                   0           0
             0                 0          0       0          0             0      49235.400           0    87                       0                 0              0                0                0                    0          0     0          0      0         0                  0                 0                105            0      494       50      0                  0                   0                     0                   0           0
             0                 0          0       0          0             0      49235.400           0    88                       0                 0              0                0                0                    0          0     0          0      0         0                  0                 0                105            0      494       50      0                  0                   0                     0                   0           0
             0                 0          0       0          0             0      49235.400           0    89                       0                 0              0                0                0                    0          0     0          0      0         0                  0                 0                105            0      494       50      0                  0                   0                     0                   0           0
             0                 0          0       0          0             0      49235.400           0    90                       0                 0              0                0                0                    0          0     0          0      0         0                  0                 0                105            0      494       50      0                  0                   0                     0                   0           0
             0                 0          0       0          0             0      49235.400           0    91                       0                 0              0                0                0                    0          0     0          0      0         0                  0                 0                105            0      494       50      0                  0                   0                     0                   0           0
             0                 0          0       0          0             0      49235.400           0    92                       0                 0              0                0                0                    0          0     0          0      0         0                  0                 0                105            0      494       50      0                  0                   0                     0                   0           0
             0                 0          0       0          0             0      49235.400           0    93                       0                 0              0                0                0                    0          0     0          0      0         0                  0                 0                105            0      494       50      0                  0                   0                     0                   0           0
             0                 0          0       0          0             0      49235.400           0    94                       0                 0              0                0                0                    0          0     0          0      0         0                  0                 0                105            0      494       50      0                  0                   0                     0                   0           0
             0                 0          0       0          0             0      49235.400           0    95                       0                 0              0                0                0                    0          0     0          0      0         0                  0                 0                105            0      494       50      0                  0                   0                     0                   0           0
             0                 0          0       0          0             0      49235.400           0    96                       0                 0              0                0                0                    0          0     0          0      0         0                  0                 0                105            0      494       50      0                  0                   0                     0                   0           0
             0                 0          0       0          0             0      49235.400           0    97                       0                 0              0                0                0                    0          0     0          0      0         0                  0                 0                105            0      494       50      0                  0                   0                     0                   0           0
             0                 0          0       0          0             0      49235.400           0    98                       0                 0              0                0                0                    0          0     0          0      0         0                  0                 0                105            0      494       50      0                  0                   0                     0                   0           0
             0                 0          0       0          0             0      49235.400           0    99                       0                 0              0                0                0                    0          0     0          0      0         0                  0                 0                105            0      494       50      0                  0                   0                     0                   0           0
#pos runNum=0 0@(1.00000,1.00000)@0 1@(1.32707,1.33785)@1024 2@(1.11357,1.08339)@568 3@(1.21671,1.14894)@853 4@(1.23588,1.03010)@640 5@(1.35583,1.00520)@853 6@(1.04392,1.11038)@568 7@(1.21204,0.92869)@1208 8@(1.25794,1.19191)@1421 9@(1.24247,0.94468)@1584 10@(1.22406,1.13879)@1208 11@(1.16510,1.14052)@1421 12@(1.20196,1.09325)@1280 13@(1.25339,1.18530)@1592 14@(1.04319,0.94194)@640 15@(0.93697,0.99549)@1136 16@(1.15668,0.86240)@1592 17@(1.14308,0.99776)@1136 18@(0.87415,0.85696)@568 19@(1.16999,0.76926)@2061 20@(1.41545,0.79034)@1848 21@(1.41659,1.38946)@2048 22@(0.89325,0.96948)@1208 23@(1.10118,1.32663)@1877 24@(0.98248,1.02769)@512 25@(1.23779,1.32204)@1664 26@(1.35742,1.01481)@1365 27@(1.10556,1.04899)@1371 28@(1.13127,0.78292)@1706 29@(1.49295,0.77318)@2488 30@(1.35659,0.71113)@1493 31@(1.05713,1.05188)@568 32@(1.11004,1.07390)@568 33@(0.65533,0.65768)@1989 34@(1.25316,0.86969)@1208 35@(0.92770,0.89548)@1080 36@(1.35408,1.09503)@1421 37@(1.51995,0.95222)@1989 38@(1.03994,1.33864)@1421 39@(1.26063,0.94709)@1776 40@(1.43373,0.89056)@1584 41@(1.44410,0.90601)@1848 42@(1.16885,1.10450)@1136 43@(0.83803,0.87301)@1136 44@(1.19254,1.05155)@1421 45@(1.16758,0.76397)@2573 46@(1.25992,0.59543)@2437 47@(1.38239,1.19232)@1592 48@(1.21968,0.74633)@1493 49@(1.40900,0.87833)@1421
#links runNum=0 18-35@-81dBm@0.985 12-39@-94dBm@0.507 12-42@-77dBm@1.000 19-34@-88dBm@0.936 18-22@-89dBm@0.870 9-19@-87dBm@0.941 27-32@-70dBm@1.000 4-8@-86dBm@0.956 18-31@-92dBm@0.685 11-42@-77dBm@1.000 5-26@-75dBm@1.000 14-17@-88dBm@0.934 13-38@-96dBm@0.176 1-10@-94dBm@0.510 7-19@-92dBm@0.682 15-33@-93dBm@0.621 10-36@-83dBm@0.974 11-19@-96dBm@0.151 11-13@-81dBm@0.985 20-45@-89dBm@0.869 18-43@-88dBm@0.913 12-20@-96dBm@0.177 2-23@-95dBm@0.232 6-15@-87dBm@0.949 4-36@-89dBm@0.901 27-28@-89dBm@0.867 2-34@-89dBm@0.870 17-32@-86dBm@0.956 5-48@-90dBm@0.864 3-24@-96dBm@0.146 11-41@-94dBm@0.471 6-9@-93dBm@0.607 26-41@-96dBm@0.077 8-44@-88dBm@0.936 17-41@-96dBm@0.116 5-21@-93dBm@0.653 3-11@-88dBm@0.937 8-27@-91dBm@0.752 17-43@-92dBm@0.684 5-11@-90dBm@0.864 5-32@-92dBm@0.689 3-4@-83dBm@0.975 36-44@-91dBm@0.724 0-14@-89dBm@0.897 2-14@-86dBm@0.956 13-20@-94dBm@0.488 15-18@-90dBm@0.861 25-47@-87dBm@0.938 3-36@-88dBm@0.935 22-33@-92dBm@0.685 32-37@-96dBm@0.150 31-37@-95dBm@0.206 29-48@-96dBm@0.154 17-48@-93dBm@0.598 40-41@-83dBm@0.974 5-9@-91dBm@0.725 1-45@-97dBm@0.049 3-8@-88dBm@0.934 19-35@-93dBm@0.636 19-49@-93dBm@0.549 20-29@-89dBm@0.867 8-48@-96dBm@0.171 2-4@-89dBm@0.881 7-20@-89dBm@0.866 0-35@-94dBm@0.346 10-22@-93dBm@0.544 19-45@-71dBm@1.000 23-26@-93dBm@0.562 27-42@-93dBm@0.612 27-45@-90dBm@0.861 26-37@-88dBm@0.934 0-23@-95dBm@0.197 25-28@-97dBm@0.056 12-26@-88dBm@0.908 4-7@-84dBm@0.970 14-42@-93dBm@0.647 8-40@-92dBm@0.704 0-20@-96dBm@0.099 17-37@-93dBm@0.655 40-48@-95dBm@0.210 2-16@-93dBm@0.531 5-8@-93dBm@0.650 11-30@-96dBm@0.172 12-23@-96dBm@0.145 26-36@-96dBm@0.178 2-27@-93dBm@0.635 7-34@-83dBm@0.974 3-17@-85dBm@0.960 11-12@-77dBm@1.000 34-41@-89dBm@0.869 4-46@-96dBm@0.117 17-44@-94dBm@0.356 25-31@-93dBm@0.565 10-17@-95dBm@0.211 16-28@-84dBm@0.974 42-44@-78dBm@1.000 3-23@-93dBm@0.553 29-41@-93dBm@0.623 0-32@-83dBm@0.979 13-17@-91dBm@0.744 27-44@-82dBm@0.982 6-7@-94dBm@0.410 8-34@-91dBm@0.727 2-9@-96dBm@0.112 17-28@-92dBm@0.704 24-44@-92dBm@0.690 26-39@-92dBm@0.697 5-30@-92dBm@0.701 0-18@-86dBm@0.957 32-38@-93dBm@0.646 41-44@-96dBm@0.180 15-22@-82dBm@0.984 31-36@-95dBm@0.247 2-44@-93dBm@0.646 3-40@-91dBm@0.731 32-35@-88dBm@0.904 11-15@-89dBm@0.869 15-17@-93dBm@0.639 12-24@-89dBm@0.868 1-31@-96dBm@0.186 17-22@-92dBm@0.712 16-39@-89dBm@0.867 14-22@-97dBm@0.012 5-16@-92dBm@0.665 19-44@-96dBm@0.147 17-38@-94dBm@0.340 9-16@-89dBm@0.901 2-6@-86dBm@0.958 8-37@-97dBm@0.043 12-27@-96dBm@0.142 39-47@-91dBm@0.777 1-9@-97dBm@0.034 0-6@-86dBm@0.958 0-27@-97dBm@0.011 18-33@-93dBm@0.655 9-11@-88dBm@0.936 15-32@-90dBm@0.808 3-6@-96dBm@0.190 7-23@-93dBm@0.642 4-38@-96dBm@0.091 15-24@-76dBm@1.000 10-44@-80dBm@0.994 5-6@-91dBm@0.804 8-23@-92dBm@0.683 2-31@-85dBm@0.959 9-30@-97dBm@0.022 38-44@-93dBm@0.648 39-44@-95dBm@0.266 36-38@-92dBm@0.669 2-42@-86dBm@0.957 21-42@-96dBm@0.106 2-38@-93dBm@0.650 2-3@-86dBm@0.957 24-35@-87dBm@0.943 3-10@-87dBm@0.948 1-25@-89dBm@0.885 23-42@-96dBm@0.106 7-39@-85dBm@0.963 4-6@-92dBm@0.710 9-12@-89dBm@0.867 9-44@-91dBm@0.729 9-42@-87dBm@0.943 7-42@-92dBm@0.710 1-21@-93dBm@0.558 16-34@-88dBm@0.935 10-25@-88dBm@0.935 14-43@-97dBm@0.048 3-44@-93dBm@0.651 0-5@-93dBm@0.654 16-40@-89dBm@0.869 11-24@-91dBm@0.799 36-37@-91dBm@0.737 1-2@-92dBm@0.684 0-4@-89dBm@0.868 14-18@-91dBm@0.735 7-30@-91dBm@0.801 8-13@-78dBm@1.000 6-47@-93dBm@0.583 8-21@-89dBm@0.884 10-14@-89dBm@0.868 16-20@-93dBm@0.650 5-49@-87dBm@0.940 6-31@-93dBm@0.616 37-42@-92dBm@0.671 46-49@-92dBm@0.673 12-32@-82dBm@0.985 44-46@-93dBm@0.525 12-18@-96dBm@0.152 34-39@-83dBm@0.975 13-26@-88dBm@0.920 8-47@-94dBm@0.431 4-23@-95dBm@0.247 21-31@-96dBm@0.137 36-39@-94dBm@0.404 8-9@-91dBm@0.736 9-24@-94dBm@0.429 3-25@-94dBm@0.349 8-12@-85dBm@0.960 9-14@-88dBm@0.934 3-5@-96dBm@0.179 0-2@-86dBm@0.955 45-49@-89dBm@0.868 2-7@-90dBm@0.864 27-39@-95dBm@0.253 25-44@-90dBm@0.861 0-44@-97dBm@0.052 0-24@-79dBm@1.000 31-43@-92dBm@0.678 17-20@-92dBm@0.689 16-44@-95dBm@0.224 5-44@-87dBm@0.945 39-48@-89dBm@0.867 2-15@-86dBm@0.956 20-37@-94dBm@0.350 24-30@-96dBm@0.095 4-44@-77dBm@1.000 5-7@-86dBm@0.951 21-44@-97dBm@0.056 8-10@-82dBm@0.985 19-42@-96dBm@0.096 20-43@-97dBm@0.014 43-45@-93dBm@0.542 17-19@-90dBm@0.820 11-29@-97dBm@0.033 1-39@-96dBm@0.135 26-29@-93dBm@0.590 12-47@-90dBm@0.861 2-5@-92dBm@0.684 23-32@-95dBm@0.294 3-12@-96dBm@0.180 7-18@-96dBm@0.113 39-46@-93dBm@0.578 10-42@-89dBm@0.870 0-48@-95dBm@0.312 6-10@-89dBm@0.876 7-24@-91dBm@0.733 2-17@-88dBm@0.933 10-13@-97dBm@0.058 4-30@-92dBm@0.664 10-20@-97dBm@0.004 1-27@-93dBm@0.641 23-38@-94dBm@0.476 28-46@-91dBm@0.776 17-27@-87dBm@0.945 14-23@-96dBm@0.150 10-11@-88dBm@0.934 41-49@-95dBm@0.195 4-27@-91dBm@0.739 25-38@-87dBm@0.941 10-26@-94dBm@0.461 0-3@-93dBm@0.656 19-27@-93dBm@0.652 6-23@-88dBm@0.905 28-45@-78dBm@1.000 17-25@-92dBm@0.692 28-37@-96dBm@0.167 4-12@-89dBm@0.882 12-40@-93dBm@0.559 19-36@-97dBm@0.065 0-31@-80dBm@0.991 34-49@-90dBm@0.828 9-17@-93dBm@0.656 1-13@-88dBm@0.934 24-47@-94dBm@0.337 11-27@-97dBm@0.063 38-49@-97dBm@0.049 29-49@-93dBm@0.631 47-48@-94dBm@0.343 13-39@-91dBm@0.787 8-11@-94dBm@0.416 21-40@-95dBm@0.293 0-1@-94dBm@0.516 28-29@-91dBm@0.726 5-36@-89dBm@0.869 22-49@-96dBm@0.123 4-32@-96dBm@0.179 2-30@-94dBm@0.386 17-47@-96dBm@0.140 7-9@-92dBm@0.713 30-48@-92dBm@0.714 4-47@-95dBm@0.194 9-25@-96dBm@0.183 11-39@-93dBm@0.656 16-22@-89dBm@0.865 12-16@-90dBm@0.863 1-3@-93dBm@0.582 16-36@-92dBm@0.671 5-28@-93dBm@0.648 24-42@-91dBm@0.756 4-5@-87dBm@0.938 6-27@-86dBm@0.957 7-17@-86dBm@0.958 14-26@-95dBm@0.210 22-43@-90dBm@0.834 10-12@-92dBm@0.705 10-21@-94dBm@0.360 4-41@-97dBm@0.023 13-15@-92dBm@0.697 9-39@-94dBm@0.350 27-43@-95dBm@0.231 4-34@-96dBm@0.165 10-27@-85dBm@0.961 2-32@-71dBm@1.000 40-42@-93dBm@0.645
#aveChargePerCycle runNum=0 0@123.33 1@23.28 2@86.31 3@30.18 4@16.35 5@38.82 6@10.16 7@24.39 8@1.30 9@1.30 10@1.94 11@1.30 12@1.94 13@1.30 14@1.30 15@7.24 16@1.94 17@6.99 18@17.54 19@11.73 20@9.30 21@3.24 22@1.30 23@1.94 24@4.68 25@1.30 26@1.30 27@1.30 28@12.47 29@1.30 30@1.94 31@1.30 32@1.30 33@2.59 34@7.33 35@4.54 36@1.30 37@2.59 38@1.30 39@1.94 40@1.30 41@1.94 42@1.30 43@1.30 44@1.94 45@1.30 46@1.30 47@1.30 48@6.48 49@1.30