## dioPeriod = 1.0
## burstTimestamp = 20
## minRssi = -97
## numMotes = 50
## otfHousekeepingPeriod = 1.0
## sixtopNoRemoveWorstCell = 0
## simDataDir = simData
## numChans = 16
## slotframeLength = 101
## squareSide = 2.0
## cpuID = 47
## sixtopPdrThreshold = 1.5
## pkPeriod = None
## sixtopHousekeepingPeriod = 1.0
## sixtopNoHousekeeping = 0
## algorithm = otf
## pkPeriodVar = 0.05
## numCyclesPerRun = 100
## startTime = 1502276471.28
## slotDuration = 0.01
## numRuns = 1
## combinationKeys = ['algorithm', 'numMotes', 'otfThreshold']
## numPacketsBurst = 5
## otfThreshold = 1
## noInterference = 0
## gui = False


# appGenerated appReachesDagroot appRelayed aveHops aveLatency aveQueueDelay chargeConsumed collidedTxs cycle droppedAppFailedEnqueue droppedMacRetries droppedNoRoute droppedNoTxCells droppedQueueFull effectiveCollidedTxs numRxCells numTx numTxCells otfAdd otfRemove probableCollisions rplChurnParentSet rplChurnPrefParent rplChurnRank rplRxDIO rplTxDIO runNum scheduleCollisions topRxRelocatedCells topTxRelocatedBundles topTxRelocatedCells txQueueFill
             0                 0          0       0          0             0              0           0     0                       0                 0              0                0                0                    0          0     0          0      0         0                  0                 0                  0            0        0        0      0                  0                   0                     0                   0           0
             0                 0          0       0          0             0       1648.200          12     1                       0                 0              0                0                0                    5        124     0        124    124         0                  0               147                 89            7      557       50      0                  6                   0                     0                   0           0
             0                 0          0       0          0             0       4846.200          16     2                       0                 0              0                0                0                    7        131     0        131      7         0                  0                 0                144            0      557       50      0                  8                   0                     0                   0           0
             0                 0          0       0          0             0       8068.800          16     3                       0                 0              0                0                0                    7        131     0        131      0         0                  0                 0                144            0      557       50      0                  8                   0                     0                   0           0
             0                 0          0       0          0             0      11291.400          16     4                       0                 0              0                0                0                    7        131     0        131      0         0                  0                 0                144            0      557       50      0                  8                   0                     0                   0           0
             0                 0          0       0          0             0      14514.000          16     5                       0                 0              0                0                0                    7        131     0        131      0         0                  0                 0                144            0      557       50      0                  8                   0                     0                   0           0
             0                 0          0       0          0             0      17736.600          16     6                       0                 0              0                0                0                    7        131     0        131      0         0                  0                 0                144            0      557       50      0                  8                   0                     0                   0           0
             0                 0          0       0          0             0      20959.200          16     7                       0                 0              0                0                0                    7        131     0        131      0         0                  0                 0                144            0      557       50      0                  8                   0                     0                   0           0
             0                 0          0       0          0             0      24181.800          16     8                       0                 0              0                0                0                    7        131     0        131      0         0                  0                 0                144            0      557       50      0                  8                   0                     0                   0           0
             0                 0          0       0          0             0      27404.400          16     9                       0                 0              0                0                0                    7        131     0        131      0         0                  0                 0                144            0      557       50      0                  8                   0                     0                   0           0
             0                 0          0       0          0             0      30627.000          16    10                       0                 0              0                0                0                    7        131     0        131      0         0                  0                 0                144            0      557       50      0                  8                   0                     0                   0           0
             0                 0          0       0          0             0      33849.600          16    11                       0                 0              0                0                0                    7        131     0        131      0         0                  0                 0                144            0      557       50      0                  8                   0                     0                   0           0
             0                 0          0       0          0             0      37072.200          16    12                       0                 0              0                0                0                    7        131     0        131      0         0                  0                 0                144            0      557       50      0                  8                   0                     0                   0           0
             0                 0          0       0          0             0      40294.800          16    13                       0                 0              0                0                0                    7        131     0        131      0         0                  0                 0                144            0      557       50      0                  8                   0                     0                   0           0
             0                 0          0       0          0             0      43517.400          16    14                       0                 0              0                0                0                    7        131     0        131      0         0                  0                 0                144            0      557       50      0                  8                   0                     0                   0           0
             0                 0          0       0          0             0      46740.000          16    15                       0                 0              0                0                0                    7        131     0        131      0         0                  0                 0                144            0      557       50      0                  8                   0                     0                   0           0
             0                 0          0       0          0             0      49962.600          16    16                       0                 0              0                0                0                    7        131     0        131      0         0                  0                 0                144            0      557       50      0                  8                   0                     0                   0           0
             0                 0          0       0          0             0      53185.200          16    17                       0                 0              0                0                0                    7        131     0        131      0         0                  0                 0                144            0      557       50      0                  8                   0                     0                   0           0
             0                 0          0       0          0             0      56407.800          16    18                       0                 0              0                0                0                    7        131     0        131      0         0                  0                 0                144            0      557       50      0                  8                   0                     0                   0           0
            49                 2         17   1.000      7.500       184.000      61985.320          16    19                       0                 0              0                0                0                    7        133    21        133      1         0                  0                 0                144            0      557       50      0                  8                   0                     0                   0          47
             0                17         43   1.824     79.353      1805.167      74356.600          20    20                       0                 0              0                0                0                    8        211   102        211     27         1                  4                 0                144           14      557       50      0                 10                   1                     0                   0          30
             0                25         19   3.080    163.240      1032.306      85145.240          16    21                       0                 0              0                0                0                    5        168   128        168      8        23                  2                 4                157           51      557       50      0                  8                   1                     0                   0           5
             0                 4          3   3.750    240.250       243.333      90039.700          18    22                       0                 0              0                0                0                    6        152   113        152      5         7                  0                 4                159           46      557       50      0                  9                   0                     0                   0           1
             0                 1          0   6.000    337.000        18.000      93797.620          18    23                       0                 0              0                0                0                    6        150   110        150      2         2                  0                 3                150           35      557       50      0                  9                   0                     0                   0           0
             0                 0          0       0          0             0      97487.620          18    24                       0                 0              0                0                0                    6        148   106        148      1         1                  0                 2                152            8      557       50      0                  9                   0                     0                   0           0
             0                 0          0       0          0             0     101079.220          18    25                       0                 0              0                0                0                    6        146   106        146      0         0                  0                 1                152            0      557       50      0                  9                   0                     0                   0           0
             0                 0          0       0          0             0     104670.820          18    26                       0                 0              0                0                0                    6        146   106        146      0         0                  0                 0                152            0      557       50      0                  9                   0                     0                   0           0
             0                 0          0       0          0             0     108262.420          18    27                       0                 0              0                0                0                    6        146   106        146      0         0                  0                 0                152            0      557       50      0                  9                   0                     0                   0           0
             0                 0          0       0          0             0     111854.020          18    28                       0                 0              0                0                0                    6        146   106        146      0         0                  0                 0                152            0      557       50      0                  9                   0                     0                   0           0
             0                 0          0       0          0             0     115445.620          18    29                       0                 0              0                0                0                    6        146   106        146      0         0                  0                 0                152            0      557       50      0                  9                   0                     0                   0           0
             0                 0          0       0          0             0     119037.220          18    30                       0                 0              0                0                0                    6        146   106        146      0         0                  0                 0                152            0      557       50      0                  9                   0                     0                   0           0
             0                 0          0       0          0             0     122628.820          18    31                       0                 0              0                0                0                    6        146   106        146      0         0                  0                 0                152            0      557       50      0                  9                   0                     0                   0           0
             0                 0          0       0          0             0     126220.420          18    32                       0                 0              0                0                0                    6        146   106        146      0         0                  0                 0                152            0      557       50      0                  9                   0                     0                   0           0
             0                 0          0       0          0             0     129812.020          18    33                       0                 0              0                0                0                    6        146   106        146      0         0                  0                 0                152            0      557       50      0                  9                   0                     0                   0           0
             0                 0          0       0          0             0     133403.620          18    34                       0                 0              0                0                0                    6        146   106        146      0         0                  0                 0                152            0      557       50      0                  9                   0                     0                   0           0
             0                 0          0       0          0             0     136995.220          18    35                       0                 0              0                0                0                    6        146   106        146      0         0                  0                 0                152            0      557       50      0                  9                   0                     0                   0           0
             0                 0          0       0          0             0     140586.820          18    36                       0                 0              0                0                0                    6        146   106        146      0         0                  0                 0                152            0      557       50      0                  9                   0                     0                   0           0
             0                 0          0       0          0             0     144178.420          18    37                       0                 0              0                0                0                    6        146   106        146      0         0                  0                 0                152            0      557       50      0                  9                   0                     0                   0           0
             0                 0          0       0          0             0     147770.020          18    38                       0                 0              0                0                0                    6        146   106        146      0         0                  0                 0                152            0      557       50      0                  9                   0                     0                   0           0
             0                 0          0       0          0             0     151361.620          18    39                       0                 0              0                0                0                    6        146   106        146      0         0                  0                 0                152            0      557       50      0                  9                   0                     0                   0           0
             0                 0          0       0          0             0     154953.220          18    40                       0                 0              0                0                0                    6        146   106        146      0         0                  0                 0                152            0      557       50      0                  9                   0                     0                   0           0
             0                 0          0       0          0             0     158544.820          18    41                       0                 0              0                0                0                    6        146   106        146      0         0                  0                 0                152            0      557       50      0                  9                   0                     0                   0           0
             0                 0          0       0          0             0     162136.420          18    42                       0                 0              0                0                0                    6        146   106        146      0         0                  0                 0                152            0      557       50      0                  9                   0                     0                   0           0
             0                 0          0       0          0             0     165728.020          18    43                       0                 0              0                0                0                    6        146   106        146      0         0                  0                 0                152            0      557       50      0                  9                   0                     0                   0           0
             0                 0          0       0          0             0     169319.620          18    44                       0                 0              0                0                0                    6        146   106        146      0         0                  0                 0                152            0      557       50      0                  9                   0                     0                   0           0
             0                 0          0       0          0             0     172911.220          18    45                       0                 0              0                0                0                    6        146   106        146      0         0                  0                 0                152            0      557       50      0                  9                   0                     0                   0           0
             0                 0          0       0          0             0     176502.820          18    46                       0                 0              0                0                0                    6        146   106        146      0         0                  0                 0                152            0      557       50      0                  9                   0                     0                   0           0
             0                 0          0       0          0             0     180094.420          18    47                       0                 0              0                0                0                    6        146   106        146      0         0                  0                 0                152            0      557       50      0                  9                   0                     0                   0           0
             0                 0          0       0          0             0     183686.020          18    48                       0                 0              0                0                0                    6        146   106        146      0         0                  0                 0                152            0      557       50      0                  9                   0                     0                   0           0
             0                 0          0       0          0             0     187277.620          18    49                       0                 0              0                0                0                    6        146   106        146      0         0                  0                 0                152            0      557       50      0                  9                   0                     0                   0           0
             0                 0          0       0          0             0     190869.220          18    50                       0                 0              0                0                0                    6        146   106        146      0         0                  0                 0                152            0      557       50      0                  9                   0                     0                   0           0
             0                 0          0       0          0             0     194460.820          18    51                       0                 0              0                0                0                    6        146   106        146      0         0                  0                 0                152            0      557       50      0                  9                   0                     0                   0           0
             0                 0          0       0          0             0     198052.420          18    52                       0                 0              0                0                0                    6        146   106        146      0         0                  0                 0                152            0      557       50      0                  9                   0                     0                   0           0
             0                 0          0       0          0             0     201644.020          18    53                       0                 0              0                0                0                    6        146   106        146      0         0                  0                 0                152            0      557       50      0                  9                   0                     0                   0           0
             0                 0          0       0          0             0     205235.620          18    54                       0                 0              0                0                0                    6        146   106        146      0         0                  0                 0                152            0      557       50      0                  9                   0                     0                   0           0
             0                 0          0       0          0             0     208827.220          18    55                       0                 0              0                0                0                    6        146   106        146      0         0                  0                 0                152            0      557       50      0                  9                   0                     0                   0           0
             0                 0          0       0          0             0     212418.820          18    56                       0                 0              0                0                0                    6        146   106        146      0         0                  0                 0                152            0      557       50      0                  9                   0                     0                   0           0
             0                 0          0       0          0             0     216010.420          18    57                       0                 0              0                0                0                    6        146   106        146      0         0                  0                 0                152            0      557       50      0                  9                   0                     0                   0           0
             0                 0          0       0          0             0     219602.020          18    58                       0                 0              0                0                0                    6        146   106        146      0         0                  0                 0                152            0      557       50      0                  9                   0                     0                   0           0
            49                 8         46   1.375     41.250      1280.300     230573.180          22    59                       0                 0              0                0                0                    9        177   174        177     13         0                  2                 0                152            0      557       50      0                 11                   0                     0                   0          41
             0                28         31   2.500    106.679      1395.458     242894.880          18    60                       0                 0              0                0                0                    5        177   226        177     11        11                  2                 2                156           36      557       50      0                  9                   0                     0                   0          13
             0                12          6   3.833    210.417       430.500     249142.480          16    61                       0                 0              0                0                0                    3        158   226        158      3         9                  0                 2                154           49      557       50      0                  8                   1                     0                   0           1
             0                 1          0   5.000    276.000        29.000     252998.800          12    62                       0                 0              0                0                0                    2        148   207        148      3         4                  0                 3                172           44      557       50      0                  6                   0                     0                   0           0
             0                 0          0       0          0             0     256615.000          12    63                       0                 0              0                0                0                    2        146   205        146      0         1                  0                 0                155           14      557       50      0                  6                   0                     0                   0           0
             0                 0          0       0          0             0     260157.400          12    64                       0                 0              0                0                0                    2        146   205        146      1         0                  0                 2                154            4      557       50      0                  6                   0                     0                   0           0
             0                 0          0       0          0             0     263749.000          12    65                       0                 0              0                0                0                    2        146   205        146      0         0                  0                 0                154            0      557       50      0                  6                   0                     0                   0           0
             0                 0          0       0          0             0     267340.600          12    66                       0                 0              0                0                0                    2        146   205        146      0         0                  0                 0                154            0      557       50      0                  6                   0                     0                   0           0
             0                 0          0       0          0             0     270932.200          12    67                       0                 0              0                0                0                    2        146   205        146      0         0                  0                 0                154            0      557       50      0                  6                   0                     0                   0           0
             0                 0          0       0          0             0     274523.800          12    68                       0                 0              0                0                0                    2        146   205        146      0         0                  0                 0                154            0      557       50      0                  6                   0                     0                   0           0
             0                 0          0       0          0             0     278115.400          12    69                       0                 0              0                0                0                    2        146   205        146      0         0                  0                 0                154            0      557       50      0                  6                   0                     0                   0           0
             0                 0          0       0          0             0     281707.000          12    70                       0                 0              0                0                0                    2        146   205        146      0         0                  0                 0                154            0      557       50      0                  6                   0                     0                   0           0
             0                 0          0       0          0             0     285298.600          12    71                       0                 0              0                0                0                    2        146   205        146      0         0                  0                 0                154            0      557       50      0                  6                   0                     0                   0           0
             0                 0          0       0          0             0     288890.200          12    72                       0                 0              0                0                0                    2        146   205        146      0         0                  0                 0                154            0      557       50      0                  6                   0                     0                   0           0
             0                 0          0       0          0             0     292481.800          12    73                       0                 0              0                0                0                    2        146   205        146      0         0                  0                 0                154            0      557       50      0                  6                   0                     0                   0           0
             0                 0          0       0          0             0     296073.400          12    74                       0                 0              0                0                0                    2        146   205        146      0         0                  0                 0                154            0      557       50      0                  6                   0                     0                   0           0
             0                 0          0       0          0             0     299665.000          12    75                       0                 0              0                0                0                    2        146   205        146      0         0                  0                 0                154            0      557       50      0                  6                   0                     0                   0           0
             0                 0          0       0          0             0     303256.600          12    76                       0                 0              0                0                0                    2        146   205        146      0         0                  0                 0                154            0      557       50      0                  6                   0                     0                   0           0
             0                 0          0       0          0             0     306848.200          12    77                       0                 0              0                0                0                    2        146   205        146      0         0                  0                 0                154            0      557       50      0                  6                   0                     0                   0           0
             0                 0          0       0          0             0     310439.800          12    78                       0                 0              0                0                0                    2        146   205        146      0         0                  0                 0                154            0      557       50      0                  6                   0                     0                   0           0
             0                 0          0       0          0             0     314031.400          12    79                       0                 0              0                0                0                    2        146   205        146      0         0                  0                 0                154            0      557       50      0                  6                   0                     0                   0           0
             0                 0          0       0          0             0     317623.000          12    80                       0                 0              0                0                0                    2        146   205        146      0         0                  0                 0                154            0      557       50      0                  6                   0                     0                   0           0
             0                 0          0       0          0             0     321214.600          12    81                       0                 0              0                0                0                    2        146   205        146      0         0                  0                 0                154            0      557       50      0                  6                   0                     0                   0           0
             0                 0          0       0          0             0     324806.200          12    82                       0                 0              0                0                0                    2        146   205        146      0         0                  0                 0                154            0      557       50      0                  6                   0                     0                   0           0
             0                 0          0       0          0             0     328397.800          12    83                       0                 0              0                0                0                    2        146   205        146      0         0                  0                 0                154            0      557       50      0                  6                   0                     0                   0           0
             0                 0          0       0          0             0     331989.400          12    84                       0                 0              0                0                0                    2        146   205        146      0         0                  0                 0                154            0      557       50      0                  6                   0                     0                   0           0
             0                 0          0       0          0             0     335581.000          12    85                       0                 0              0                0                0                    2        146   205        146      0         0                  0                 0                154            0      557       50      0                  6                   0                     0                   0           0
             0                 0          0       0          0             0     339172.600          12    86                       0                 0              0                0                0                    2        146   205        146      0         0                  0                 0                154            0      557       50      0                  6                   0                     0                   0           0
             0                 0          0       0          0             0     342764.200          12    87                       0                 0              0                0                0                    2        146   205        146      0         0                  0                 0                154            0      557       50      0                  6                   0                     0                   0           0
             0                 0          0       0          0             0     346355.800          12    88                       0                 0              0                0                0                    2        146   205        146      0         0                  0                 0                154            0      557       50      0                  6                   0                     0                   0           0
             0                 0          0       0          0             0     349947.400          12    89                       0                 0              0                0                0                    2        146   205        146      0         0                  0                 0                154            0      557       50      0                  6                   0                     0                   0           0
             0                 0          0       0          0             0     353539.000          12    90                       0                 0              0                0                0                    2        146   205        146      0         0                  0                 0                154            0      557       50      0                  6                   0                     0                   0           0
             0                 0          0       0          0             0     357130.600          12    91                       0                 0              0                0                0                    2        146   205        146      0         0                  0                 0                154            0      557       50      0                  6                   0                     0                   0           0
             0                 0          0       0          0             0     360722.200          12    92                       0                 0              0                0                0                    2        146   205        146      0         0                  0                 0                154            0      557       50      0                  6                   0                     0                   0           0
             0                 0          0       0          0             0     364313.800          12    93                       0                 0              0                0                0                    2        146   205        146      0         0                  0                 0                154            0      557       50      0                  6                   0                     0                   0           0
             0                 0          0       0          0             0     367905.400          12    94                       0                 0              0                0                0                    2        146   205        146      0         0                  0                 0                154            0      557       50      0                  6                   0                     0                   0           0
             0                 0          0       0          0             0     371497.000          12    95                       0                 0              0                0                0                    2        146   205        146      0         0                  0                 0                154            0      557       50      0                  6                   0                     0                   0           0
             0                 0          0       0          0             0     375088.600          12    96                       0                 0              0                0                0                    2        146   205        146      0         0                  0                 0                154            0      557       50      0                  6                   0                     0                   0           0
             0                 0          0       0          0             0     378680.200          12    97                       0                 0              0                0                0                    2        146   205        146      0         0                  0                 0                154            0      557       50      0                  6                   0                     0                   0           0
             0                 0          0       0          0             0     382271.800          12    98                       0                 0              0                0                0                    2        146   205        146      0         0                  0                 0                154            0      557       50      0                  6                   0                     0                   0           0
             0                 0          0       0          0             0     385863.400          12    99                       0                 0              0                0                0                    2        146   205        146      0         0                  0                 0                154            0      557       50      0                  6                   0                     0                   0           0
#pos runNum=0 0@(1.00000,1.00000)@0 1@(1.01586,1.00325)@551 2@(0.89278,1.17727)@716 3@(1.15566,1.13390)@551 4@(0.99417,1.06569)@554 5@(0.69888,1.05978)@1181 6@(1.04849,1.04574)@605 7@(1.05110,1.03197)@1114 8@(0.84223,0.80225)@1575 9@(1.02190,1.00235)@512 10@(0.69632,0.97058)@704 11@(0.85772,0.89652)@1341 12@(0.82959,1.17159)@1420 13@(0.70835,1.09941)@1373 14@(0.96188,0.93723)@1105 15@(0.88823,0.80221)@1787 16@(0.83062,0.70087)@1358 17@(0.83999,0.76005)@1492 18@(1.01791,0.91345)@1114 19@(0.99213,0.98908)@1117 20@(0.65498,1.15601)@1520 21@(0.97478,0.80505)@1114 22@(0.70580,1.20285)@1936 23@(0.80242,1.30996)@1983 24@(0.87487,0.89143)@1409 25@(0.89613,0.84056)@546 26@(0.94729,0.66987)@1918 27@(0.85381,1.29343)@1279 28@(0.84253,0.65681)@1557 29@(0.76664,0.95722)@1543 30@(0.96283,0.77679)@1255 31@(0.94889,0.59361)@2279 32@(0.80886,1.09581)@1282 33@(0.74631,0.82540)@1998 34@(0.98358,0.90717)@548 35@(0.71873,0.68553)@1365 36@(0.83177,1.21686)@739 37@(1.14230,1.03978)@1191 38@(0.87890,0.78024)@1404 39@(1.02003,1.00776)@563 40@(0.82866,1.42937)@1959 41@(0.87216,1.19026)@1228 42@(0.87212,1.24189)@1284 43@(0.69065,0.80665)@1267 44@(0.80799,0.80227)@1918 45@(0.90554,1.24371)@2145 46@(1.11458,1.27824)@2050 47@(0.81243,0.94524)@853 48@(0.60253,0.94724)@1792 49@(0.65941,1.04479)@1739
#links runNum=0 5-47@-91dBm@0.761 25-49@-93dBm@0.656 0-14@-97dBm@0.011 29-44@-90dBm@0.862 3-40@-94dBm@0.417 12-32@-80dBm@0.989 35-43@-97dBm@0.005 30-46@-95dBm@0.306 8-31@-90dBm@0.818 5-11@-88dBm@0.938 40-42@-87dBm@0.949 12-22@-92dBm@0.678 25-45@-94dBm@0.430 2-20@-93dBm@0.647 11-14@-93dBm@0.647 21-26@-86dBm@0.953 15-25@-84dBm@0.974 15-24@-83dBm@0.974 13-40@-93dBm@0.652 5-20@-81dBm@0.986 2-36@-96dBm@0.149 1-37@-90dBm@0.862 9-48@-94dBm@0.410 38-49@-91dBm@0.772 34-42@-92dBm@0.703 0-39@-82dBm@0.985 25-41@-96dBm@0.172 3-25@-94dBm@0.505 0-36@-92dBm@0.673 21-22@-97dBm@0.043 1-35@-95dBm@0.265 11-28@-93dBm@0.645 33-37@-97dBm@0.035 0-25@-87dBm@0.949 17-44@-80dBm@0.988 11-21@-93dBm@0.659 29-47@-96dBm@0.180 21-28@-93dBm@0.642 32-43@-95dBm@0.229 12-47@-93dBm@0.642 22-23@-86dBm@0.958 33-43@-81dBm@0.985 41-49@-89dBm@0.867 16-21@-94dBm@0.485 14-30@-87dBm@0.947 15-30@-79dBm@1.000 13-26@-95dBm@0.316 18-34@-94dBm@0.478 8-44@-89dBm@0.898 6-29@-93dBm@0.645 5-25@-96dBm@0.168 46-49@-95dBm@0.236 17-26@-90dBm@0.821 3-47@-93dBm@0.560 11-29@-87dBm@0.942 0-34@-87dBm@0.949 8-43@-97dBm@0.005 41-42@-83dBm@0.976 20-22@-90dBm@0.822 9-27@-91dBm@0.776 16-48@-92dBm@0.707 30-39@-91dBm@0.756 18-27@-94dBm@0.471 4-13@-94dBm@0.344 38-48@-97dBm@0.022 6-13@-92dBm@0.680 12-23@-88dBm@0.936 22-40@-90dBm@0.864 19-34@-94dBm@0.411 18-19@-79dBm@0.997 7-32@-96dBm@0.083 25-38@-87dBm@0.943 9-13@-95dBm@0.200 11-12@-90dBm@0.833 13-46@-94dBm@0.355 22-42@-85dBm@0.959 7-25@-91dBm@0.731 12-13@-86dBm@0.953 13-18@-96dBm@0.153 4-32@-92dBm@0.669 13-45@-91dBm@0.740 23-24@-93dBm@0.645 14-18@-83dBm@0.974 11-36@-91dBm@0.789 2-18@-97dBm@0.071 9-37@-96dBm@0.118 17-32@-93dBm@0.657 11-41@-90dBm@0.807 25-47@-96dBm@0.162 19-23@-94dBm@0.513 4-38@-95dBm@0.200 8-48@-94dBm@0.514 7-19@-90dBm@0.860 5-49@-81dBm@0.985 21-27@-97dBm@0.029 16-44@-81dBm@0.985 5-17@-91dBm@0.729 9-30@-89dBm@0.876 36-46@-93dBm@0.653 7-37@-88dBm@0.932 6-48@-96dBm@0.167 0-6@-90dBm@0.863 18-39@-91dBm@0.733 10-32@-85dBm@0.965 24-35@-89dBm@0.868 1-9@-66dBm@1.000 10-20@-94dBm@0.475 7-14@-86dBm@0.958 10-28@-93dBm@0.650 8-30@-87dBm@0.945 17-25@-91dBm@0.727 11-34@-91dBm@0.732 11-38@-93dBm@0.649 16-41@-95dBm@0.226 5-30@-93dBm@0.659 20-29@-97dBm@0.023 17-35@-85dBm@0.960 19-20@-94dBm@0.481 14-32@-93dBm@0.638 11-18@-90dBm@0.865 27-32@-91dBm@0.744 32-37@-96dBm@0.162 7-44@-93dBm@0.648 5-13@-92dBm@0.704 2-3@-90dBm@0.861 7-39@-81dBm@0.985 15-17@-76dBm@1.000 12-42@-94dBm@0.432 11-15@-89dBm@0.870 0-9@-73dBm@1.000 21-34@-91dBm@0.762 14-24@-84dBm@0.972 10-14@-90dBm@0.865 3-7@-89dBm@0.892 25-43@-89dBm@0.871 13-16@-95dBm@0.200 1-4@-79dBm@0.999 26-43@-92dBm@0.679 16-34@-92dBm@0.696 2-41@-70dBm@1.000 21-24@-84dBm@0.968 6-12@-89dBm@0.884 17-21@-91dBm@0.777 1-2@-88dBm@0.932 42-45@-86dBm@0.950 7-8@-91dBm@0.761 8-10@-89dBm@0.882 15-44@-83dBm@0.974 12-45@-90dBm@0.854 4-42@-87dBm@0.939 13-20@-80dBm@0.992 36-47@-89dBm@0.884 2-7@-91dBm@0.803 24-47@-84dBm@0.972 33-41@-93dBm@0.596 1-5@-90dBm@0.805 47-49@-87dBm@0.941 9-18@-97dBm@0.047 6-9@-94dBm@0.487 18-26@-96dBm@0.125 36-37@-96dBm@0.086 16-17@-93dBm@0.567 21-25@-80dBm@0.993 43-47@-91dBm@0.765 2-12@-91dBm@0.747 28-38@-83dBm@0.978 2-11@-90dBm@0.823 30-38@-92dBm@0.705 19-49@-94dBm@0.354 7-38@-95dBm@0.232 35-47@-96dBm@0.140 3-29@-95dBm@0.251 13-29@-90dBm@0.851 25-28@-86dBm@0.954 28-44@-89dBm@0.868 4-22@-96dBm@0.175 2-27@-86dBm@0.957 5-10@-82dBm@0.984 17-34@-92dBm@0.682 19-25@-95dBm@0.300 8-25@-79dBm@1.000 7-45@-95dBm@0.192 3-6@-88dBm@0.934 8-24@-83dBm@0.978 8-47@-91dBm@0.790 4-9@-83dBm@0.979 19-29@-92dBm@0.709 11-19@-93dBm@0.640 30-33@-92dBm@0.703 24-44@-84dBm@0.969 11-25@-78dBm@1.000 9-15@-95dBm@0.219 34-46@-93dBm@0.614 4-36@-90dBm@0.825 4-5@-91dBm@0.745 38-44@-85dBm@0.963 9-39@-59dBm@1.000 14-16@-91dBm@0.802 19-24@-86dBm@0.955 1-38@-92dBm@0.670 12-38@-97dBm@0.059 2-8@-94dBm@0.511 4-16@-93dBm@0.636 18-20@-95dBm@0.279 0-21@-96dBm@0.164 1-21@-97dBm@0.019 23-42@-93dBm@0.566 34-36@-97dBm@0.041 4-49@-95dBm@0.207 11-32@-92dBm@0.707 16-25@-86dBm@0.958 1-8@-94dBm@0.504 42-48@-96dBm@0.116 36-42@-85dBm@0.960 8-16@-86dBm@0.953 44-46@-95dBm@0.204 10-43@-87dBm@0.940 7-18@-96dBm@0.108 24-28@-91dBm@0.718 22-27@-88dBm@0.936 38-43@-89dBm@0.878 21-41@-94dBm@0.367 13-33@-90dBm@0.850 15-21@-86dBm@0.951 4-6@-85dBm@0.962 32-41@-83dBm@0.976 16-33@-95dBm@0.274 16-26@-93dBm@0.658 17-31@-90dBm@0.862 14-34@-76dBm@1.000 19-26@-94dBm@0.336 7-26@-93dBm@0.646 27-29@-92dBm@0.683 27-45@-87dBm@0.943 0-47@-93dBm@0.620 9-35@-93dBm@0.638 1-40@-97dBm@0.024 12-36@-87dBm@0.946 33-49@-88dBm@0.905 4-19@-82dBm@0.984 10-21@-93dBm@0.577 1-14@-85dBm@0.963 35-38@-90dBm@0.844 22-47@-89dBm@0.867 0-10@-92dBm@0.704 23-27@-97dBm@0.052 17-48@-94dBm@0.335 1-30@-91dBm@0.722 18-25@-95dBm@0.196 27-41@-89dBm@0.866 1-3@-86dBm@0.956 22-45@-96dBm@0.184 6-24@-92dBm@0.684 24-37@-93dBm@0.651 4-17@-93dBm@0.542 10-37@-94dBm@0.432 19-33@-93dBm@0.647 17-38@-95dBm@0.219 23-41@-95dBm@0.286 8-15@-79dBm@1.000 23-36@-89dBm@0.869 14-25@-87dBm@0.948 10-39@-91dBm@0.725 17-39@-93dBm@0.660 20-23@-95dBm@0.263 41-47@-94dBm@0.401 0-2@-92dBm@0.702 1-6@-96dBm@0.179 15-31@-87dBm@0.945 45-49@-96dBm@0.089 5-32@-82dBm@0.985 23-49@-91dBm@0.718 0-4@-80dBm@0.989 2-28@-97dBm@0.016 19-37@-95dBm@0.279 3-18@-94dBm@0.409 27-44@-96dBm@0.098 21-38@-90dBm@0.862 8-35@-89dBm@0.871 0-1@-82dBm@0.984 11-45@-92dBm@0.695 7-9@-87dBm@0.938 26-28@-88dBm@0.935 1-7@-88dBm@0.902 8-46@-95dBm@0.208 10-29@-90dBm@0.839 5-9@-96dBm@0.078 9-32@-93dBm@0.522 2-13@-96dBm@0.182 29-39@-94dBm@0.445 9-11@-91dBm@0.804 2-4@-87dBm@0.949 3-32@-92dBm@0.710 23-32@-94dBm@0.436 7-20@-96dBm@0.083 20-30@-94dBm@0.417 1-18@-83dBm@0.974 34-41@-93dBm@0.648 24-48@-96dBm@0.119 8-28@-89dBm@0.882 35-41@-96dBm@0.166 18-28@-91dBm@0.757 16-19@-93dBm@0.660 5-41@-94dBm@0.430 14-15@-91dBm@0.740 4-39@-85dBm@0.966 0-3@-88dBm@0.909 2-5@-93dBm@0.528 16-42@-95dBm@0.228 11-17@-96dBm@0.140 19-45@-93dBm@0.645 11-16@-94dBm@0.322 8-38@-78dBm@1.000 30-34@-84dBm@0.970 10-11@-92dBm@0.716 20-48@-92dBm@0.686 1-39@-68dBm@1.000 24-38@-83dBm@0.976 7-35@-95dBm@0.214 16-36@-96dBm@0.178 30-44@-89dBm@0.881 23-40@-90dBm@0.861 3-12@-92dBm@0.671 6-14@-94dBm@0.385 12-30@-94dBm@0.486 2-42@-88dBm@0.936 13-22@-86dBm@0.958 3-27@-95dBm@0.232 14-47@-91dBm@0.742 32-46@-92dBm@0.671 6-39@-89dBm@0.874 23-48@-95dBm@0.197
#aveChargePerCycle runNum=0 0@446.08 1@343.76 2@263.06 3@210.89 4@260.87 5@189.96 6@109.81 7@83.23 8@69.09 9@270.74 10@176.62 11@111.58 12@53.00 13@106.55 14@78.80 15@28.39 16@76.86 17@50.68 18@26.30 19@74.51 20@36.42 21@1.94 22@1.30 23@1.30 24@1.30 25@296.65 26@1.30 27@1.30 28@1.30 29@1.94 30@26.58 31@1.94 32@27.75 33@1.94 34@175.72 35@1.94 36@71.78 37@1.30 38@1.94 39@28.98 40@2.59 41@26.05 42@26.05 43@22.95 44@1.30 45@1.94 46@1.30 47@52.87 48@6.48 49@1.94