## dioPeriod = 1.0
## burstTimestamp = 20
## minRssi = -97
## numMotes = 50
## otfHousekeepingPeriod = 1.0
## sixtopNoRemoveWorstCell = 0
## simDataDir = simData
## numChans = 16
## slotframeLength = 101
## squareSide = 2.0
## cpuID = 53
## sixtopPdrThreshold = 1.5
## pkPeriod = None
## sixtopHousekeepingPeriod = 1.0
## sixtopNoHousekeeping = 0
## algorithm = otf
## pkPeriodVar = 0.05
## numCyclesPerRun = 100
## startTime = 1502276471.27
## slotDuration = 0.01
## numRuns = 1
## combinationKeys = ['algorithm', 'numMotes', 'otfThreshold']
## numPacketsBurst = 5
## otfThreshold = 1
## noInterference = 0
## gui = False


# appGenerated appReachesDagroot appRelayed aveHops aveLatency aveQueueDelay chargeConsumed collidedTxs cycle droppedAppFailedEnqueue droppedMacRetries droppedNoRoute droppedNoTxCells droppedQueueFull effectiveCollidedTxs numRxCells numTx numTxCells otfAdd otfRemove probableCollisions rplChurnParentSet rplChurnPrefParent rplChurnRank rplRxDIO rplTxDIO runNum scheduleCollisions topRxRelocatedCells topTxRelocatedBundles topTxRelocatedCells txQueueFill
             0                 0          0       0          0             0              0           0     0                       0                 0              0                0                0                    0          0     0          0      0         0                  0                 0                  0            0        0        0      0                  0                   0                     0                   0           0
             0                 0          0       0          0             0       1254.600           8     1                       0                 0              0                0                0                    1        119     0        119    119         0                  0               138                 90            0      518       50      0                  4                   0                     0                   0           0
             0                 0          0       0          0             0       4477.200          12     2                       0                 0              0                0                0                    2        131     0        131     12         0                  0                 0                134            0      518       50      0                  6                   0                     0                   0           0
             0                 0          0       0          0             0       7699.800          12     3                       0                 0              0                0                0                    2        131     0        131      0         0                  0                 0                134            0      518       50      0                  6                   0                     0                   0           0
             0                 0          0       0          0             0      10922.400          12     4                       0                 0              0                0                0                    2        131     0        131      0         0                  0                 0                134            0      518       50      0                  6                   0                     0                   0           0
             0                 0          0       0          0             0      14145.000          12     5                       0                 0              0                0                0                    2        131     0        131      0         0                  0                 0                134            0      518       50      0                  6                   0                     0                   0           0
             0                 0          0       0          0             0      17367.600          12     6                       0                 0              0                0                0                    2        131     0        131      0         0                  0                 0                134            0      518       50      0                  6                   0                     0                   0           0
             0                 0          0       0          0             0      20590.200          12     7                       0                 0              0                0                0                    2        131     0        131      0         0                  0                 0                134            0      518       50      0                  6                   0                     0                   0           0
             0                 0          0       0          0             0      23812.800          12     8                       0                 0              0                0                0                    2        131     0        131      0         0                  0                 0                134            0      518       50      0                  6                   0                     0                   0           0
             0                 0          0       0          0             0      27035.400          12     9                       0                 0              0                0                0                    2        131     0        131      0         0                  0                 0                134            0      518       50      0                  6                   0                     0                   0           0
             0                 0          0       0          0             0      30258.000          12    10                       0                 0              0                0                0                    2        131     0        131      0         0                  0                 0                134            0      518       50      0                  6                   0                     0                   0           0
             0                 0          0       0          0             0      33480.600          12    11                       0                 0              0                0                0                    2        131     0        131      0         0                  0                 0                134            0      518       50      0                  6                   0                     0                   0           0
             0                 0          0       0          0             0      36703.200          12    12                       0                 0              0                0                0                    2        131     0        131      0         0                  0                 0                134            0      518       50      0                  6                   0                     0                   0           0
             0                 0          0       0          0             0      39925.800          12    13                       0                 0              0                0                0                    2        131     0        131      0         0                  0                 0                134            0      518       50      0                  6                   0                     0                   0           0
             0                 0          0       0          0             0      43148.400          12    14                       0                 0              0                0                0                    2        131     0        131      0         0                  0                 0                134            0      518       50      0                  6                   0                     0                   0           0
             0                 0          0       0          0             0      46371.000          12    15                       0                 0              0                0                0                    2        131     0        131      0         0                  0                 0                134            0      518       50      0                  6                   0                     0                   0           0
             0                 0          0       0          0             0      49593.600          12    16                       0                 0              0                0                0                    2        131     0        131      0         0                  0                 0                134            0      518       50      0                  6                   0                     0                   0           0
             0                 0          0       0          0             0      52816.200          12    17                       0                 0              0                0                0                    2        131     0        131      0         0                  0                 0                134            0      518       50      0                  6                   0                     0                   0           0
             0                 0          0       0          0             0      56038.800          12    18                       0                 0              0                0                0                    2        131     0        131      0         0                  0                 0                134            0      518       50      0                  6                   0                     0                   0           0
            49                 4         19   1.000      9.000       219.500      62279.260          12    19                       0                 0              0                0                0                    2        133    28        133      1         0                  0                 0                134            0      518       50      0                  6                   0                     0                   0          45
             0                25         39   1.920     75.600      1700.083      75505.980          22    20                       0                 0              0                0                0                    6        216   114        216     34         0                  1                 5                135           16      518       50      0                 11                   1                     0                   0          20
             0                20          7   3.100    173.350       689.174      83697.560          14    21                       0                 0              0                0                0                    4        164   117        164      8        26                  0                12                137           38      518       50      0                  7                   1                     0                   0           0
             0                 0          0       0          0             0      87559.760          12    22                       0                 0              0                0                0                    3        160   112        160      9         6                  0                 4                135           19      518       50      0                  6                   0                     0                   0           0
             0                 0          0       0          0             0      91225.160           8    23                       0                 0              0                0                0                    3        152   104        152      3         2                  0                 4                140            1      518       50      0                  4                   0                     0                   0           0
             0                 0          0       0          0             0      94939.760           8    24                       0                 0              0                0                0                    3        152   100        152      1         1                  0                 1                140            9      518       50      0                  4                   0                     0                   0           0
             0                 0          0       0          0             0      98629.760           8    25                       0                 0              0                0                0                    3        150   100        150      0         0                  0                 1                140            0      518       50      0                  4                   0                     0                   0           0
             0                 0          0       0          0             0     102319.760           8    26                       0                 0              0                0                0                    3        150   100        150      0         0                  0                 0                140            0      518       50      0                  4                   0                     0                   0           0
             0                 0          0       0          0             0     106009.760           8    27                       0                 0              0                0                0                    3        150   100        150      0         0                  0                 0                140            0      518       50      0                  4                   0                     0                   0           0
             0                 0          0       0          0             0     109699.760           8    28                       0                 0              0                0                0                    3        150   100        150      0         0                  0                 0                140            0      518       50      0                  4                   0                     0                   0           0
             0                 0          0       0          0             0     113389.760           8    29                       0                 0              0                0                0                    3        150   100        150      0         0                  0                 0                140            0      518       50      0                  4                   0                     0                   0           0
             0                 0          0       0          0             0     117079.760           8    30                       0                 0              0                0                0                    3        150   100        150      0         0                  0                 0                140            0      518       50      0                  4                   0                     0                   0           0
             0                 0          0       0          0             0     120769.760           8    31                       0                 0              0                0                0                    3        150   100        150      0         0                  0                 0                140            0      518       50      0                  4                   0                     0                   0           0
             0                 0          0       0          0             0     124459.760           8    32                       0                 0              0                0                0                    3        150   100        150      0         0                  0                 0                140            0      518       50      0                  4                   0                     0                   0           0
             0                 0          0       0          0             0     128149.760           8    33                       0                 0              0                0                0                    3        150   100        150      0         0                  0                 0                140            0      518       50      0                  4                   0                     0                   0           0
             0                 0          0       0          0             0     131839.760           8    34                       0                 0              0                0                0                    3        150   100        150      0         0                  0                 0                140            0      518       50      0                  4                   0                     0                   0           0
             0                 0          0       0          0             0     135529.760           8    35                       0                 0              0                0                0                    3        150   100        150      0         0                  0                 0                140            0      518       50      0                  4                   0                     0                   0           0
             0                 0          0       0          0             0     139219.760           8    36                       0                 0              0                0                0                    3        150   100        150      0         0                  0                 0                140            0      518       50      0                  4                   0                     0                   0           0
             0                 0          0       0          0             0     142909.760           8    37                       0                 0              0                0                0                    3        150   100        150      0         0                  0                 0                140            0      518       50      0                  4                   0                     0                   0           0
             0                 0          0       0          0             0     146599.760           8    38                       0                 0              0                0                0                    3        150   100        150      0         0                  0                 0                140            0      518       50      0                  4                   0                     0                   0           0
             0                 0          0       0          0             0     150289.760           8    39                       0                 0              0                0                0                    3        150   100        150      0         0                  0                 0                140            0      518       50      0                  4                   0                     0                   0           0
             0                 0          0       0          0             0     153979.760           8    40                       0                 0              0                0                0                    3        150   100        150      0         0                  0                 0                140            0      518       50      0                  4                   0                     0                   0           0
             0                 0          0       0          0             0     157669.760           8    41                       0                 0              0                0                0                    3        150   100        150      0         0                  0                 0                140            0      518       50      0                  4                   0                     0                   0           0
             0                 0          0       0          0             0     161359.760           8    42                       0                 0              0                0                0                    3        150   100        150      0         0                  0                 0                140            0      518       50      0                  4                   0                     0                   0           0
             0                 0          0       0          0             0     165049.760           8    43                       0                 0              0                0                0                    3        150   100        150      0         0                  0                 0                140            0      518       50      0                  4                   0                     0                   0           0
             0                 0          0       0          0             0     168739.760           8    44                       0                 0              0                0                0                    3        150   100        150      0         0                  0                 0                140            0      518       50      0                  4                   0                     0                   0           0
             0                 0          0       0          0             0     172429.760           8    45                       0                 0              0                0                0                    3        150   100        150      0         0                  0                 0                140            0      518       50      0                  4                   0                     0                   0           0
             0                 0          0       0          0             0     176119.760           8    46                       0                 0              0                0                0                    3        150   100        150      0         0                  0                 0                140            0      518       50      0                  4                   0                     0                   0           0
             0                 0          0       0          0             0     179809.760           8    47                       0                 0              0                0                0                    3        150   100        150      0         0                  0                 0                140            0      518       50      0                  4                   0                     0                   0           0
             0                 0          0       0          0             0     183499.760           8    48                       0                 0              0                0                0                    3        150   100        150      0         0                  0                 0                140            0      518       50      0                  4                   0                     0                   0           0
             0                 0          0       0          0             0     187189.760           8    49                       0                 0              0                0                0                    3        150   100        150      0         0                  0                 0                140            0      518       50      0                  4                   0                     0                   0           0
             0                 0          0       0          0             0     190879.760           8    50                       0                 0              0                0                0                    3        150   100        150      0         0                  0                 0                140            0      518       50      0                  4                   0                     0                   0           0
             0                 0          0       0          0             0     194569.760           8    51                       0                 0              0                0                0                    3        150   100        150      0         0                  0                 0                140            0      518       50      0                  4                   0                     0                   0           0
             0                 0          0       0          0             0     198259.760           8    52                       0                 0              0                0                0                    3        150   100        150      0         0                  0                 0                140            0      518       50      0                  4                   0                     0                   0           0
             0                 0          0       0          0             0     201949.760           8    53                       0                 0              0                0                0                    3        150   100        150      0         0                  0                 0                140            0      518       50      0                  4                   0                     0                   0           0
             0                 0          0       0          0             0     205639.760           8    54                       0                 0              0                0                0                    3        150   100        150      0         0                  0                 0                140            0      518       50      0                  4                   0                     0                   0           0
             0                 0          0       0          0             0     209329.760           8    55                       0                 0              0                0                0                    3        150   100        150      0         0                  0                 0                140            0      518       50      0                  4                   0                     0                   0           0
             0                 0          0       0          0             0     213019.760           8    56                       0                 0              0                0                0                    3        150   100        150      0         0                  0                 0                140            0      518       50      0                  4                   0                     0                   0           0
             0                 0          0       0          0             0     216709.760           8    57                       0                 0              0                0                0                    3        150   100        150      0         0                  0                 0                140            0      518       50      0                  4                   0                     0                   0           0
             0                 0          0       0          0             0     220399.760           8    58                       0                 0              0                0                0                    3        150   100        150      0         0                  0                 0                140            0      518       50      0                  4                   0                     0                   0           0
            49                14         45   1.429     29.143      1025.667     232030.320          18    59                       0                 0              0                0                0                    6        180   173        180     14         0                  2                 0                140            0      518       50      0                  9                   0                     0                   0          35
             0                24         23   2.500     99.125      1127.444     243044.980          16    60                       0                 0              0                0                0                    7        179   217        179     14        13                  1                 6                148           37      518       50      0                  8                   1                     0                   0          11
             0                11          1   3.455    219.364       324.667     248697.240           6    61                       0                 0              0                0                0                    2        166   212        166      3         8                  0                 4                145           32      518       50      0                  3                   2                     0                   0           0
             0                 0          0       0          0             0     252608.640           6    62                       0                 0              0                0                0                    2        157   203        157      1         4                  0                 1                149           22      518       50      0                  3                   0                     0                   0           0
             0                 0          0       0          0             0     256323.240           6    63                       0                 0              0                0                0                    2        149   196        149      0         2                  0                 2                149            8      518       50      0                  3                   0                     0                   0           0
             0                 0          0       0          0             0     260013.240           6    64                       0                 0              0                0                0                    2        151   196        151      1         0                  0                 1                149            9      518       50      0                  3                   0                     0                   0           0
             0                 0          0       0          0             0     263678.640           6    65                       0                 0              0                0                0                    2        149   189        149      0         1                  0                 0                149            0      518       50      0                  3                   0                     0                   0           0
             0                 0          0       0          0             0     267344.040           6    66                       0                 0              0                0                0                    2        149   189        149      0         0                  0                 0                149            0      518       50      0                  3                   0                     0                   0           0
             0                 0          0       0          0             0     271009.440           6    67                       0                 0              0                0                0                    2        149   189        149      0         0                  0                 0                149            0      518       50      0                  3                   0                     0                   0           0
             0                 0          0       0          0             0     274674.840           6    68                       0                 0              0                0                0                    2        149   189        149      0         0                  0                 0                149            0      518       50      0                  3                   0                     0                   0           0
             0                 0          0       0          0             0     278340.240           6    69                       0                 0              0                0                0                    2        149   189        149      0         0                  0                 0                149            0      518       50      0                  3                   0                     0                   0           0
             0                 0          0       0          0             0     282005.640           6    70                       0                 0              0                0                0                    2        149   189        149      0         0                  0                 0                149            0      518       50      0                  3                   0                     0                   0           0
             0                 0          0       0          0             0     285671.040           6    71                       0                 0              0                0                0                    2        149   189        149      0         0                  0                 0                149            0      518       50      0                  3                   0                     0                   0           0
             0                 0          0       0          0             0     289336.440           6    72                       0                 0              0                0                0                    2        149   189        149      0         0                  0                 0                149            0      518       50      0                  3                   0                     0                   0           0
             0                 0          0       0          0             0     293001.840           6    73                       0                 0              0                0                0                    2        149   189        149      0         0                  0                 0                149            0      518       50      0                  3                   0                     0                   0           0
             0                 0          0       0          0             0     296667.240           6    74                       0                 0              0                0                0                    2        149   189        149      0         0                  0                 0                149            0      518       50      0                  3                   0                     0                   0           0
             0                 0          0       0          0             0     300332.640           6    75                       0                 0              0                0                0                    2        149   189        149      0         0                  0                 0                149            0      518       50      0                  3                   0                     0                   0           0
             0                 0          0       0          0             0     303998.040           6    76                       0                 0              0                0                0                    2        149   189        149      0         0                  0                 0                149            0      518       50      0                  3                   0                     0                   0           0
             0                 0          0       0          0             0     307663.440           6    77                       0                 0              0                0                0                    2        149   189        149      0         0                  0                 0                149            0      518       50      0                  3                   0                     0                   0           0
             0                 0          0       0          0             0     311328.840           6    78                       0                 0              0                0                0                    2        149   189        149      0         0                  0                 0                149            0      518       50      0                  3                   0                     0                   0           0
             0                 0          0       0          0             0     314994.240           6    79                       0                 0              0                0                0                    2        149   189        149      0         0                  0                 0                149            0      518       50      0                  3                   0                     0                   0           0
             0                 0          0       0          0             0     318659.640           6    80                       0                 0              0                0                0                    2        149   189        149      0         0                  0                 0                149            0      518       50      0                  3                   0                     0                   0           0
             0                 0          0       0          0             0     322325.040           6    81                       0                 0              0                0                0                    2        149   189        149      0         0                  0                 0                149            0      518       50      0                  3                   0                     0                   0           0
             0                 0          0       0          0             0     325990.440           6    82                       0                 0              0                0                0                    2        149   189        149      0         0                  0                 0                149            0      518       50      0                  3                   0                     0                   0           0
             0                 0          0       0          0             0     329655.840           6    83                       0                 0              0                0                0                    2        149   189        149      0         0                  0                 0                149            0      518       50      0                  3                   0                     0                   0           0
             0                 0          0       0          0             0     333321.240           6    84                       0                 0              0                0                0                    2        149   189        149      0         0                  0                 0                149            0      518       50      0                  3                   0                     0                   0           0
             0                 0          0       0          0             0     336986.640           6    85                       0                 0              0                0                0                    2        149   189        149      0         0                  0                 0                149            0      518       50      0                  3                   0                     0                   0           0
             0                 0          0       0          0             0     340652.040           6    86                       0                 0              0                0                0                    2        149   189        149      0         0                  0                 0                149            0      518       50      0                  3                   0                     0                   0           0
             0                 0          0       0          0             0     344317.440           6    87                       0                 0              0                0                0                    2        149   189        149      0         0                  0                 0                149            0      518       50      0                  3                   0                     0                   0           0
             0                 0          0       0          0             0     347982.840           6    88                       0                 0              0                0                0                    2        149   189        149      0         0                  0                 0                149            0      518       50      0                  3                   0                     0                   0           0
             0                 0          0       0          0             0     351648.240           6    89                       0                 0              0                0                0                    2        149   189        149      0         0                  0                 0                149            0      518       50      0                  3                   0                     0                   0           0
             0                 0          0       0          0             0     355313.640           6    90                       0                 0              0                0                0                    2        149   189        149      0         0                  0                 0                149            0      518       50      0                  3                   0                     0                   0           0
             0                 0          0       0          0             0     358979.040           6    91                       0                 0              0                0                0                    2        149   189        149      0         0                  0                 0                149            0      518       50      0                  3                   0                     0                   0           0
             0                 0          0       0          0             0     362644.440           6    92                       0                 0              0                0                0                    2        149   189        149      0         0                  0                 0                149            0      518       50      0                  3                   0                     0                   0           0
             0                 0          0       0          0             0     366309.840           6    93                       0                 0              0                0                0                    2        149   189        149      0         0                  0                 0                149            0      518       50      0                  3                   0                     0                   0           0
             0                 0          0       0          0             0     369975.240           6    94                       0                 0              0                0                0                    2        149   189        149      0         0                  0                 0                149            0      518       50      0                  3                   0                     0                   0           0
             0                 0          0       0          0             0     373640.640           6    95                       0                 0              0                0                0                    2        149   189        149      0         0                  0                 0                149            0      518       50      0                  3                   0                     0                   0           0
             0                 0          0       0          0             0     377306.040           6    96                       0                 0              0                0                0                    2        149   189        149      0         0                  0                 0                149            0      518       50      0                  3                   0                     0                   0           0
             0                 0          0       0          0             0     380971.440           6    97                       0                 0              0                0                0                    2        149   189        149      0         0                  0                 0                149            0      518       50      0                  3                   0                     0                   0           0
             0                 0          0       0          0             0     384636.840           6    98                       0                 0              0                0                0                    2        149   189        149      0         0                  0                 0                149            0      518       50      0                  3                   0                     0                   0           0
             0                 0          0       0          0             0     388302.240           6    99                       0                 0              0                0                0                    2        149   189        149      0         0                  0                 0                149            0      518       50      0                  3                   0                     0                   0           0
#pos runNum=0 0@(1.00000,1.00000)@0 1@(1.05786,1.00789)@512 2@(1.10247,0.89531)@551 3@(1.14997,0.93092)@877 4@(1.06377,0.86446)@1126 5@(1.07915,0.95552)@544 6@(1.18728,0.78923)@1126 7@(0.93074,1.21749)@1536 8@(1.26848,0.87625)@1428 9@(0.97188,0.80118)@546 10@(1.24132,0.78291)@1389 11@(1.16499,0.64938)@832 12@(1.03537,0.74479)@938 13@(1.07441,0.71556)@1114 14@(0.86567,1.00313)@554 15@(1.01722,0.94142)@563 16@(1.38859,0.87610)@1621 17@(1.25851,0.86370)@1730 18@(1.07787,0.94753)@568 19@(0.96691,0.93638)@630 20@(1.17103,0.69799)@1536 21@(1.40498,0.96688)@1730 22@(1.29631,1.06125)@1105 23@(1.07753,0.90968)@1355 24@(1.10451,0.76559)@1730 25@(1.25813,1.17789)@1404 26@(1.50923,0.80033)@1751 27@(0.95947,0.63602)@1563 28@(0.90119,1.11385)@768 29@(1.14192,0.58086)@1689 30@(1.37440,0.78767)@1191 31@(1.28141,0.82174)@1216 32@(0.87279,1.02053)@554 33@(0.95020,1.17619)@1730 34@(1.02504,0.88847)@704 35@(1.29915,0.65735)@1815 36@(1.15785,0.53624)@1571 37@(1.05220,0.84527)@614 38@(0.83510,0.98896)@1751 39@(1.26159,1.01418)@1126 40@(0.64737,1.02188)@1672 41@(1.26558,1.19036)@1365 42@(1.14407,0.86973)@1445 43@(1.16699,1.04826)@1559 44@(1.18160,0.44449)@2193 45@(1.12662,0.58122)@1255 46@(0.78941,0.82133)@1109 47@(0.91235,1.21529)@614 48@(1.08987,0.97886)@1316 49@(0.87084,0.81445)@1243
#links runNum=0 1-10@-92dBm@0.685 24-38@-94dBm@0.330 0-14@-86dBm@0.957 26-39@-94dBm@0.381 5-47@-92dBm@0.664 26-44@-94dBm@0.404 4-11@-95dBm@0.196 30-31@-95dBm@0.219 1-20@-93dBm@0.551 18-24@-86dBm@0.957 10-31@-77dBm@1.000 15-48@-88dBm@0.937 16-22@-91dBm@0.794 41-42@-96dBm@0.093 18-41@-95dBm@0.212 17-42@-86dBm@0.953 32-48@-89dBm@0.872 15-31@-94dBm@0.400 46-49@-95dBm@0.301 2-8@-93dBm@0.553 21-42@-93dBm@0.611 9-41@-94dBm@0.411 32-49@-92dBm@0.694 2-48@-83dBm@0.976 6-11@-86dBm@0.952 33-47@-81dBm@0.985 1-48@-92dBm@0.703 20-49@-94dBm@0.353 8-24@-88dBm@0.927 34-38@-89dBm@0.874 2-25@-92dBm@0.669 5-34@-89dBm@0.898 28-47@-89dBm@0.870 19-45@-93dBm@0.641 8-29@-94dBm@0.516 5-21@-95dBm@0.205 9-40@-93dBm@0.538 36-48@-95dBm@0.225 17-30@-93dBm@0.542 3-17@-93dBm@0.652 5-9@-86dBm@0.950 19-32@-87dBm@0.944 17-34@-96dBm@0.174 26-42@-93dBm@0.647 25-39@-93dBm@0.659 24-27@-89dBm@0.882 30-37@-95dBm@0.208 25-35@-96dBm@0.182 7-23@-95dBm@0.195 2-6@-85dBm@0.963 36-44@-87dBm@0.944 24-48@-89dBm@0.867 1-39@-86dBm@0.950 2-46@-97dBm@0.002 4-20@-89dBm@0.865 31-42@-86dBm@0.957 0-34@-92dBm@0.710 11-44@-96dBm@0.105 24-39@-95dBm@0.218 11-48@-94dBm@0.401 14-19@-93dBm@0.592 18-38@-94dBm@0.371 5-33@-89dBm@0.870 18-32@-93dBm@0.530 10-45@-90dBm@0.813 18-19@-95dBm@0.315 10-20@-91dBm@0.763 23-34@-81dBm@0.985 3-20@-90dBm@0.820 25-43@-89dBm@0.899 3-10@-90dBm@0.861 8-11@-94dBm@0.488 17-20@-94dBm@0.390 27-29@-93dBm@0.638 8-9@-91dBm@0.724 8-21@-89dBm@0.871 15-18@-84dBm@0.974 3-24@-92dBm@0.678 22-24@-96dBm@0.182 11-28@-97dBm@0.013 5-38@-92dBm@0.666 2-31@-89dBm@0.870 19-34@-89dBm@0.865 3-42@-88dBm@0.902 20-32@-95dBm@0.213 25-32@-94dBm@0.514 5-17@-92dBm@0.710 5-48@-74dBm@1.000 31-39@-87dBm@0.941 16-19@-96dBm@0.191 20-46@-93dBm@0.538 6-26@-90dBm@0.818 17-45@-94dBm@0.358 6-17@-94dBm@0.322 1-9@-90dBm@0.854 34-48@-83dBm@0.974 20-36@-87dBm@0.939 23-24@-92dBm@0.713 0-15@-86dBm@0.952 30-49@-96dBm@0.160 0-18@-83dBm@0.974 8-12@-90dBm@0.865 33-43@-95dBm@0.245 32-38@-77dBm@1.000 10-22@-91dBm@0.748 2-19@-89dBm@0.888 40-46@-94dBm@0.510 21-48@-90dBm@0.817 20-29@-90dBm@0.850 43-47@-96dBm@0.098 5-35@-95dBm@0.232 12-18@-92dBm@0.688 9-13@-90dBm@0.861 19-23@-83dBm@0.979 15-42@-91dBm@0.738 17-23@-92dBm@0.713 18-23@-91dBm@0.763 11-24@-85dBm@0.960 12-14@-94dBm@0.506 8-20@-88dBm@0.921 31-45@-94dBm@0.487 26-30@-93dBm@0.538 2-23@-92dBm@0.697 15-19@-87dBm@0.948 0-9@-87dBm@0.948 9-19@-88dBm@0.931 28-43@-97dBm@0.002 23-27@-95dBm@0.256 5-18@-68dBm@1.000 1-4@-90dBm@0.834 37-49@-94dBm@0.350 38-42@-96dBm@0.181 4-8@-92dBm@0.694 22-25@-85dBm@0.962 1-45@-96dBm@0.166 34-37@-97dBm@0.001 32-47@-89dBm@0.879 23-47@-93dBm@0.655 2-15@-86dBm@0.953 47-48@-93dBm@0.646 1-16@-94dBm@0.518 29-46@-96dBm@0.163 2-35@-96dBm@0.102 8-42@-96dBm@0.154 2-7@-92dBm@0.686 13-19@-90dBm@0.862 1-5@-87dBm@0.943 29-44@-91dBm@0.740 3-21@-93dBm@0.656 12-27@-90dBm@0.812 4-15@-92dBm@0.705 8-37@-94dBm@0.328 33-40@-95dBm@0.302 5-7@-91dBm@0.745 4-6@-90dBm@0.814 24-31@-90dBm@0.861 2-11@-92dBm@0.682 41-47@-92dBm@0.692 15-43@-92dBm@0.680 12-36@-94dBm@0.486 3-16@-97dBm@0.014 9-45@-94dBm@0.354 1-44@-96dBm@0.114 38-46@-89dBm@0.868 6-29@-88dBm@0.913 12-38@-94dBm@0.392 40-48@-95dBm@0.280 1-47@-88dBm@0.913 9-18@-96dBm@0.152 2-22@-88dBm@0.914 5-16@-91dBm@0.758 11-36@-91dBm@0.760 1-34@-93dBm@0.587 21-37@-96dBm@0.177 2-10@-90dBm@0.836 4-12@-93dBm@0.658 18-31@-94dBm@0.332 28-38@-92dBm@0.696 2-3@-93dBm@0.557 8-30@-88dBm@0.905 18-35@-95dBm@0.310 7-24@-94dBm@0.422 7-8@-96dBm@0.187 19-42@-93dBm@0.549 4-23@-79dBm@0.997 0-19@-87dBm@0.942 8-36@-95dBm@0.285 4-5@-82dBm@0.980 14-24@-91dBm@0.769 9-24@-87dBm@0.947 3-35@-93dBm@0.651 9-30@-97dBm@0.051 2-45@-92dBm@0.712 10-38@-94dBm@0.368 33-49@-94dBm@0.429 3-48@-82dBm@0.985 24-35@-91dBm@0.744 6-42@-95dBm@0.252 1-2@-82dBm@0.981 18-20@-95dBm@0.241 11-14@-95dBm@0.195 12-13@-80dBm@0.992 13-27@-87dBm@0.945 18-28@-88dBm@0.933 10-44@-93dBm@0.642 4-38@-90dBm@0.861 12-19@-93dBm@0.650 7-33@-79dBm@1.000 30-42@-96dBm@0.170 18-33@-95dBm@0.292 5-28@-90dBm@0.843 18-26@-93dBm@0.546 0-11@-93dBm@0.572 16-26@-92dBm@0.700 19-37@-93dBm@0.641 32-40@-90dBm@0.863 15-30@-93dBm@0.572 11-31@-91dBm@0.779 0-47@-89dBm@0.880 24-45@-94dBm@0.451 3-4@-82dBm@0.984 3-33@-92dBm@0.674 25-33@-94dBm@0.349 4-16@-93dBm@0.637 38-40@-88dBm@0.929 9-23@-87dBm@0.940 21-41@-92dBm@0.670 34-46@-92dBm@0.666 11-19@-97dBm@0.067 3-49@-90dBm@0.806 1-49@-91dBm@0.770 3-43@-89dBm@0.869 8-31@-76dBm@1.000 1-3@-83dBm@0.976 2-38@-95dBm@0.269 0-5@-79dBm@0.996 4-24@-84dBm@0.974 22-48@-88dBm@0.936 5-6@-92dBm@0.710 36-46@-94dBm@0.373 7-31@-95dBm@0.277 3-5@-88dBm@0.933 0-28@-92dBm@0.681 0-2@-84dBm@0.969 27-31@-92dBm@0.688 13-24@-85dBm@0.964 9-46@-87dBm@0.942 22-37@-91dBm@0.798 2-49@-94dBm@0.391 28-31@-94dBm@0.406 13-29@-94dBm@0.415 20-37@-94dBm@0.344 2-32@-94dBm@0.412 24-26@-96dBm@0.094 0-1@-77dBm@1.000 1-32@-97dBm@0.018 32-43@-91dBm@0.787 1-7@-94dBm@0.510 30-35@-93dBm@0.536 6-35@-86dBm@0.956 29-36@-95dBm@0.284 6-8@-96dBm@0.180 36-45@-88dBm@0.937 22-23@-95dBm@0.224 3-15@-93dBm@0.575 20-27@-88dBm@0.934 2-13@-88dBm@0.919 18-29@-94dBm@0.479 24-32@-94dBm@0.410 9-11@-93dBm@0.646 2-42@-96dBm@0.175 30-36@-93dBm@0.636 1-41@-93dBm@0.624 28-34@-90dBm@0.864 4-10@-94dBm@0.382 25-41@-73dBm@1.000 1-18@-92dBm@0.711 6-48@-89dBm@0.876 0-32@-84dBm@0.973 18-37@-88dBm@0.935 1-40@-95dBm@0.283 20-45@-89dBm@0.873 9-14@-91dBm@0.746 28-39@-93dBm@0.652 22-44@-97dBm@0.040 10-21@-92dBm@0.714 2-30@-90dBm@0.861 0-3@-93dBm@0.581 22-30@-90dBm@0.862 2-5@-91dBm@0.725 8-17@-67dBm@1.000 36-37@-92dBm@0.696 15-34@-86dBm@0.956 18-22@-91dBm@0.786 8-22@-90dBm@0.817 4-37@-95dBm@0.243 17-25@-91dBm@0.776 17-43@-89dBm@0.865 16-23@-94dBm@0.467 1-6@-90dBm@0.862 15-23@-80dBm@0.989 27-42@-96dBm@0.142 18-48@-96dBm@0.129 10-49@-94dBm@0.375 23-44@-97dBm@0.019 2-4@-85dBm@0.962 11-45@-91dBm@0.755 6-24@-83dBm@0.974 5-8@-93dBm@0.650 8-10@-96dBm@0.112 0-12@-93dBm@0.530 0-37@-89dBm@0.896
#aveChargePerCycle runNum=0 0@545.22 1@461.16 2@443.42 3@304.92 4@154.63 5@335.53 6@107.06 7@1.94 8@47.67 9@252.55 10@54.69 11@80.62 12@51.85 13@50.93 14@28.24 15@100.72 16@31.76 17@1.30 18@187.47 19@71.24 20@50.93 21@1.30 22@53.03 23@1.30 24@1.30 25@7.79 26@6.62 27@1.30 28@26.82 29@26.05 30@1.94 31@5.19 32@180.83 33@1.94 34@27.07 35@1.94 36@24.49 37@53.00 38@1.30 39@1.94 40@1.94 41@1.30 42@1.30 43@3.24 44@1.94 45@1.30 46@27.22 47@53.27 48@1.94 49@1.30