## dioPeriod = 1.0
## burstTimestamp = 20
## minRssi = -97
## numMotes = 50
## otfHousekeepingPeriod = 1.0
## sixtopNoRemoveWorstCell = 0
## simDataDir = simData
## numChans = 16
## slotframeLength = 101
## squareSide = 2.0
## cpuID = 12
## sixtopPdrThreshold = 1.5
## pkPeriod = None
## sixtopHousekeepingPeriod = 1.0
## sixtopNoHousekeeping = 0
## algorithm = otf
## pkPeriodVar = 0.05
## numCyclesPerRun = 100
## startTime = 1502276471.22
## slotDuration = 0.01
## numRuns = 1
## combinationKeys = ['algorithm', 'numMotes', 'otfThreshold']
## numPacketsBurst = 5
## otfThreshold = 1
## noInterference = 0
## gui = False


# appGenerated appReachesDagroot appRelayed aveHops aveLatency aveQueueDelay chargeConsumed collidedTxs cycle droppedAppFailedEnqueue droppedMacRetries droppedNoRoute droppedNoTxCells droppedQueueFull effectiveCollidedTxs numRxCells numTx numTxCells otfAdd otfRemove probableCollisions rplChurnParentSet rplChurnPrefParent rplChurnRank rplRxDIO rplTxDIO runNum scheduleCollisions topRxRelocatedCells topTxRelocatedBundles topTxRelocatedCells txQueueFill
             0                 0          0       0          0             0              0           0     0                       0                 0              0                0                0                    0          0     0          0      0         0                  0                 0                  0            0        0        0      0                  0                   0                     0                   0           0
             0                 0          0       0          0             0       1476.000          12     1                       0                 0              0                0                0                    2        119     0        119    119         0                  0               138                 65            3      517       50      0                  6                   0                     0                   0           0
             0                 0          0       0          0             0       4575.600          12     2                       0                 0              0                0                0                    2        127     0        127      8         0                  0                 0                114            0      517       50      0                  6                   0                     0                   0           0
             0                 0          0       0          0             0       7699.800          12     3                       0                 0              0                0                0                    2        127     0        127      0         0                  0                 0                114            0      517       50      0                  6                   0                     0                   0           0
             0                 0          0       0          0             0      10824.000          12     4                       0                 0              0                0                0                    2        127     0        127      0         0                  0                 0                114            0      517       50      0                  6                   0                     0                   0           0
             0                 0          0       0          0             0      13948.200          12     5                       0                 0              0                0                0                    2        127     0        127      0         0                  0                 0                114            0      517       50      0                  6                   0                     0                   0           0
             0                 0          0       0          0             0      17072.400          12     6                       0                 0              0                0                0                    2        127     0        127      0         0                  0                 0                114            0      517       50      0                  6                   0                     0                   0           0
             0                 0          0       0          0             0      20196.600          12     7                       0                 0              0                0                0                    2        127     0        127      0         0                  0                 0                114            0      517       50      0                  6                   0                     0                   0           0
             0                 0          0       0          0             0      23320.800          12     8                       0                 0              0                0                0                    2        127     0        127      0         0                  0                 0                114            0      517       50      0                  6                   0                     0                   0           0
             0                 0          0       0          0             0      26445.000          12     9                       0                 0              0                0                0                    2        127     0        127      0         0                  0                 0                114            0      517       50      0                  6                   0                     0                   0           0
             0                 0          0       0          0             0      29569.200          12    10                       0                 0              0                0                0                    2        127     0        127      0         0                  0                 0                114            0      517       50      0                  6                   0                     0                   0           0
             0                 0          0       0          0             0      32693.400          12    11                       0                 0              0                0                0                    2        127     0        127      0         0                  0                 0                114            0      517       50      0                  6                   0                     0                   0           0
             0                 0          0       0          0             0      35817.600          12    12                       0                 0              0                0                0                    2        127     0        127      0         0                  0                 0                114            0      517       50      0                  6                   0                     0                   0           0
             0                 0          0       0          0             0      38941.800          12    13                       0                 0              0                0                0                    2        127     0        127      0         0                  0                 0                114            0      517       50      0                  6                   0                     0                   0           0
             0                 0          0       0          0             0      42066.000          12    14                       0                 0              0                0                0                    2        127     0        127      0         0                  0                 0                114            0      517       50      0                  6                   0                     0                   0           0
             0                 0          0       0          0             0      45190.200          12    15                       0                 0              0                0                0                    2        127     0        127      0         0                  0                 0                114            0      517       50      0                  6                   0                     0                   0           0
             0                 0          0       0          0             0      48314.400          12    16                       0                 0              0                0                0                    2        127     0        127      0         0                  0                 0                114            0      517       50      0                  6                   0                     0                   0           0
             0                 0          0       0          0             0      51438.600          12    17                       0                 0              0                0                0                    2        127     0        127      0         0                  0                 0                114            0      517       50      0                  6                   0                     0                   0           0
             0                 0          0       0          0             0      54562.800          12    18                       0                 0              0                0                0                    2        127     0        127      0         0                  0                 0                114            0      517       50      0                  6                   0                     0                   0           0
            49                 1         22   2.000     11.000       146.000      60754.060          12    19                       0                 0              0                0                0                    2        133    28        133      3         0                  0                 0                114            0      517       50      0                  6                   0                     0                   0          48
             0                27         38   1.741     72.593      1643.867      73814.020          24    20                       0                 0              0                0                0                    5        222   110        222     32         2                  1                 2                109           16      517       50      0                 12                   1                     0                   0          21
             0                20          6   3.100    153.350       447.967      81776.800          14    21                       0                 0              0                0                0                    1        162   101        162      9        28                  0                10                115           52      517       50      0                  7                   1                     0                   0           1
             0                 0          3       0          0       159.000      86104.380          10    22                       0                 0              0                0                0                    0        155    90        155     10         5                  0                 8                116           17      517       50      0                  5                   2                     0                   0           1
             0                 1          0   7.000    350.000        40.000      90025.520          10    23                       0                 0              0                0                0                    0        149    86        149      1         2                  0                 2                120           12      517       50      0                  5                   0                     0                   0           0
             0                 0          0       0          0             0      93641.720          10    24                       0                 0              0                0                0                    0        147    85        147      1         1                  0                 3                116            3      517       50      0                  5                   0                     0                   0           0
             0                 0          0       0          0             0      97208.720          10    25                       0                 0              0                0                0                    0        145    85        145      0         0                  0                 1                116           10      517       50      0                  5                   0                     0                   0           0
             0                 0          0       0          0             0     100775.720          10    26                       0                 0              0                0                0                    0        145    85        145      0         0                  0                 0                116            0      517       50      0                  5                   0                     0                   0           0
             0                 0          0       0          0             0     104342.720          10    27                       0                 0              0                0                0                    0        145    85        145      0         0                  0                 0                116            0      517       50      0                  5                   0                     0                   0           0
             0                 0          0       0          0             0     107909.720          10    28                       0                 0              0                0                0                    0        145    85        145      0         0                  0                 0                116            0      517       50      0                  5                   0                     0                   0           0
             0                 0          0       0          0             0     111476.720          10    29                       0                 0              0                0                0                    0        145    85        145      0         0                  0                 0                116            0      517       50      0                  5                   0                     0                   0           0
             0                 0          0       0          0             0     115043.720          10    30                       0                 0              0                0                0                    0        145    85        145      0         0                  0                 0                116            0      517       50      0                  5                   0                     0                   0           0
             0                 0          0       0          0             0     118610.720          10    31                       0                 0              0                0                0                    0        145    85        145      0         0                  0                 0                116            0      517       50      0                  5                   0                     0                   0           0
             0                 0          0       0          0             0     122177.720          10    32                       0                 0              0                0                0                    0        145    85        145      0         0                  0                 0                116            0      517       50      0                  5                   0                     0                   0           0
             0                 0          0       0          0             0     125744.720          10    33                       0                 0              0                0                0                    0        145    85        145      0         0                  0                 0                116            0      517       50      0                  5                   0                     0                   0           0
             0                 0          0       0          0             0     129311.720          10    34                       0                 0              0                0                0                    0        145    85        145      0         0                  0                 0                116            0      517       50      0                  5                   0                     0                   0           0
             0                 0          0       0          0             0     132878.720          10    35                       0                 0              0                0                0                    0        145    85        145      0         0                  0                 0                116            0      517       50      0                  5                   0                     0                   0           0
             0                 0          0       0          0             0     136445.720          10    36                       0                 0              0                0                0                    0        145    85        145      0         0                  0                 0                116            0      517       50      0                  5                   0                     0                   0           0
             0                 0          0       0          0             0     140012.720          10    37                       0                 0              0                0                0                    0        145    85        145      0         0                  0                 0                116            0      517       50      0                  5                   0                     0                   0           0
             0                 0          0       0          0             0     143579.720          10    38                       0                 0              0                0                0                    0        145    85        145      0         0                  0                 0                116            0      517       50      0                  5                   0                     0                   0           0
             0                 0          0       0          0             0     147146.720          10    39                       0                 0              0                0                0                    0        145    85        145      0         0                  0                 0                116            0      517       50      0                  5                   0                     0                   0           0
             0                 0          0       0          0             0     150713.720          10    40                       0                 0              0                0                0                    0        145    85        145      0         0                  0                 0                116            0      517       50      0                  5                   0                     0                   0           0
             0                 0          0       0          0             0     154280.720          10    41                       0                 0              0                0                0                    0        145    85        145      0         0                  0                 0                116            0      517       50      0                  5                   0                     0                   0           0
             0                 0          0       0          0             0     157847.720          10    42                       0                 0              0                0                0                    0        145    85        145      0         0                  0                 0                116            0      517       50      0                  5                   0                     0                   0           0
             0                 0          0       0          0             0     161414.720          10    43                       0                 0              0                0                0                    0        145    85        145      0         0                  0                 0                116            0      517       50      0                  5                   0                     0                   0           0
             0                 0          0       0          0             0     164981.720          10    44                       0                 0              0                0                0                    0        145    85        145      0         0                  0                 0                116            0      517       50      0                  5                   0                     0                   0           0
             0                 0          0       0          0             0     168548.720          10    45                       0                 0              0                0                0                    0        145    85        145      0         0                  0                 0                116            0      517       50      0                  5                   0                     0                   0           0
             0                 0          0       0          0             0     172115.720          10    46                       0                 0              0                0                0                    0        145    85        145      0         0                  0                 0                116            0      517       50      0                  5                   0                     0                   0           0
             0                 0          0       0          0             0     175682.720          10    47                       0                 0              0                0                0                    0        145    85        145      0         0                  0                 0                116            0      517       50      0                  5                   0                     0                   0           0
             0                 0          0       0          0             0     179249.720          10    48                       0                 0              0                0                0                    0        145    85        145      0         0                  0                 0                116            0      517       50      0                  5                   0                     0                   0           0
             0                 0          0       0          0             0     182816.720          10    49                       0                 0              0                0                0                    0        145    85        145      0         0                  0                 0                116            0      517       50      0                  5                   0                     0                   0           0
             0                 0          0       0          0             0     186383.720          10    50                       0                 0              0                0                0                    0        145    85        145      0         0                  0                 0                116            0      517       50      0                  5                   0                     0                   0           0
             0                 0          0       0          0             0     189950.720          10    51                       0                 0              0                0                0                    0        145    85        145      0         0                  0                 0                116            0      517       50      0                  5                   0                     0                   0           0
             0                 0          0       0          0             0     193517.720          10    52                       0                 0              0                0                0                    0        145    85        145      0         0                  0                 0                116            0      517       50      0                  5                   0                     0                   0           0
             0                 0          0       0          0             0     197084.720          10    53                       0                 0              0                0                0                    0        145    85        145      0         0                  0                 0                116            0      517       50      0                  5                   0                     0                   0           0
             0                 0          0       0          0             0     200651.720          10    54                       0                 0              0                0                0                    0        145    85        145      0         0                  0                 0                116            0      517       50      0                  5                   0                     0                   0           0
             0                 0          0       0          0             0     204218.720          10    55                       0                 0              0                0                0                    0        145    85        145      0         0                  0                 0                116            0      517       50      0                  5                   0                     0                   0           0
             0                 0          0       0          0             0     207785.720          10    56                       0                 0              0                0                0                    0        145    85        145      0         0                  0                 0                116            0      517       50      0                  5                   0                     0                   0           0
             0                 0          0       0          0             0     211352.720          10    57                       0                 0              0                0                0                    0        145    85        145      0         0                  0                 0                116            0      517       50      0                  5                   0                     0                   0           0
             0                 0          0       0          0             0     214919.720          10    58                       0                 0              0                0                0                    0        145    85        145      0         0                  0                 0                116            0      517       50      0                  5                   0                     0                   0           0
            49                 8         46   1.250     31.375      1019.583     225761.240          16    59                       0                 0              0                0                0                    0        175   151        175     13         0                  0                 0                116            0      517       50      0                  8                   0                     0                   0          41
             0                29         23   2.414    104.483      1217.550     237694.580          18    60                       0                 0              0                0                0                    2        194   202        194     20        11                  0                 5                120           35      517       50      0                  9                   0                     0                   0          12
             0                10          2   3.200    190.300       398.500     243378.080          12    61                       0                 0              0                0                0                    2        156   166        156      9        16                  0                11                121           43      517       50      0                  6                   0                     0                   0           2
             0                 2          1   4.500    295.500       159.500     247591.640          12    62                       0                 0              0                0                0                    1        157   168        157      3         1                  0                 3                132           35      517       50      0                  6                   1                     0                   0           0
             0                 0          0       0          0             0     251429.240          12    63                       0                 0              0                0                0                    1        153   159        153      0         2                  0                 0                132            4      517       50      0                  6                   0                     0                   0           0
             0                 0          0       0          0             0     255193.040          12    64                       0                 0              0                0                0                    1        153   159        153      0         0                  0                 0                132            4      517       50      0                  6                   0                     0                   0           0
             0                 0          0       0          0             0     258907.640          12    65                       0                 0              0                0                0                    1        151   159        151      0         0                  0                 1                132            0      517       50      0                  6                   0                     0                   0           0
             0                 0          0       0          0             0     262622.240          12    66                       0                 0              0                0                0                    1        151   159        151      0         0                  0                 0                132            0      517       50      0                  6                   0                     0                   0           0
             0                 0          0       0          0             0     266336.840          12    67                       0                 0              0                0                0                    1        151   159        151      0         0                  0                 0                132            0      517       50      0                  6                   0                     0                   0           0
             0                 0          0       0          0             0     270051.440          12    68                       0                 0              0                0                0                    1        151   159        151      0         0                  0                 0                132            0      517       50      0                  6                   0                     0                   0           0
             0                 0          0       0          0             0     273766.040          12    69                       0                 0              0                0                0                    1        151   159        151      0         0                  0                 0                132            0      517       50      0                  6                   0                     0                   0           0
             0                 0          0       0          0             0     277480.640          12    70                       0                 0              0                0                0                    1        151   159        151      0         0                  0                 0                132            0      517       50      0                  6                   0                     0                   0           0
             0                 0          0       0          0             0     281195.240          12    71                       0                 0              0                0                0                    1        151   159        151      0         0                  0                 0                132            0      517       50      0                  6                   0                     0                   0           0
             0                 0          0       0          0             0     284909.840          12    72                       0                 0              0                0                0                    1        151   159        151      0         0                  0                 0                132            0      517       50      0                  6                   0                     0                   0           0
             0                 0          0       0          0             0     288624.440          12    73                       0                 0              0                0                0                    1        151   159        151      0         0                  0                 0                132            0      517       50      0                  6                   0                     0                   0           0
             0                 0          0       0          0             0     292339.040          12    74                       0                 0              0                0                0                    1        151   159        151      0         0                  0                 0                132            0      517       50      0                  6                   0                     0                   0           0
             0                 0          0       0          0             0     296053.640          12    75                       0                 0              0                0                0                    1        151   159        151      0         0                  0                 0                132            0      517       50      0                  6                   0                     0                   0           0
             0                 0          0       0          0             0     299768.240          12    76                       0                 0              0                0                0                    1        151   159        151      0         0                  0                 0                132            0      517       50      0                  6                   0                     0                   0           0
             0                 0          0       0          0             0     303482.840          12    77                       0                 0              0                0                0                    1        151   159        151      0         0                  0                 0                132            0      517       50      0                  6                   0                     0                   0           0
             0                 0          0       0          0             0     307197.440          12    78                       0                 0              0                0                0                    1        151   159        151      0         0                  0                 0                132            0      517       50      0                  6                   0                     0                   0           0
             0                 0          0       0          0             0     310912.040          12    79                       0                 0              0                0                0                    1        151   159        151      0         0                  0                 0                132            0      517       50      0                  6                   0                     0                   0           0
             0                 0          0       0          0             0     314626.640          12    80                       0                 0              0                0                0                    1        151   159        151      0         0                  0                 0                132            0      517       50      0                  6                   0                     0                   0           0
             0                 0          0       0          0             0     318341.240          12    81                       0                 0              0                0                0                    1        151   159        151      0         0                  0                 0                132            0      517       50      0                  6                   0                     0                   0           0
             0                 0          0       0          0             0     322055.840          12    82                       0                 0              0                0                0                    1        151   159        151      0         0                  0                 0                132            0      517       50      0                  6                   0                     0                   0           0
             0                 0          0       0          0             0     325770.440          12    83                       0                 0              0                0                0                    1        151   159        151      0         0                  0                 0                132            0      517       50      0                  6                   0                     0                   0           0
             0                 0          0       0          0             0     329485.040          12    84                       0                 0              0                0                0                    1        151   159        151      0         0                  0                 0                132            0      517       50      0                  6                   0                     0                   0           0
             0                 0          0       0          0             0     333199.640          12    85                       0                 0              0                0                0                    1        151   159        151      0         0                  0                 0                132            0      517       50      0                  6                   0                     0                   0           0
             0                 0          0       0          0             0     336914.240          12    86                       0                 0              0                0                0                    1        151   159        151      0         0                  0                 0                132            0      517       50      0                  6                   0                     0                   0           0
             0                 0          0       0          0             0     340628.840          12    87                       0                 0              0                0                0                    1        151   159        151      0         0                  0                 0                132            0      517       50      0                  6                   0                     0                   0           0
             0                 0          0       0          0             0     344343.440          12    88                       0                 0              0                0                0                    1        151   159        151      0         0                  0                 0                132            0      517       50      0                  6                   0                     0                   0           0
             0                 0          0       0          0             0     348058.040          12    89                       0                 0              0                0                0                    1        151   159        151      0         0                  0                 0                132            0      517       50      0                  6                   0                     0                   0           0
             0                 0          0       0          0             0     351772.640          12    90                       0                 0              0                0                0                    1        151   159        151      0         0                  0                 0                132            0      517       50      0                  6                   0                     0                   0           0
             0                 0          0       0          0             0     355487.240          12    91                       0                 0              0                0                0                    1        151   159        151      0         0                  0                 0                132            0      517       50      0                  6                   0                     0                   0           0
             0                 0          0       0          0             0     359201.840          12    92                       0                 0              0                0                0                    1        151   159        151      0         0                  0                 0                132            0      517       50      0                  6                   0                     0                   0           0
             0                 0          0       0          0             0     362916.440          12    93                       0                 0              0                0                0                    1        151   159        151      0         0                  0                 0                132            0      517       50      0                  6                   0                     0                   0           0
             0                 0          0       0          0             0     366631.040          12    94                       0                 0              0                0                0                    1        151   159        151      0         0                  0                 0                132            0      517       50      0                  6                   0                     0                   0           0
             0                 0          0       0          0             0     370345.640          12    95                       0                 0              0                0                0                    1        151   159        151      0         0                  0                 0                132            0      517       50      0                  6                   0                     0                   0           0
             0                 0          0       0          0             0     374060.240          12    96                       0                 0              0                0                0                    1        151   159        151      0         0                  0                 0                132            0      517       50      0                  6                   0                     0                   0           0
             0                 0          0       0          0             0     377774.840          12    97                       0                 0              0                0                0                    1        151   159        151      0         0                  0                 0                132            0      517       50      0                  6                   0                     0                   0           0
             0                 0          0       0          0             0     381489.440          12    98                       0                 0              0                0                0                    1        151   159        151      0         0                  0                 0                132            0      517       50      0                  6                   0                     0                   0           0
             0                 0          0       0          0             0     385204.040          12    99                       0                 0              0                0                0                    1        151   159        151      0         0                  0                 0                132            0      517       50      0                  6                   0                     0                   0           0
#pos runNum=0 0@(1.00000,1.00000)@0 1@(1.17856,1.00149)@640 2@(0.95934,1.20613)@590 3@(1.07086,1.22369)@804 4@(1.16264,1.06367)@614 5@(1.25297,0.87867)@704 6@(1.20376,1.03701)@590 7@(1.09891,1.05359)@551 8@(1.21243,0.92451)@1203 9@(1.05724,0.91289)@554 10@(1.17900,1.30585)@1280 11@(1.24244,1.09601)@1228 12@(1.28563,1.13715)@1344 13@(1.16183,0.80127)@1444 14@(1.22219,1.22297)@1172 15@(1.15625,0.97936)@548 16@(1.25280,1.32317)@1239 17@(1.16393,1.00152)@558 18@(1.18221,1.03123)@551 19@(1.24029,0.77663)@1254 20@(1.15408,0.79070)@1280 21@(1.17628,0.69908)@1344 22@(1.24319,1.01924)@1265 23@(1.05039,1.26920)@1367 24@(0.98448,0.85094)@1418 25@(1.24026,0.92890)@1148 26@(1.36444,1.13744)@1817 27@(1.34374,1.27103)@1394 28@(1.22927,1.02968)@1158 29@(1.16949,0.86163)@1262 30@(1.06582,0.81354)@1117 31@(1.27528,1.08044)@597 32@(1.06417,1.23734)@1316 33@(1.41641,1.06130)@1621 34@(1.29451,1.20082)@1443 35@(1.57626,1.11106)@1358 36@(1.28985,1.17550)@1155 37@(0.90766,0.92954)@1418 38@(1.38139,0.79999)@1318 39@(0.95452,1.18112)@1176 40@(1.36977,1.11581)@1239 41@(1.32506,1.13735)@1203 42@(1.23179,0.78819)@1296 43@(1.35494,0.61876)@1486 44@(0.98093,1.10678)@563 45@(1.13169,0.79128)@640 46@(0.86135,0.77403)@739 47@(0.96596,1.30248)@1930 48@(1.41670,1.05736)@1254 49@(1.48985,1.28343)@2296
#links runNum=0 1-10@-90dBm@0.831 20-26@-94dBm@0.391 2-36@-94dBm@0.400 1-33@-94dBm@0.344 4-11@-90dBm@0.805 16-31@-89dBm@0.870 1-20@-89dBm@0.880 6-25@-85dBm@0.961 15-18@-96dBm@0.116 37-42@-95dBm@0.231 15-47@-96dBm@0.101 1-13@-91dBm@0.740 4-7@-91dBm@0.743 20-38@-92dBm@0.661 46-48@-97dBm@0.001 14-23@-94dBm@0.354 6-19@-96dBm@0.118 3-8@-92dBm@0.713 19-20@-88dBm@0.934 33-40@-84dBm@0.974 0-6@-89dBm@0.873 31-33@-93dBm@0.584 7-40@-96dBm@0.141 3-25@-93dBm@0.585 9-38@-94dBm@0.391 7-15@-91dBm@0.761 4-19@-90dBm@0.807 15-40@-93dBm@0.605 12-40@-87dBm@0.944 36-47@-92dBm@0.696 8-40@-96dBm@0.132 27-35@-93dBm@0.648 35-49@-92dBm@0.681 42-43@-88dBm@0.919 15-43@-93dBm@0.591 23-47@-85dBm@0.967 5-9@-89dBm@0.899 24-37@-95dBm@0.276 6-7@-83dBm@0.979 16-44@-97dBm@0.046 29-35@-97dBm@0.012 30-48@-95dBm@0.221 1-17@-94dBm@0.489 20-22@-91dBm@0.733 10-25@-96dBm@0.155 7-23@-87dBm@0.938 39-48@-95dBm@0.290 33-35@-94dBm@0.358 6-29@-96dBm@0.179 31-36@-82dBm@0.982 1-6@-93dBm@0.627 29-38@-94dBm@0.506 10-26@-94dBm@0.500 20-29@-87dBm@0.943 20-40@-95dBm@0.248 5-40@-96dBm@0.161 8-22@-86dBm@0.958 12-25@-90dBm@0.861 9-33@-97dBm@0.016 6-27@-93dBm@0.619 21-38@-88dBm@0.933 8-12@-94dBm@0.454 25-30@-95dBm@0.260 33-48@-53dBm@1.000 10-23@-93dBm@0.639 12-27@-87dBm@0.944 6-13@-92dBm@0.684 16-23@-90dBm@0.865 28-40@-91dBm@0.724 8-34@-90dBm@0.845 12-36@-79dBm@1.000 7-32@-87dBm@0.947 5-23@-95dBm@0.235 19-43@-87dBm@0.940 13-46@-91dBm@0.762 15-29@-83dBm@0.974 31-34@-84dBm@0.973 40-45@-96dBm@0.175 0-46@-93dBm@0.627 8-25@-73dBm@1.000 9-45@-90dBm@0.818 26-32@-92dBm@0.698 2-18@-92dBm@0.686 1-41@-88dBm@0.933 8-41@-92dBm@0.668 3-45@-96dBm@0.087 11-14@-82dBm@0.980 17-24@-95dBm@0.210 21-29@-92dBm@0.691 2-31@-92dBm@0.678 0-44@-84dBm@0.973 1-31@-86dBm@0.955 36-38@-94dBm@0.409 25-38@-90dBm@0.848 18-21@-92dBm@0.699 24-48@-96dBm@0.141 15-33@-96dBm@0.103 0-45@-90dBm@0.858 17-26@-96dBm@0.084 13-49@-96dBm@0.155 10-40@-97dBm@0.028 21-45@-86dBm@0.957 25-44@-94dBm@0.395 15-22@-84dBm@0.974 45-48@-92dBm@0.678 31-41@-84dBm@0.974 1-9@-95dBm@0.221 11-42@-93dBm@0.652 0-15@-87dBm@0.940 22-25@-91dBm@0.746 0-18@-86dBm@0.954 4-44@-95dBm@0.319 32-37@-93dBm@0.638 5-29@-82dBm@0.984 28-32@-95dBm@0.195 4-14@-87dBm@0.948 11-29@-97dBm@0.049 13-42@-87dBm@0.939 6-16@-92dBm@0.695 1-22@-90dBm@0.865 21-37@-94dBm@0.386 27-40@-91dBm@0.773 25-29@-89dBm@0.869 4-40@-90dBm@0.834 23-28@-92dBm@0.692 14-26@-90dBm@0.862 9-31@-96dBm@0.177 26-49@-91dBm@0.800 15-26@-97dBm@0.015 6-15@-81dBm@0.985 0-7@-88dBm@0.935 19-38@-87dBm@0.942 8-28@-91dBm@0.769 0-9@-81dBm@0.985 17-29@-90dBm@0.859 3-7@-93dBm@0.654 1-12@-90dBm@0.817 3-31@-89dBm@0.868 29-34@-93dBm@0.658 23-45@-96dBm@0.108 4-36@-94dBm@0.399 19-29@-95dBm@0.247 22-35@-94dBm@0.508 1-2@-92dBm@0.676 27-33@-94dBm@0.355 0-31@-90dBm@0.852 15-16@-93dBm@0.577 34-44@-93dBm@0.639 25-37@-91dBm@0.721 39-47@-92dBm@0.695 4-42@-90dBm@0.814 25-33@-91dBm@0.789 13-20@-69dBm@1.000 0-1@-91dBm@0.791 30-46@-90dBm@0.861 41-49@-89dBm@0.865 1-5@-92dBm@0.690 1-48@-96dBm@0.110 11-41@-90dBm@0.862 4-15@-90dBm@0.809 31-40@-89dBm@0.866 41-48@-90dBm@0.861 18-42@-89dBm@0.867 20-27@-96dBm@0.115 16-29@-97dBm@0.019 26-36@-79dBm@1.000 17-41@-89dBm@0.881 11-31@-89dBm@0.871 34-36@-90dBm@0.839 23-32@-77dBm@1.000 4-17@-88dBm@0.934 30-42@-91dBm@0.797 0-40@-95dBm@0.231 29-30@-82dBm@0.982 6-41@-91dBm@0.725 11-12@-80dBm@0.991 7-11@-96dBm@0.104 10-11@-90dBm@0.856 1-4@-83dBm@0.977 24-32@-94dBm@0.364 9-30@-83dBm@0.978 11-27@-87dBm@0.945 2-10@-89dBm@0.879 27-34@-91dBm@0.758 6-34@-92dBm@0.684 32-39@-86dBm@0.954 2-3@-82dBm@0.983 16-47@-95dBm@0.311 8-19@-85dBm@0.967 7-24@-87dBm@0.938 13-38@-93dBm@0.657 19-42@-86dBm@0.957 21-48@-94dBm@0.376 4-8@-95dBm@0.215 0-17@-84dBm@0.968 15-17@-80dBm@0.991 12-48@-90dBm@0.861 18-45@-89dBm@0.873 5-38@-89dBm@0.878 20-45@-71dBm@1.000 26-31@-86dBm@0.953 20-21@-93dBm@0.532 4-24@-93dBm@0.645 24-33@-95dBm@0.197 10-16@-92dBm@0.716 5-6@-92dBm@0.664 40-48@-84dBm@0.974 27-42@-97dBm@0.002 9-49@-97dBm@0.006 1-8@-87dBm@0.944 28-44@-95dBm@0.300 11-13@-97dBm@0.009 29-41@-95dBm@0.264 8-36@-89dBm@0.879 7-18@-83dBm@0.979 24-30@-85dBm@0.959 19-31@-91dBm@0.742 30-37@-91dBm@0.746 12-30@-95dBm@0.292 17-19@-93dBm@0.565 21-46@-91dBm@0.787 23-27@-95dBm@0.250 10-18@-91dBm@0.747 20-30@-81dBm@0.985 6-22@-79dBm@0.997 20-24@-97dBm@0.002 6-24@-94dBm@0.394 9-44@-96dBm@0.132 17-28@-88dBm@0.935 33-49@-94dBm@0.358 14-34@-94dBm@0.337 6-10@-92dBm@0.672 24-46@-95dBm@0.222 4-16@-89dBm@0.879 9-46@-92dBm@0.672 1-27@-97dBm@0.008 11-28@-78dBm@1.000 25-46@-96dBm@0.115 26-30@-95dBm@0.235 29-42@-80dBm@0.988 20-28@-96dBm@0.143 20-42@-85dBm@0.960 1-30@-95dBm@0.193 10-29@-95dBm@0.300 6-9@-89dBm@0.867 1-3@-92dBm@0.692 26-33@-83dBm@0.974 4-31@-93dBm@0.640 0-5@-91dBm@0.734 25-27@-95dBm@0.288 11-16@-89dBm@0.870 7-12@-89dBm@0.867 8-15@-91dBm@0.771 34-41@-88dBm@0.937 42-46@-93dBm@0.647 24-25@-95dBm@0.197 6-49@-94dBm@0.323 7-38@-93dBm@0.641 0-2@-89dBm@0.896 36-39@-93dBm@0.637 5-32@-94dBm@0.422 3-23@-85dBm@0.961 27-41@-89dBm@0.868 0-4@-90dBm@0.865 18-39@-90dBm@0.815 3-18@-90dBm@0.863 28-45@-91dBm@0.795 4-37@-92dBm@0.691 29-44@-97dBm@0.005 12-13@-92dBm@0.686 15-31@-94dBm@0.340 20-25@-86dBm@0.957 1-7@-84dBm@0.973 6-35@-92dBm@0.676 6-11@-87dBm@0.947 6-14@-90dBm@0.820 31-48@-93dBm@0.632 3-15@-92dBm@0.666 5-46@-96dBm@0.132 20-35@-95dBm@0.194 22-36@-86dBm@0.955 21-33@-96dBm@0.174 6-28@-86dBm@0.958 3-32@-73dBm@1.000 16-20@-95dBm@0.208 11-40@-83dBm@0.974 1-18@-87dBm@0.940 8-24@-93dBm@0.634 2-23@-95dBm@0.304 18-28@-85dBm@0.963 31-47@-96dBm@0.190 26-45@-95dBm@0.195 2-12@-94dBm@0.333 0-3@-92dBm@0.680 2-5@-93dBm@0.637 9-18@-89dBm@0.878 27-36@-94dBm@0.456 18-22@-96dBm@0.168 10-44@-90dBm@0.804 26-40@-89dBm@0.869 28-34@-93dBm@0.637 9-17@-83dBm@0.974 5-21@-89dBm@0.889 38-48@-96dBm@0.141 17-48@-93dBm@0.552 16-36@-94dBm@0.491 8-26@-90dBm@0.863 25-42@-93dBm@0.559 3-12@-96dBm@0.165 7-45@-93dBm@0.586 2-4@-94dBm@0.511 7-14@-97dBm@0.029 5-8@-83dBm@0.979 14-40@-92dBm@0.683 38-42@-92dBm@0.684 4-48@-90dBm@0.864 28-41@-95dBm@0.300
#aveChargePerCycle runNum=0 0@573.76 1@230.59 2@181.64 3@103.61 4@275.08 5@136.29 6@384.79 7@254.46 8@87.90 9@156.15 10@1.30 11@31.25 12@33.93 13@2.59 14@41.30 15@275.46 16@1.30 17@100.81 18@193.02 19@35.51 20@1.30 21@1.30 22@25.40 23@27.47 24@1.30 25@22.30 26@25.40 27@2.71 28@1.30 29@16.98 30@59.84 31@224.30 32@9.06 33@1.30 34@1.30 35@27.22 36@96.20 37@1.30 38@1.94 39@28.12 40@26.82 41@1.30 42@26.05 43@1.30 44@22.15 45@46.41 46@47.34 47@1.30 48@1.30 49@1.30