## dioPeriod = 1.0
## burstTimestamp = 20
## minRssi = -97
## numMotes = 50
## otfHousekeepingPeriod = 1.0
## sixtopNoRemoveWorstCell = 0
## simDataDir = simData
## numChans = 16
## slotframeLength = 101
## squareSide = 2.0
## cpuID = 51
## sixtopPdrThreshold = 1.5
## pkPeriod = None
## sixtopHousekeepingPeriod = 1.0
## sixtopNoHousekeeping = 0
## algorithm = otf
## pkPeriodVar = 0.05
## numCyclesPerRun = 100
## startTime = 1502276471.26
## slotDuration = 0.01
## numRuns = 1
## combinationKeys = ['algorithm', 'numMotes', 'otfThreshold']
## numPacketsBurst = 5
## otfThreshold = 1
## noInterference = 0
## gui = False


# appGenerated appReachesDagroot appRelayed aveHops aveLatency aveQueueDelay chargeConsumed collidedTxs cycle droppedAppFailedEnqueue droppedMacRetries droppedNoRoute droppedNoTxCells droppedQueueFull effectiveCollidedTxs numRxCells numTx numTxCells otfAdd otfRemove probableCollisions rplChurnParentSet rplChurnPrefParent rplChurnRank rplRxDIO rplTxDIO runNum scheduleCollisions topRxRelocatedCells topTxRelocatedBundles topTxRelocatedCells txQueueFill
             0                 0          0       0          0             0              0           0     0                       0                 0              0                0                0                    0          0     0          0      0         0                  0                 0                  0            0        0        0      0                  0                   0                     0                   0           0
             0                 0          0       0          0             0       1402.200          12     1                       0                 0              0                0                0                    1        113     0        113    113         0                  0               145                138            0      562       50      0                  6                   0                     0                   0           0
             0                 0          0       0          0             0       4501.800          10     2                       0                 0              0                0                0                    1        129     0        129     21         0                  0                 4                187            2      562       50      0                  5                   0                     0                   0           0
             0                 0          0       0          0             0       7675.200          10     3                       0                 0              0                0                0                    1        129     0        129      0         0                  0                 0                185            0      562       50      0                  5                   0                     0                   0           0
             0                 0          0       0          0             0      10848.600          10     4                       0                 0              0                0                0                    1        129     0        129      0         0                  0                 0                185            0      562       50      0                  5                   0                     0                   0           0
             0                 0          0       0          0             0      14022.000          10     5                       0                 0              0                0                0                    1        129     0        129      0         0                  0                 0                185            0      562       50      0                  5                   0                     0                   0           0
             0                 0          0       0          0             0      17195.400          10     6                       0                 0              0                0                0                    1        129     0        129      0         0                  0                 0                185            0      562       50      0                  5                   0                     0                   0           0
             0                 0          0       0          0             0      20368.800          10     7                       0                 0              0                0                0                    1        129     0        129      0         0                  0                 0                185            0      562       50      0                  5                   0                     0                   0           0
             0                 0          0       0          0             0      23542.200          10     8                       0                 0              0                0                0                    1        129     0        129      0         0                  0                 0                185            0      562       50      0                  5                   0                     0                   0           0
             0                 0          0       0          0             0      26715.600          10     9                       0                 0              0                0                0                    1        129     0        129      0         0                  0                 0                185            0      562       50      0                  5                   0                     0                   0           0
             0                 0          0       0          0             0      29889.000          10    10                       0                 0              0                0                0                    1        129     0        129      0         0                  0                 0                185            0      562       50      0                  5                   0                     0                   0           0
             0                 0          0       0          0             0      33062.400          10    11                       0                 0              0                0                0                    1        129     0        129      0         0                  0                 0                185            0      562       50      0                  5                   0                     0                   0           0
             0                 0          0       0          0             0      36235.800          10    12                       0                 0              0                0                0                    1        129     0        129      0         0                  0                 0                185            0      562       50      0                  5                   0                     0                   0           0
             0                 0          0       0          0             0      39409.200          10    13                       0                 0              0                0                0                    1        129     0        129      0         0                  0                 0                185            0      562       50      0                  5                   0                     0                   0           0
             0                 0          0       0          0             0      42582.600          10    14                       0                 0              0                0                0                    1        129     0        129      0         0                  0                 0                185            0      562       50      0                  5                   0                     0                   0           0
             0                 0          0       0          0             0      45756.000          10    15                       0                 0              0                0                0                    1        129     0        129      0         0                  0                 0                185            0      562       50      0                  5                   0                     0                   0           0
             0                 0          0       0          0             0      48929.400          10    16                       0                 0              0                0                0                    1        129     0        129      0         0                  0                 0                185            0      562       50      0                  5                   0                     0                   0           0
             0                 0          0       0          0             0      52102.800          10    17                       0                 0              0                0                0                    1        129     0        129      0         0                  0                 0                185            0      562       50      0                  5                   0                     0                   0           0
             0                 0          0       0          0             0      55276.200          10    18                       0                 0              0                0                0                    1        129     0        129      0         0                  0                 0                185            0      562       50      0                  5                   0                     0                   0           0
            49                 3         13   1.000      7.000       149.000      60866.680          12    19                       0                 0              0                0                0                    1        141    24        141      6         0                  0                 0                185            0      562       50      0                  6                   0                     0                   0          46
             0                21         48   1.714     69.143      1753.017      73800.420          18    20                       0                 0              0                0                0                    3        211   104        211     31         2                  0                 6                184           27      562       50      0                  9                   0                     0                   0          25
             0                24         10   3.125    164.208       632.443      82740.380          10    21                       0                 0              0                0                0                    1        165   119        165      3        18                  0                 9                164           50      562       50      0                  5                   1                     0                   0           1
             0                 1          0   6.000    227.000        13.000      86695.100          10    22                       0                 0              0                0                0                    1        146    98        146      4         9                  0                 7                171           43      562       50      0                  5                   0                     0                   0           0
             0                 0          0       0          0             0      90385.100          12    23                       0                 0              0                0                0                    2        148    93        148      4         2                  0                 5                175           33      562       50      0                  6                   0                     0                   0           0
             0                 0          0       0          0             0      94001.300          12    24                       0                 0              0                0                0                    2        147    93        147      0         0                  0                 2                173            2      562       50      0                  6                   0                     0                   0           0
             0                 0          0       0          0             0      97519.100          12    25                       0                 0              0                0                0                    2        143    89        143      0         1                  0                 1                173            0      562       50      0                  6                   0                     0                   0           0
             0                 0          0       0          0             0     101036.900          10    26                       0                 0              0                0                0                    1        144    89        144      3         0                  0                 4                174            3      562       50      0                  5                   0                     0                   0           0
             0                 0          0       0          0             0     104530.100          10    27                       0                 0              0                0                0                    1        142    89        142      0         0                  0                 1                174            0      562       50      0                  5                   0                     0                   0           0
             0                 0          0       0          0             0     108023.300          10    28                       0                 0              0                0                0                    1        142    89        142      0         0                  0                 0                174            0      562       50      0                  5                   0                     0                   0           0
             0                 0          0       0          0             0     111516.500          10    29                       0                 0              0                0                0                    1        142    89        142      0         0                  0                 0                174            0      562       50      0                  5                   0                     0                   0           0
             0                 0          0       0          0             0     115009.700          10    30                       0                 0              0                0                0                    1        142    89        142      0         0                  0                 0                174            0      562       50      0                  5                   0                     0                   0           0
             0                 0          0       0          0             0     118502.900          10    31                       0                 0              0                0                0                    1        142    89        142      0         0                  0                 0                174            0      562       50      0                  5                   0                     0                   0           0
             0                 0          0       0          0             0     121996.100          10    32                       0                 0              0                0                0                    1        142    89        142      0         0                  0                 0                174            0      562       50      0                  5                   0                     0                   0           0
             0                 0          0       0          0             0     125489.300          10    33                       0                 0              0                0                0                    1        142    89        142      0         0                  0                 0                174            0      562       50      0                  5                   0                     0                   0           0
             0                 0          0       0          0             0     128982.500          10    34                       0                 0              0                0                0                    1        142    89        142      0         0                  0                 0                174            0      562       50      0                  5                   0                     0                   0           0
             0                 0          0       0          0             0     132475.700          10    35                       0                 0              0                0                0                    1        142    89        142      0         0                  0                 0                174            0      562       50      0                  5                   0                     0                   0           0
             0                 0          0       0          0             0     135968.900          10    36                       0                 0              0                0                0                    1        142    89        142      0         0                  0                 0                174            0      562       50      0                  5                   0                     0                   0           0
             0                 0          0       0          0             0     139462.100          10    37                       0                 0              0                0                0                    1        142    89        142      0         0                  0                 0                174            0      562       50      0                  5                   0                     0                   0           0
             0                 0          0       0          0             0     142955.300          10    38                       0                 0              0                0                0                    1        142    89        142      0         0                  0                 0                174            0      562       50      0                  5                   0                     0                   0           0
             0                 0          0       0          0             0     146448.500          10    39                       0                 0              0                0                0                    1        142    89        142      0         0                  0                 0                174            0      562       50      0                  5                   0                     0                   0           0
             0                 0          0       0          0             0     149941.700          10    40                       0                 0              0                0                0                    1        142    89        142      0         0                  0                 0                174            0      562       50      0                  5                   0                     0                   0           0
             0                 0          0       0          0             0     153434.900          10    41                       0                 0              0                0                0                    1        142    89        142      0         0                  0                 0                174            0      562       50      0                  5                   0                     0                   0           0
             0                 0          0       0          0             0     156928.100          10    42                       0                 0              0                0                0                    1        142    89        142      0         0                  0                 0                174            0      562       50      0                  5                   0                     0                   0           0
             0                 0          0       0          0             0     160421.300          10    43                       0                 0              0                0                0                    1        142    89        142      0         0                  0                 0                174            0      562       50      0                  5                   0                     0                   0           0
             0                 0          0       0          0             0     163914.500          10    44                       0                 0              0                0                0                    1        142    89        142      0         0                  0                 0                174            0      562       50      0                  5                   0                     0                   0           0
             0                 0          0       0          0             0     167407.700          10    45                       0                 0              0                0                0                    1        142    89        142      0         0                  0                 0                174            0      562       50      0                  5                   0                     0                   0           0
             0                 0          0       0          0             0     170900.900          10    46                       0                 0              0                0                0                    1        142    89        142      0         0                  0                 0                174            0      562       50      0                  5                   0                     0                   0           0
             0                 0          0       0          0             0     174394.100          10    47                       0                 0              0                0                0                    1        142    89        142      0         0                  0                 0                174            0      562       50      0                  5                   0                     0                   0           0
             0                 0          0       0          0             0     177887.300          10    48                       0                 0              0                0                0                    1        142    89        142      0         0                  0                 0                174            0      562       50      0                  5                   0                     0                   0           0
             0                 0          0       0          0             0     181380.500          10    49                       0                 0              0                0                0                    1        142    89        142      0         0                  0                 0                174            0      562       50      0                  5                   0                     0                   0           0
             0                 0          0       0          0             0     184873.700          10    50                       0                 0              0                0                0                    1        142    89        142      0         0                  0                 0                174            0      562       50      0                  5                   0                     0                   0           0
             0                 0          0       0          0             0     188366.900          10    51                       0                 0              0                0                0                    1        142    89        142      0         0                  0                 0                174            0      562       50      0                  5                   0                     0                   0           0
             0                 0          0       0          0             0     191860.100          10    52                       0                 0              0                0                0                    1        142    89        142      0         0                  0                 0                174            0      562       50      0                  5                   0                     0                   0           0
             0                 0          0       0          0             0     195353.300          10    53                       0                 0              0                0                0                    1        142    89        142      0         0                  0                 0                174            0      562       50      0                  5                   0                     0                   0           0
             0                 0          0       0          0             0     198846.500          10    54                       0                 0              0                0                0                    1        142    89        142      0         0                  0                 0                174            0      562       50      0                  5                   0                     0                   0           0
             0                 0          0       0          0             0     202339.700          10    55                       0                 0              0                0                0                    1        142    89        142      0         0                  0                 0                174            0      562       50      0                  5                   0                     0                   0           0
             0                 0          0       0          0             0     205832.900          10    56                       0                 0              0                0                0                    1        142    89        142      0         0                  0                 0                174            0      562       50      0                  5                   0                     0                   0           0
             0                 0          0       0          0             0     209326.100          10    57                       0                 0              0                0                0                    1        142    89        142      0         0                  0                 0                174            0      562       50      0                  5                   0                     0                   0           0
             0                 0          0       0          0             0     212819.300          10    58                       0                 0              0                0                0                    1        142    89        142      0         0                  0                 0                174            0      562       50      0                  5                   0                     0                   0           0
            49                 7         38   1.143     41.286      1141.000     223042.520          14    59                       0                 0              0                0                0                    4        161   155        161      8         0                  1                 0                174            0      562       50      0                  7                   0                     0                   0          42
             0                27         31   2.370    108.222      1520.542     234659.040          18    60                       0                 0              0                0                0                    3        180   215        180     12         3                  1                 3                172           35      562       50      0                  9                   0                     0                   0          15
             0                14          5   3.357    192.571       496.667     240885.140          10    61                       0                 0              0                0                0                    2        158   209        158      5        12                  0                 9                169           48      562       50      0                  5                   0                     0                   0           1
             0                 0          1       0          0        96.000     244757.080           8    62                       0                 0              0                0                0                    1        154   202        154      4         1                  0                 8                177           25      562       50      0                  4                   0                     0                   0           1
             0                 1          0   5.000    387.000        89.000     248638.000           8    63                       0                 0              0                0                0                    1        149   186        149      2         4                  0                 2                178            5      562       50      0                  4                   0                     0                   0           0
             0                 0          0       0          0             0     252278.800           8    64                       0                 0              0                0                0                    1        150   186        150      2         0                  0                 4                171           33      562       50      0                  4                   0                     0                   0           0
             0                 0          0       0          0             0     255870.400           8    65                       0                 0              0                0                0                    1        146   186        146      0         0                  0                 2                171            0      562       50      0                  4                   0                     0                   0           0
             0                 0          0       0          0             0     259462.000           8    66                       0                 0              0                0                0                    1        146   186        146      0         0                  0                 0                171            0      562       50      0                  4                   0                     0                   0           0
             0                 0          0       0          0             0     263053.600           8    67                       0                 0              0                0                0                    1        146   186        146      0         0                  0                 0                171            0      562       50      0                  4                   0                     0                   0           0
             0                 0          0       0          0             0     266645.200           8    68                       0                 0              0                0                0                    1        146   186        146      0         0                  0                 0                171            0      562       50      0                  4                   0                     0                   0           0
             0                 0          0       0          0             0     270236.800           8    69                       0                 0              0                0                0                    1        146   186        146      0         0                  0                 0                171            0      562       50      0                  4                   0                     0                   0           0
             0                 0          0       0          0             0     273828.400           8    70                       0                 0              0                0                0                    1        146   186        146      0         0                  0                 0                171            0      562       50      0                  4                   0                     0                   0           0
             0                 0          0       0          0             0     277420.000           8    71                       0                 0              0                0                0                    1        146   186        146      0         0                  0                 0                171            0      562       50      0                  4                   0                     0                   0           0
             0                 0          0       0          0             0     281011.600           8    72                       0                 0              0                0                0                    1        146   186        146      0         0                  0                 0                171            0      562       50      0                  4                   0                     0                   0           0
             0                 0          0       0          0             0     284603.200           8    73                       0                 0              0                0                0                    1        146   186        146      0         0                  0                 0                171            0      562       50      0                  4                   0                     0                   0           0
             0                 0          0       0          0             0     288194.800           8    74                       0                 0              0                0                0                    1        146   186        146      0         0                  0                 0                171            0      562       50      0                  4                   0                     0                   0           0
             0                 0          0       0          0             0     291786.400           8    75                       0                 0              0                0                0                    1        146   186        146      0         0                  0                 0                171            0      562       50      0                  4                   0                     0                   0           0
             0                 0          0       0          0             0     295378.000           8    76                       0                 0              0                0                0                    1        146   186        146      0         0                  0                 0                171            0      562       50      0                  4                   0                     0                   0           0
             0                 0          0       0          0             0     298969.600           8    77                       0                 0              0                0                0                    1        146   186        146      0         0                  0                 0                171            0      562       50      0                  4                   0                     0                   0           0
             0                 0          0       0          0             0     302561.200           8    78                       0                 0              0                0                0                    1        146   186        146      0         0                  0                 0                171            0      562       50      0                  4                   0                     0                   0           0
             0                 0          0       0          0             0     306152.800           8    79                       0                 0              0                0                0                    1        146   186        146      0         0                  0                 0                171            0      562       50      0                  4                   0                     0                   0           0
             0                 0          0       0          0             0     309744.400           8    80                       0                 0              0                0                0                    1        146   186        146      0         0                  0                 0                171            0      562       50      0                  4                   0                     0                   0           0
             0                 0          0       0          0             0     313336.000           8    81                       0                 0              0                0                0                    1        146   186        146      0         0                  0                 0                171            0      562       50      0                  4                   0                     0                   0           0
             0                 0          0       0          0             0     316927.600           8    82                       0                 0              0                0                0                    1        146   186        146      0         0                  0                 0                171            0      562       50      0                  4                   0                     0                   0           0
             0                 0          0       0          0             0     320519.200           8    83                       0                 0              0                0                0                    1        146   186        146      0         0                  0                 0                171            0      562       50      0                  4                   0                     0                   0           0
             0                 0          0       0          0             0     324110.800           8    84                       0                 0              0                0                0                    1        146   186        146      0         0                  0                 0                171            0      562       50      0                  4                   0                     0                   0           0
             0                 0          0       0          0             0     327702.400           8    85                       0                 0              0                0                0                    1        146   186        146      0         0                  0                 0                171            0      562       50      0                  4                   0                     0                   0           0
             0                 0          0       0          0             0     331294.000           8    86                       0                 0              0                0                0                    1        146   186        146      0         0                  0                 0                171            0      562       50      0                  4                   0                     0                   0           0
             0                 0          0       0          0             0     334885.600           8    87                       0                 0              0                0                0                    1        146   186        146      0         0                  0                 0                171            0      562       50      0                  4                   0                     0                   0           0
             0                 0          0       0          0             0     338477.200           8    88                       0                 0              0                0                0                    1        146   186        146      0         0                  0                 0                171            0      562       50      0                  4                   0                     0                   0           0
             0                 0          0       0          0             0     342068.800           8    89                       0                 0              0                0                0                    1        146   186        146      0         0                  0                 0                171            0      562       50      0                  4                   0                     0                   0           0
             0                 0          0       0          0             0     345660.400           8    90                       0                 0              0                0                0                    1        146   186        146      0         0                  0                 0                171            0      562       50      0                  4                   0                     0                   0           0
             0                 0          0       0          0             0     349252.000           8    91                       0                 0              0                0                0                    1        146   186        146      0         0                  0                 0                171            0      562       50      0                  4                   0                     0                   0           0
             0                 0          0       0          0             0     352843.600           8    92                       0                 0              0                0                0                    1        146   186        146      0         0                  0                 0                171            0      562       50      0                  4                   0                     0                   0           0
             0                 0          0       0          0             0     356435.200           8    93                       0                 0              0                0                0                    1        146   186        146      0         0                  0                 0                171            0      562       50      0                  4                   0                     0                   0           0
             0                 0          0       0          0             0     360026.800           8    94                       0                 0              0                0                0                    1        146   186        146      0         0                  0                 0                171            0      562       50      0                  4                   0                     0                   0           0
             0                 0          0       0          0             0     363618.400           8    95                       0                 0              0                0                0                    1        146   186        146      0         0                  0                 0                171            0      562       50      0                  4                   0                     0                   0           0
             0                 0          0       0          0             0     367210.000           8    96                       0                 0              0                0                0                    1        146   186        146      0         0                  0                 0                171            0      562       50      0                  4                   0                     0                   0           0
             0                 0          0       0          0             0     370801.600           8    97                       0                 0              0                0                0                    1        146   186        146      0         0                  0                 0                171            0      562       50      0                  4                   0                     0                   0           0
             0                 0          0       0          0             0     374393.200           8    98                       0                 0              0                0                0                    1        146   186        146      0         0                  0                 0                171            0      562       50      0                  4                   0                     0                   0           0
             0                 0          0       0          0             0     377984.800           8    99                       0                 0              0                0                0                    1        146   186        146      0         0                  0                 0                171            0      562       50      0                  4                   0                     0                   0           0
#pos runNum=0 0@(1.00000,1.00000)@0 1@(1.18173,0.91822)@605 2@(1.13652,1.00157)@544 3@(1.15152,1.02367)@551 4@(1.33505,0.92753)@1309 5@(1.40416,0.78721)@1219 6@(1.25132,1.01635)@1176 7@(0.95191,1.04491)@580 8@(1.14713,1.05617)@1309 9@(1.25257,1.06221)@1105 10@(1.23903,1.12177)@1109 11@(1.13283,0.91256)@1168 12@(0.99159,1.14477)@804 13@(1.10573,1.03929)@1801 14@(1.38099,0.85665)@1404 15@(1.46968,1.06532)@1458 16@(1.10235,0.88271)@1126 17@(1.26901,0.92657)@1122 18@(1.21827,1.14465)@1816 19@(1.11782,0.90122)@768 20@(0.94790,1.20565)@551 21@(1.26221,1.00116)@1126 22@(0.81390,1.18491)@1205 23@(1.42266,0.86279)@768 24@(0.82798,1.15725)@1284 25@(0.93394,1.45124)@1355 26@(1.22841,0.98606)@1112 27@(1.10790,1.08240)@1245 28@(0.81179,0.91655)@804 29@(1.30047,0.86871)@1706 30@(1.01279,0.90623)@625 31@(1.21956,1.01012)@1272 32@(1.09923,1.12397)@1872 33@(0.96081,1.05267)@512 34@(0.93855,1.04120)@1092 35@(1.33311,0.82428)@1872 36@(1.40229,1.17652)@1336 37@(0.84277,1.09026)@1143 38@(1.30810,1.29033)@1779 39@(1.32689,1.05605)@2023 40@(1.27392,1.02658)@1168 41@(1.28541,0.87778)@1821 42@(1.47594,1.09302)@1373 43@(1.19292,1.17798)@1482 44@(1.63546,0.88204)@2013 45@(1.15524,1.36949)@2052 46@(1.27872,1.12825)@2053 47@(1.19202,0.86586)@1482 48@(1.29910,0.89526)@1287 49@(1.17190,0.98990)@568
#links runNum=0 1-10@-95dBm@0.277 33-34@-73dBm@1.000 4-41@-78dBm@1.000 5-47@-94dBm@0.465 12-49@-97dBm@0.052 7-47@-90dBm@0.851 11-17@-94dBm@0.433 15-36@-90dBm@0.861 5-11@-92dBm@0.715 6-21@-97dBm@0.015 11-19@-67dBm@1.000 1-13@-96dBm@0.167 12-20@-82dBm@0.985 6-39@-96dBm@0.077 1-11@-86dBm@0.957 6-19@-96dBm@0.137 5-14@-87dBm@0.942 43-46@-95dBm@0.196 30-37@-89dBm@0.881 13-41@-90dBm@0.857 19-21@-92dBm@0.680 1-48@-91dBm@0.798 14-41@-93dBm@0.532 2-27@-96dBm@0.120 24-26@-95dBm@0.278 33-43@-90dBm@0.863 3-38@-93dBm@0.532 11-20@-94dBm@0.371 31-46@-85dBm@0.966 4-43@-94dBm@0.387 24-34@-88dBm@0.933 11-21@-93dBm@0.657 13-48@-96dBm@0.079 8-26@-89dBm@0.867 7-24@-89dBm@0.878 6-8@-96dBm@0.165 19-34@-89dBm@0.869 7-12@-89dBm@0.896 27-46@-92dBm@0.669 20-22@-88dBm@0.934 35-48@-86dBm@0.950 38-48@-96dBm@0.171 20-25@-93dBm@0.652 2-6@-95dBm@0.198 10-14@-93dBm@0.522 22-43@-96dBm@0.092 10-19@-94dBm@0.438 8-49@-79dBm@0.996 7-33@-86dBm@0.957 9-22@-96dBm@0.087 31-49@-90dBm@0.862 7-15@-97dBm@0.002 8-22@-96dBm@0.105 18-27@-90dBm@0.841 9-33@-95dBm@0.221 11-26@-86dBm@0.954 14-19@-97dBm@0.001 40-47@-95dBm@0.253 20-40@-94dBm@0.479 6-13@-86dBm@0.957 34-37@-86dBm@0.956 31-44@-93dBm@0.595 18-46@-83dBm@0.974 18-32@-94dBm@0.441 29-47@-91dBm@0.721 13-33@-92dBm@0.705 22-39@-95dBm@0.193 19-43@-90dBm@0.816 23-48@-96dBm@0.167 3-10@-88dBm@0.903 13-24@-90dBm@0.835 20-37@-94dBm@0.410 27-32@-91dBm@0.746 6-23@-90dBm@0.813 0-29@-95dBm@0.316 5-31@-90dBm@0.827 14-48@-84dBm@0.973 12-34@-90dBm@0.845 4-21@-90dBm@0.865 29-35@-87dBm@0.941 21-29@-90dBm@0.848 19-30@-84dBm@0.969 0-16@-94dBm@0.427 6-33@-92dBm@0.713 30-34@-88dBm@0.918 3-4@-87dBm@0.938 8-12@-86dBm@0.950 18-21@-86dBm@0.952 17-42@-89dBm@0.870 20-24@-92dBm@0.682 7-37@-87dBm@0.944 43-49@-92dBm@0.674 16-34@-90dBm@0.822 16-19@-86dBm@0.956 14-46@-94dBm@0.333 37-46@-95dBm@0.292 7-34@-65dBm@1.000 9-27@-95dBm@0.232 11-31@-85dBm@0.960 16-31@-95dBm@0.310 13-35@-96dBm@0.114 3-46@-97dBm@0.049 16-32@-92dBm@0.685 7-27@-87dBm@0.949 14-23@-89dBm@0.867 2-43@-94dBm@0.504 40-43@-89dBm@0.874 7-13@-87dBm@0.940 21-26@-78dBm@1.000 9-47@-94dBm@0.372 23-41@-84dBm@0.972 26-48@-94dBm@0.397 4-14@-86dBm@0.954 8-20@-92dBm@0.678 0-2@-85dBm@0.965 5-44@-91dBm@0.767 12-18@-89dBm@0.892 0-33@-77dBm@1.000 21-40@-86dBm@0.955 15-42@-78dBm@1.000 21-34@-96dBm@0.080 9-41@-90dBm@0.862 23-49@-96dBm@0.167 3-8@-90dBm@0.814 31-37@-93dBm@0.637 0-7@-89dBm@0.872 19-39@-95dBm@0.263 1-15@-92dBm@0.689 1-40@-86dBm@0.958 13-29@-92dBm@0.717 27-37@-94dBm@0.392 3-7@-89dBm@0.866 22-33@-93dBm@0.648 1-42@-91dBm@0.740 14-47@-89dBm@0.887 4-8@-89dBm@0.866 31-38@-90dBm@0.838 22-25@-90dBm@0.861 1-2@-80dBm@0.988 41-44@-96dBm@0.101 8-14@-92dBm@0.705 24-25@-93dBm@0.651 1-23@-92dBm@0.701 27-29@-96dBm@0.123 1-16@-88dBm@0.934 30-39@-93dBm@0.660 7-22@-89dBm@0.866 0-28@-92dBm@0.689 18-40@-94dBm@0.513 18-26@-94dBm@0.356 29-48@-92dBm@0.670 2-7@-93dBm@0.528 1-5@-89dBm@0.866 39-40@-89dBm@0.868 9-18@-81dBm@0.985 32-41@-91dBm@0.726 6-9@-85dBm@0.960 19-40@-93dBm@0.543 6-48@-96dBm@0.148 2-11@-92dBm@0.672 10-18@-94dBm@0.387 35-49@-95dBm@0.210 19-49@-87dBm@0.944 9-40@-85dBm@0.960 32-39@-92dBm@0.717 6-29@-91dBm@0.719 12-38@-91dBm@0.739 1-47@-93dBm@0.641 22-41@-96dBm@0.181 4-47@-96dBm@0.160 1-4@-91dBm@0.758 3-6@-89dBm@0.894 4-44@-91dBm@0.736 29-41@-90dBm@0.862 2-3@-79dBm@0.997 17-48@-89dBm@0.867 14-42@-92dBm@0.697 24-45@-92dBm@0.678 7-16@-91dBm@0.742 23-30@-96dBm@0.090 10-17@-91dBm@0.758 17-27@-89dBm@0.869 14-29@-96dBm@0.154 0-19@-92dBm@0.662 27-31@-89dBm@0.868 4-5@-85dBm@0.959 22-24@-83dBm@0.979 14-16@-90dBm@0.806 32-49@-93dBm@0.559 38-45@-93dBm@0.645 17-34@-96dBm@0.098 4-16@-93dBm@0.637 6-18@-89dBm@0.877 33-36@-94dBm@0.482 5-39@-93dBm@0.653 11-29@-94dBm@0.450 32-33@-91dBm@0.742 9-31@-78dBm@1.000 26-46@-93dBm@0.618 5-35@-79dBm@0.997 36-41@-94dBm@0.346 1-8@-91dBm@0.741 0-30@-90dBm@0.861 19-22@-95dBm@0.254 34-47@-91dBm@0.760 10-43@-81dBm@0.987 46-48@-94dBm@0.408 16-45@-95dBm@0.287 27-39@-90dBm@0.860 21-49@-83dBm@0.975 15-25@-97dBm@0.064 15-44@-91dBm@0.731 40-41@-88dBm@0.921 18-38@-89dBm@0.869 8-27@-86dBm@0.951 6-20@-94dBm@0.344 2-40@-83dBm@0.974 13-17@-88dBm@0.936 12-39@-92dBm@0.672 15-38@-93dBm@0.656 3-33@-90dBm@0.864 35-43@-92dBm@0.677 2-4@-89dBm@0.866 10-40@-91dBm@0.731 4-26@-92dBm@0.697 18-34@-97dBm@0.045 1-27@-89dBm@0.879 2-26@-84dBm@0.974 11-37@-93dBm@0.650 1-30@-89dBm@0.866 0-3@-87dBm@0.938 1-3@-91dBm@0.732 40-42@-94dBm@0.409 6-16@-91dBm@0.794 32-40@-90dBm@0.865 4-17@-83dBm@0.974 30-49@-92dBm@0.662 21-32@-96dBm@0.148 21-48@-89dBm@0.868 17-49@-85dBm@0.967 5-6@-92dBm@0.680 7-31@-95dBm@0.305 32-46@-88dBm@0.935 3-5@-93dBm@0.629 30-35@-92dBm@0.707 8-32@-87dBm@0.940 7-28@-87dBm@0.942 26-49@-86dBm@0.957 27-48@-92dBm@0.688 4-31@-96dBm@0.126 10-13@-94dBm@0.383 20-41@-95dBm@0.291 8-10@-89dBm@0.886 31-35@-92dBm@0.692 26-29@-87dBm@0.942 2-49@-81dBm@0.986 41-48@-76dBm@1.000 17-29@-91dBm@0.750 9-21@-84dBm@0.974 16-29@-95dBm@0.306 0-23@-93dBm@0.603 0-1@-90dBm@0.861 21-25@-97dBm@0.067 26-43@-93dBm@0.560 10-12@-96dBm@0.148 39-42@-94dBm@0.463 12-32@-82dBm@0.985 26-40@-78dBm@1.000 10-15@-91dBm@0.745 9-14@-97dBm@0.058 12-46@-93dBm@0.535 40-49@-90dBm@0.865 3-15@-92dBm@0.694 0-20@-87dBm@0.944 6-46@-92dBm@0.696 28-33@-97dBm@0.066 25-45@-90dBm@0.836 18-19@-89dBm@0.872 35-41@-97dBm@0.052 0-49@-88dBm@0.929 5-23@-93dBm@0.572 10-39@-92dBm@0.714 7-11@-88dBm@0.918 4-10@-93dBm@0.607 47-48@-93dBm@0.656 39-46@-86dBm@0.956 21-39@-92dBm@0.702 32-43@-87dBm@0.939 12-42@-96dBm@0.093 21-43@-91dBm@0.724 15-32@-92dBm@0.665 3-19@-87dBm@0.943 23-44@-97dBm@0.005 8-9@-83dBm@0.974 4-6@-90dBm@0.810 16-49@-83dBm@0.978 5-8@-92dBm@0.698 13-18@-88dBm@0.911 6-28@-94dBm@0.488 3-9@-87dBm@0.949 11-49@-81dBm@0.985 2-32@-97dBm@0.009 24-37@-93dBm@0.596 15-46@-96dBm@0.134 29-31@-96dBm@0.158 9-17@-95dBm@0.207 26-42@-92dBm@0.681 15-23@-90dBm@0.812 20-28@-93dBm@0.656 18-36@-95dBm@0.319 12-13@-88dBm@0.937 4-48@-77dBm@1.000 9-39@-85dBm@0.961 21-27@-85dBm@0.961 40-44@-96dBm@0.184 17-36@-89dBm@0.866 4-35@-87dBm@0.947 27-49@-82dBm@0.980 13-22@-91dBm@0.787 3-14@-92dBm@0.691 26-31@-69dBm@1.000 23-35@-80dBm@0.992 0-12@-93dBm@0.653 1-36@-92dBm@0.702 10-26@-95dBm@0.201
#aveChargePerCycle runNum=0 0@507.09 1@375.21 2@245.25 3@347.95 4@82.55 5@121.85 6@118.07 7@259.45 8@26.58 9@175.58 10@96.08 11@20.24 12@155.65 13@1.94 14@1.94 15@53.00 16@1.30 17@91.21 18@1.94 19@104.82 20@157.19 21@14.37 22@27.47 23@97.83 24@53.00 25@26.05 26@95.70 27@25.40 28@1.94 29@1.30 30@54.57 31@1.94 32@1.30 33@113.07 34@38.23 35@1.30 36@1.30 37@1.30 38@26.70 39@1.94 40@5.72 41@1.30 42@2.59 43@1.30 44@1.94 45@1.30 46@3.24 47@2.59 48@1.94 49@229.03