## dioPeriod = 1.0
## burstTimestamp = 20
## minRssi = -97
## numMotes = 50
## otfHousekeepingPeriod = 1.0
## sixtopNoRemoveWorstCell = 0
## simDataDir = simData
## numChans = 16
## slotframeLength = 101
## squareSide = 2.0
## cpuID = 15
## sixtopPdrThreshold = 1.5
## pkPeriod = None
## sixtopHousekeepingPeriod = 1.0
## sixtopNoHousekeeping = 0
## algorithm = otf
## pkPeriodVar = 0.05
## numCyclesPerRun = 100
## startTime = 1502276471.24
## slotDuration = 0.01
## numRuns = 1
## combinationKeys = ['algorithm', 'numMotes', 'otfThreshold']
## numPacketsBurst = 5
## otfThreshold = 1
## noInterference = 0
## gui = False


# appGenerated appReachesDagroot appRelayed aveHops aveLatency aveQueueDelay chargeConsumed collidedTxs cycle droppedAppFailedEnqueue droppedMacRetries droppedNoRoute droppedNoTxCells droppedQueueFull effectiveCollidedTxs numRxCells numTx numTxCells otfAdd otfRemove probableCollisions rplChurnParentSet rplChurnPrefParent rplChurnRank rplRxDIO rplTxDIO runNum scheduleCollisions topRxRelocatedCells topTxRelocatedBundles topTxRelocatedCells txQueueFill
             0                 0          0       0          0             0              0           0     0                       0                 0              0                0                0                    0          0     0          0      0         0                  0                 0                  0            0        0        0      0                  0                   0                     0                   0           0
             0                 0          0       0          0             0       1869.600          10     1                       0                 0              0                0                0                    2        124     0        124    124         0                  0               135                 86            6      448       50      0                  5                   0                     0                   0           0
             0                 0          0       0          0             0       4944.600          12     2                       0                 0              0                0                0                    2        127     0        127      3         0                  0                 2                138            0      448       50      0                  6                   0                     0                   0           0
             0                 0          0       0          0             0       8068.800          12     3                       0                 0              0                0                0                    2        127     0        127      0         0                  0                 0                138            0      448       50      0                  6                   0                     0                   0           0
             0                 0          0       0          0             0      11193.000          12     4                       0                 0              0                0                0                    2        127     0        127      0         0                  0                 0                138            0      448       50      0                  6                   0                     0                   0           0
             0                 0          0       0          0             0      14317.200          12     5                       0                 0              0                0                0                    2        127     0        127      0         0                  0                 0                138            0      448       50      0                  6                   0                     0                   0           0
             0                 0          0       0          0             0      17441.400          12     6                       0                 0              0                0                0                    2        127     0        127      0         0                  0                 0                138            0      448       50      0                  6                   0                     0                   0           0
             0                 0          0       0          0             0      20565.600          12     7                       0                 0              0                0                0                    2        127     0        127      0         0                  0                 0                138            0      448       50      0                  6                   0                     0                   0           0
             0                 0          0       0          0             0      23689.800          12     8                       0                 0              0                0                0                    2        127     0        127      0         0                  0                 0                138            0      448       50      0                  6                   0                     0                   0           0
             0                 0          0       0          0             0      26814.000          12     9                       0                 0              0                0                0                    2        127     0        127      0         0                  0                 0                138            0      448       50      0                  6                   0                     0                   0           0
             0                 0          0       0          0             0      29938.200          12    10                       0                 0              0                0                0                    2        127     0        127      0         0                  0                 0                138            0      448       50      0                  6                   0                     0                   0           0
             0                 0          0       0          0             0      33062.400          12    11                       0                 0              0                0                0                    2        127     0        127      0         0                  0                 0                138            0      448       50      0                  6                   0                     0                   0           0
             0                 0          0       0          0             0      36186.600          12    12                       0                 0              0                0                0                    2        127     0        127      0         0                  0                 0                138            0      448       50      0                  6                   0                     0                   0           0
             0                 0          0       0          0             0      39310.800          12    13                       0                 0              0                0                0                    2        127     0        127      0         0                  0                 0                138            0      448       50      0                  6                   0                     0                   0           0
             0                 0          0       0          0             0      42435.000          12    14                       0                 0              0                0                0                    2        127     0        127      0         0                  0                 0                138            0      448       50      0                  6                   0                     0                   0           0
             0                 0          0       0          0             0      45559.200          12    15                       0                 0              0                0                0                    2        127     0        127      0         0                  0                 0                138            0      448       50      0                  6                   0                     0                   0           0
             0                 0          0       0          0             0      48683.400          12    16                       0                 0              0                0                0                    2        127     0        127      0         0                  0                 0                138            0      448       50      0                  6                   0                     0                   0           0
             0                 0          0       0          0             0      51807.600          12    17                       0                 0              0                0                0                    2        127     0        127      0         0                  0                 0                138            0      448       50      0                  6                   0                     0                   0           0
             0                 0          0       0          0             0      54931.800          12    18                       0                 0              0                0                0                    2        127     0        127      0         0                  0                 0                138            0      448       50      0                  6                   0                     0                   0           0
            49                 1         15   1.000      6.000       110.500      60254.020          14    19                       0                 0              0                0                0                    3        136    21        136      4         0                  1                 0                138            0      448       50      0                  7                   0                     0                   0          48
             0                31         41   1.871     72.129      1740.750      73849.940          24    20                       0                 0              0                0                0                    8        207   107        207     24         0                  3                 0                140            9      448       50      0                 12                   0                     0                   0          17
             0                17          6   3.059    157.294       528.727      81193.100          13    21                       0                 0              0                0                0                    3        166   104        166      7        22                  0                 7                121           46      448       50      0                  7                   1                     0                   0           0
             0                 0          0       0          0             0      85006.100          13    22                       0                 0              0                0                0                    3        149    93        149      4         7                  0                 5                121           25      448       50      0                  7                   0                     0                   0           0
             0                 0          0       0          0             0      88622.300          12    23                       0                 0              0                0                0                    1        142    86        142      0         3                  0                 0                117           13      448       50      0                  6                   0                     0                   0           0
             0                 0          0       0          0             0      92041.700          12    24                       0                 0              0                0                0                    1        138    82        138      0         1                  0                 1                115            5      448       50      0                  6                   0                     0                   0           0
             0                 0          0       0          0             0      95436.500          12    25                       0                 0              0                0                0                    1        138    82        138      0         0                  0                 0                115            0      448       50      0                  6                   0                     0                   0           0
             0                 0          0       0          0             0      98831.300          12    26                       0                 0              0                0                0                    1        138    82        138      0         0                  0                 0                115            0      448       50      0                  6                   0                     0                   0           0
             0                 0          0       0          0             0     102226.100          12    27                       0                 0              0                0                0                    1        138    82        138      0         0                  0                 0                115            0      448       50      0                  6                   0                     0                   0           0
             0                 0          0       0          0             0     105620.900          12    28                       0                 0              0                0                0                    1        138    82        138      0         0                  0                 0                115            0      448       50      0                  6                   0                     0                   0           0
             0                 0          0       0          0             0     109015.700          12    29                       0                 0              0                0                0                    1        138    82        138      0         0                  0                 0                115            0      448       50      0                  6                   0                     0                   0           0
             0                 0          0       0          0             0     112410.500          12    30                       0                 0              0                0                0                    1        138    82        138      0         0                  0                 0                115            0      448       50      0                  6                   0                     0                   0           0
             0                 0          0       0          0             0     115805.300          12    31                       0                 0              0                0                0                    1        138    82        138      0         0                  0                 0                115            0      448       50      0                  6                   0                     0                   0           0
             0                 0          0       0          0             0     119200.100          12    32                       0                 0              0                0                0                    1        138    82        138      0         0                  0                 0                115            0      448       50      0                  6                   0                     0                   0           0
             0                 0          0       0          0             0     122594.900          12    33                       0                 0              0                0                0                    1        138    82        138      0         0                  0                 0                115            0      448       50      0                  6                   0                     0                   0           0
             0                 0          0       0          0             0     125989.700          12    34                       0                 0              0                0                0                    1        138    82        138      0         0                  0                 0                115            0      448       50      0                  6                   0                     0                   0           0
             0                 0          0       0          0             0     129384.500          12    35                       0                 0              0                0                0                    1        138    82        138      0         0                  0                 0                115            0      448       50      0                  6                   0                     0                   0           0
             0                 0          0       0          0             0     132779.300          12    36                       0                 0              0                0                0                    1        138    82        138      0         0                  0                 0                115            0      448       50      0                  6                   0                     0                   0           0
             0                 0          0       0          0             0     136174.100          12    37                       0                 0              0                0                0                    1        138    82        138      0         0                  0                 0                115            0      448       50      0                  6                   0                     0                   0           0
             0                 0          0       0          0             0     139568.900          12    38                       0                 0              0                0                0                    1        138    82        138      0         0                  0                 0                115            0      448       50      0                  6                   0                     0                   0           0
             0                 0          0       0          0             0     142963.700          12    39                       0                 0              0                0                0                    1        138    82        138      0         0                  0                 0                115            0      448       50      0                  6                   0                     0                   0           0
             0                 0          0       0          0             0     146358.500          12    40                       0                 0              0                0                0                    1        138    82        138      0         0                  0                 0                115            0      448       50      0                  6                   0                     0                   0           0
             0                 0          0       0          0             0     149753.300          12    41                       0                 0              0                0                0                    1        138    82        138      0         0                  0                 0                115            0      448       50      0                  6                   0                     0                   0           0
             0                 0          0       0          0             0     153148.100          12    42                       0                 0              0                0                0                    1        138    82        138      0         0                  0                 0                115            0      448       50      0                  6                   0                     0                   0           0
             0                 0          0       0          0             0     156542.900          12    43                       0                 0              0                0                0                    1        138    82        138      0         0                  0                 0                115            0      448       50      0                  6                   0                     0                   0           0
             0                 0          0       0          0             0     159937.700          12    44                       0                 0              0                0                0                    1        138    82        138      0         0                  0                 0                115            0      448       50      0                  6                   0                     0                   0           0
             0                 0          0       0          0             0     163332.500          12    45                       0                 0              0                0                0                    1        138    82        138      0         0                  0                 0                115            0      448       50      0                  6                   0                     0                   0           0
             0                 0          0       0          0             0     166727.300          12    46                       0                 0              0                0                0                    1        138    82        138      0         0                  0                 0                115            0      448       50      0                  6                   0                     0                   0           0
             0                 0          0       0          0             0     170122.100          12    47                       0                 0              0                0                0                    1        138    82        138      0         0                  0                 0                115            0      448       50      0                  6                   0                     0                   0           0
             0                 0          0       0          0             0     173516.900          12    48                       0                 0              0                0                0                    1        138    82        138      0         0                  0                 0                115            0      448       50      0                  6                   0                     0                   0           0
             0                 0          0       0          0             0     176911.700          12    49                       0                 0              0                0                0                    1        138    82        138      0         0                  0                 0                115            0      448       50      0                  6                   0                     0                   0           0
             0                 0          0       0          0             0     180306.500          12    50                       0                 0              0                0                0                    1        138    82        138      0         0                  0                 0                115            0      448       50      0                  6                   0                     0                   0           0
             0                 0          0       0          0             0     183701.300          12    51                       0                 0              0                0                0                    1        138    82        138      0         0                  0                 0                115            0      448       50      0                  6                   0                     0                   0           0
             0                 0          0       0          0             0     187096.100          12    52                       0                 0              0                0                0                    1        138    82        138      0         0                  0                 0                115            0      448       50      0                  6                   0                     0                   0           0
             0                 0          0       0          0             0     190490.900          12    53                       0                 0              0                0                0                    1        138    82        138      0         0                  0                 0                115            0      448       50      0                  6                   0                     0                   0           0
             0                 0          0       0          0             0     193885.700          12    54                       0                 0              0                0                0                    1        138    82        138      0         0                  0                 0                115            0      448       50      0                  6                   0                     0                   0           0
             0                 0          0       0          0             0     197280.500          12    55                       0                 0              0                0                0                    1        138    82        138      0         0                  0                 0                115            0      448       50      0                  6                   0                     0                   0           0
             0                 0          0       0          0             0     200675.300          12    56                       0                 0              0                0                0                    1        138    82        138      0         0                  0                 0                115            0      448       50      0                  6                   0                     0                   0           0
             0                 0          0       0          0             0     204070.100          12    57                       0                 0              0                0                0                    1        138    82        138      0         0                  0                 0                115            0      448       50      0                  6                   0                     0                   0           0
             0                 0          0       0          0             0     207464.900          12    58                       0                 0              0                0                0                    1        138    82        138      0         0                  0                 0                115            0      448       50      0                  6                   0                     0                   0           0
            49                11         43   1.364     30.818      1108.667     218094.000          12    59                       0                 0              0                0                0                    1        166   147        166     13         0                  0                 0                115            0      448       50      0                  6                   0                     0                   0          38
             0                28         19   2.286    111.321      1222.512     229374.460          16    60                       0                 0              0                0                5                    4        177   194        177     15        10                  0                 3                127           41      448       50      0                  8                   0                     0                   0          10
             0                10          3   3.500    216.800       423.444     234888.860           8    61                       0                 0              0                0                0                    1        142   175        142      4        17                  0                 5                112           41      448       50      0                  4                   1                     0                   0           0
             0                 0          0       0          0             0     238431.260           8    62                       0                 0              0                0                0                    1        143   169        143      5         1                  0                 3                109           30      448       50      0                  4                   0                     0                   0           0
             0                 0          0       0          0             0     241949.060           8    63                       0                 0              0                0                0                    1        143   169        143      0         0                  0                 0                105            0      448       50      0                  4                   0                     0                   0           0
             0                 0          0       0          0             0     245442.260           8    64                       0                 0              0                0                0                    1        141   163        141      0         1                  0                 0                105            0      448       50      0                  4                   0                     0                   0           0
             0                 0          0       0          0             0     248910.860           8    65                       0                 0              0                0                0                    1        141   163        141      0         0                  0                 0                105            0      448       50      0                  4                   0                     0                   0           0
             0                 0          0       0          0             0     252379.460           8    66                       0                 0              0                0                0                    1        141   163        141      0         0                  0                 0                105            0      448       50      0                  4                   0                     0                   0           0
             0                 0          0       0          0             0     255848.060           8    67                       0                 0              0                0                0                    1        141   163        141      0         0                  0                 0                105            0      448       50      0                  4                   0                     0                   0           0
             0                 0          0       0          0             0     259316.660           8    68                       0                 0              0                0                0                    1        141   163        141      0         0                  0                 0                105            0      448       50      0                  4                   0                     0                   0           0
             0                 0          0       0          0             0     262785.260           8    69                       0                 0              0                0                0                    1        141   163        141      0         0                  0                 0                105            0      448       50      0                  4                   0                     0                   0           0
             0                 0          0       0          0             0     266253.860           8    70                       0                 0              0                0                0                    1        141   163        141      0         0                  0                 0                105            0      448       50      0                  4                   0                     0                   0           0
             0                 0          0       0          0             0     269722.460           8    71                       0                 0              0                0                0                    1        141   163        141      0         0                  0                 0                105            0      448       50      0                  4                   0                     0                   0           0
             0                 0          0       0          0             0     273191.060           8    72                       0                 0              0                0                0                    1        141   163        141      0         0                  0                 0                105            0      448       50      0                  4                   0                     0                   0           0
             0                 0          0       0          0             0     276659.660           8    73                       0                 0              0                0                0                    1        141   163        141      0         0                  0                 0                105            0      448       50      0                  4                   0                     0                   0           0
             0                 0          0       0          0             0     280128.260           8    74                       0                 0              0                0                0                    1        141   163        141      0         0                  0                 0                105            0      448       50      0                  4                   0                     0                   0           0
             0                 0          0       0          0             0     283596.860           8    75                       0                 0              0                0                0                    1        141   163        141      0         0                  0                 0                105            0      448       50      0                  4                   0                     0                   0           0
             0                 0          0       0          0             0     287065.460           8    76                       0                 0              0                0                0                    1        141   163        141      0         0                  0                 0                105            0      448       50      0                  4                   0                     0                   0           0
             0                 0          0       0          0             0     290534.060           8    77                       0                 0              0                0                0                    1        141   163        141      0         0                  0                 0                105            0      448       50      0                  4                   0                     0                   0           0
             0                 0          0       0          0             0     294002.660           8    78                       0                 0              0                0                0                    1        141   163        141      0         0                  0                 0                105            0      448       50      0                  4                   0                     0                   0           0
             0                 0          0       0          0             0     297471.260           8    79                       0                 0              0                0                0                    1        141   163        141      0         0                  0                 0                105            0      448       50      0                  4                   0                     0                   0           0
             0                 0          0       0          0             0     300939.860           8    80                       0                 0              0                0                0                    1        141   163        141      0         0                  0                 0                105            0      448       50      0                  4                   0                     0                   0           0
             0                 0          0       0          0             0     304408.460           8    81                       0                 0              0                0                0                    1        141   163        141      0         0                  0                 0                105            0      448       50      0                  4                   0                     0                   0           0
             0                 0          0       0          0             0     307877.060           8    82                       0                 0              0                0                0                    1        141   163        141      0         0                  0                 0                105            0      448       50      0                  4                   0                     0                   0           0
             0                 0          0       0          0             0     311345.660           8    83                       0                 0              0                0                0                    1        141   163        141      0         0                  0                 0                105            0      448       50      0                  4                   0                     0                   0           0
             0                 0          0       0          0             0     314814.260           8    84                       0                 0              0                0                0                    1        141   163        141      0         0                  0                 0                105            0      448       50      0                  4                   0                     0                   0           0
             0                 0          0       0          0             0     318282.860           8    85                       0                 0              0                0                0                    1        141   163        141      0         0                  0                 0                105            0      448       50      0                  4                   0                     0                   0           0
             0                 0          0       0          0             0     321751.460           8    86                       0                 0              0                0                0                    1        141   163        141      0         0                  0                 0                105            0      448       50      0                  4                   0                     0                   0           0
             0                 0          0       0          0             0     325220.060           8    87                       0                 0              0                0                0                    1        141   163        141      0         0                  0                 0                105            0      448       50      0                  4                   0                     0                   0           0
             0                 0          0       0          0             0     328688.660           8    88                       0                 0              0                0                0                    1        141   163        141      0         0                  0                 0                105            0      448       50      0                  4                   0                     0                   0           0
             0                 0          0       0          0             0     332157.260           8    89                       0                 0              0                0                0                    1        141   163        141      0         0                  0                 0                105            0      448       50      0                  4                   0                     0                   0           0
             0                 0          0       0          0             0     335625.860           8    90                       0                 0              0                0                0                    1        141   163        141      0         0                  0                 0                105            0      448       50      0                  4                   0                     0                   0           0
             0                 0          0       0          0             0     339094.460           8    91                       0                 0              0                0                0                    1        141   163        141      0         0                  0                 0                105            0      448       50      0                  4                   0                     0                   0           0
             0                 0          0       0          0             0     342563.060           8    92                       0                 0              0                0                0                    1        141   163        141      0         0                  0                 0                105            0      448       50      0                  4                   0                     0                   0           0
             0                 0          0       0          0             0     346031.660           8    93                       0                 0              0                0                0                    1        141   163        141      0         0                  0                 0                105            0      448       50      0                  4                   0                     0                   0           0
             0                 0          0       0          0             0     349500.260           8    94                       0                 0              0                0                0                    1        141   163        141      0         0                  0                 0                105            0      448       50      0                  4                   0                     0                   0           0
             0                 0          0       0          0             0     352968.860           8    95                       0                 0              0                0                0                    1        141   163        141      0         0                  0                 0                105            0      448       50      0                  4                   0                     0                   0           0
             0                 0          0       0          0             0     356437.460           8    96                       0                 0              0                0                0                    1        141   163        141      0         0                  0                 0                105            0      448       50      0                  4                   0                     0                   0           0
             0                 0          0       0          0             0     359906.060           8    97                       0                 0              0                0                0                    1        141   163        141      0         0                  0                 0                105            0      448       50      0                  4                   0                     0                   0           0
             0                 0          0       0          0             0     363374.660           8    98                       0                 0              0                0                0                    1        141   163        141      0         0                  0                 0                105            0      448       50      0                  4                   0                     0                   0           0
             0                 0          0       0          0             0     366843.260           8    99                       0                 0              0                0                0                    1        141   163        141      0         0                  0                 0                105            0      448       50      0                  4                   0                     0                   0           0
#pos runNum=0 0@(1.00000,1.00000)@0 1@(1.10521,0.80911)@585 2@(1.05241,0.90141)@1126 3@(1.23164,0.80726)@853 4@(0.99282,1.02640)@512 5@(0.95579,1.01064)@554 6@(1.00462,0.91553)@554 7@(1.22625,0.95966)@558 8@(0.88327,0.91375)@558 9@(1.02807,1.06869)@546 10@(0.91387,1.08021)@1316 11@(1.12908,1.05055)@938 12@(1.02210,1.03499)@938 13@(0.86308,1.27154)@1358 14@(0.99401,1.07854)@1689 15@(1.14152,0.86838)@1148 16@(1.05258,0.88917)@1353 17@(1.20975,1.00187)@1143 18@(1.03065,1.05744)@1070 19@(0.97822,0.97252)@512 20@(1.25422,1.00162)@1280 21@(0.79021,0.91397)@1160 22@(0.98624,1.27447)@2169 23@(0.80720,0.96438)@1172 24@(1.36066,0.79838)@1642 25@(1.16885,1.04473)@1258 26@(0.73144,1.31125)@1322 27@(1.00108,0.96104)@1358 28@(1.30919,0.89152)@1751 29@(1.26094,0.95004)@1773 30@(0.73371,0.96874)@605 31@(1.13191,0.79767)@1177 32@(0.57115,0.88528)@1168 33@(1.04425,1.19753)@877 34@(0.81774,1.32743)@1742 35@(1.16892,1.20405)@1440 36@(1.30455,1.04066)@1121 37@(0.62867,0.83951)@1230 38@(1.01152,0.59530)@2633 39@(0.93359,0.81466)@1117 40@(0.77872,0.80275)@1358 41@(1.16368,0.74892)@1416 42@(0.98811,1.26044)@1109 43@(1.01200,0.65732)@1258 44@(0.97996,1.14025)@1179 45@(1.17418,1.34790)@1216 46@(1.38377,1.08311)@1314 47@(1.11914,0.79191)@768 48@(1.16205,0.92677)@1694 49@(1.07686,1.25642)@1952
#links runNum=0 1-10@-91dBm@0.727 0-14@-96dBm@0.184 9-29@-95dBm@0.271 7-47@-91dBm@0.792 11-17@-80dBm@0.992 22-26@-94dBm@0.499 19-26@-96dBm@0.178 15-48@-81dBm@0.985 11-24@-92dBm@0.705 33-35@-88dBm@0.930 19-39@-96dBm@0.159 15-21@-93dBm@0.649 4-7@-91dBm@0.723 6-39@-88dBm@0.907 17-29@-93dBm@0.644 8-9@-94dBm@0.492 26-33@-95dBm@0.284 2-36@-91dBm@0.723 3-8@-96dBm@0.176 32-44@-96dBm@0.105 10-21@-94dBm@0.419 0-6@-81dBm@0.985 20-29@-96dBm@0.178 15-29@-87dBm@0.944 20-21@-95dBm@0.248 1-48@-95dBm@0.194 27-34@-93dBm@0.652 24-48@-89dBm@0.876 2-14@-89dBm@0.901 6-43@-91dBm@0.797 5-27@-96dBm@0.130 10-22@-93dBm@0.661 6-27@-93dBm@0.605 31-46@-97dBm@0.047 12-47@-93dBm@0.658 42-49@-89dBm@0.866 36-46@-89dBm@0.869 15-37@-96dBm@0.089 25-35@-95dBm@0.220 8-26@-93dBm@0.648 15-25@-94dBm@0.416 0-41@-96dBm@0.186 17-25@-92dBm@0.680 7-12@-95dBm@0.262 44-49@-89dBm@0.875 1-17@-87dBm@0.938 9-33@-85dBm@0.961 10-34@-94dBm@0.386 17-44@-93dBm@0.642 2-6@-89dBm@0.866 27-42@-93dBm@0.656 18-27@-93dBm@0.594 5-25@-91dBm@0.757 10-19@-93dBm@0.603 36-49@-90dBm@0.851 5-44@-89dBm@0.896 11-43@-93dBm@0.655 7-15@-83dBm@0.975 4-18@-81dBm@0.986 8-44@-97dBm@0.071 0-47@-92dBm@0.699 9-10@-94dBm@0.518 9-48@-87dBm@0.942 31-38@-93dBm@0.642 14-19@-81dBm@0.986 11-12@-84dBm@0.974 3-24@-96dBm@0.179 0-20@-94dBm@0.491 7-48@-95dBm@0.205 18-46@-93dBm@0.652 16-18@-86dBm@0.951 9-11@-85dBm@0.962 24-29@-95dBm@0.300 11-16@-97dBm@0.015 8-19@-84dBm@0.974 6-13@-93dBm@0.639 1-49@-97dBm@0.054 7-21@-96dBm@0.160 32-37@-89dBm@0.894 6-23@-92dBm@0.667 8-21@-95dBm@0.281 22-35@-90dBm@0.861 3-16@-93dBm@0.648 10-24@-96dBm@0.140 30-32@-87dBm@0.943 3-45@-95dBm@0.268 15-24@-89dBm@0.866 14-34@-92dBm@0.711 7-17@-84dBm@0.974 6-10@-94dBm@0.423 1-31@-94dBm@0.483 25-44@-92dBm@0.676 14-18@-90dBm@0.861 1-34@-97dBm@0.074 10-13@-89dBm@0.876 18-22@-93dBm@0.624 14-39@-90dBm@0.850 4-10@-89dBm@0.868 4-27@-94dBm@0.345 27-28@-95dBm@0.199 22-44@-92dBm@0.671 9-12@-81dBm@0.985 6-25@-93dBm@0.638 8-12@-94dBm@0.515 6-8@-92dBm@0.670 7-39@-96dBm@0.171 35-44@-96dBm@0.171 3-36@-88dBm@0.902 7-20@-83dBm@0.978 12-18@-95dBm@0.298 9-13@-89dBm@0.870 7-45@-96dBm@0.115 9-41@-93dBm@0.532 2-3@-87dBm@0.942 0-7@-88dBm@0.916 25-28@-88dBm@0.932 17-41@-91dBm@0.738 1-15@-80dBm@0.989 12-42@-97dBm@0.053 0-9@-84dBm@0.974 21-38@-93dBm@0.649 3-7@-92dBm@0.662 7-25@-85dBm@0.963 3-31@-93dBm@0.649 1-42@-95dBm@0.296 4-36@-95dBm@0.223 2-48@-83dBm@0.974 1-2@-84dBm@0.974 4-45@-91dBm@0.718 7-36@-83dBm@0.979 1-16@-91dBm@0.742 10-30@-97dBm@0.022 21-26@-95dBm@0.280 4-42@-96dBm@0.159 10-33@-95dBm@0.237 2-7@-85dBm@0.959 19-27@-80dBm@0.991 9-18@-92dBm@0.715 15-49@-92dBm@0.677 0-3@-92dBm@0.676 21-40@-96dBm@0.091 39-44@-95dBm@0.282 16-22@-93dBm@0.619 2-12@-91dBm@0.785 2-11@-92dBm@0.700 29-45@-95dBm@0.195 10-18@-83dBm@0.974 12-48@-97dBm@0.010 18-47@-91dBm@0.794 5-31@-97dBm@0.051 6-48@-85dBm@0.967 16-38@-94dBm@0.499 12-34@-93dBm@0.641 0-8@-84dBm@0.974 1-47@-78dBm@1.000 7-9@-94dBm@0.492 6-40@-93dBm@0.655 1-4@-94dBm@0.520 5-48@-89dBm@0.871 41-48@-90dBm@0.856 12-44@-93dBm@0.631 2-10@-88dBm@0.933 25-48@-93dBm@0.636 4-9@-88dBm@0.916 25-27@-89dBm@0.900 42-44@-89dBm@0.877 18-35@-89dBm@0.884 7-24@-95dBm@0.228 17-24@-92dBm@0.688 33-42@-91dBm@0.718 14-29@-92dBm@0.706 0-19@-75dBm@1.000 23-40@-96dBm@0.129 4-5@-90dBm@0.862 21-23@-95dBm@0.237 14-16@-96dBm@0.168 10-23@-91dBm@0.752 9-42@-87dBm@0.949 19-28@-93dBm@0.653 27-41@-91dBm@0.789 4-16@-96dBm@0.111 12-26@-95dBm@0.212 25-30@-94dBm@0.382 11-44@-88dBm@0.903 21-24@-96dBm@0.111 2-28@-90dBm@0.848 23-37@-91dBm@0.742 12-19@-93dBm@0.540 13-45@-95dBm@0.203 11-33@-88dBm@0.926 28-41@-96dBm@0.104 22-42@-92dBm@0.668 0-11@-93dBm@0.578 36-39@-94dBm@0.471 27-31@-94dBm@0.504 8-27@-83dBm@0.974 12-20@-92dBm@0.666 2-40@-92dBm@0.677 3-4@-93dBm@0.552 5-26@-92dBm@0.691 29-46@-90dBm@0.813 0-44@-95dBm@0.272 6-31@-87dBm@0.938 38-41@-94dBm@0.491 0-33@-94dBm@0.517 20-46@-93dBm@0.616 17-48@-84dBm@0.974 8-16@-87dBm@0.939 5-18@-96dBm@0.110 17-47@-89dBm@0.866 1-3@-90dBm@0.863 4-31@-89dBm@0.869 32-40@-92dBm@0.701 0-5@-80dBm@0.988 21-32@-88dBm@0.917 18-31@-93dBm@0.653 25-36@-85dBm@0.966 15-27@-92dBm@0.701 12-28@-91dBm@0.786 33-49@-85dBm@0.963 14-21@-92dBm@0.698 10-39@-95dBm@0.293 19-20@-93dBm@0.529 0-2@-94dBm@0.507 9-46@-93dBm@0.652 3-23@-94dBm@0.410 10-32@-93dBm@0.654 9-30@-92dBm@0.700 0-4@-73dBm@1.000 8-23@-89dBm@0.867 18-25@-88dBm@0.901 9-21@-89dBm@0.868 16-29@-90dBm@0.844 25-39@-93dBm@0.544 0-1@-89dBm@0.868 23-30@-92dBm@0.674 5-19@-88dBm@0.918 3-6@-93dBm@0.544 18-24@-93dBm@0.608 16-27@-91dBm@0.777 25-45@-92dBm@0.667 15-17@-85dBm@0.961 6-11@-94dBm@0.451 9-14@-72dBm@1.000 5-9@-83dBm@0.974 16-49@-97dBm@0.033 41-43@-86dBm@0.956 6-15@-86dBm@0.956 35-41@-95dBm@0.320 9-44@-89dBm@0.898 9-37@-95dBm@0.204 4-33@-93dBm@0.557 9-25@-94dBm@0.466 5-12@-95dBm@0.198 2-23@-92dBm@0.699 4-12@-90dBm@0.864 15-19@-91dBm@0.729 3-19@-91dBm@0.729 4-6@-82dBm@0.985 33-44@-91dBm@0.730 2-5@-87dBm@0.943 17-20@-79dBm@1.000 31-47@-87dBm@0.939 3-9@-95dBm@0.282 16-31@-93dBm@0.638 39-47@-92dBm@0.702 13-39@-95dBm@0.216 12-16@-94dBm@0.331 29-31@-89dBm@0.869 5-14@-91dBm@0.727 6-16@-86dBm@0.952 7-35@-94dBm@0.373 11-45@-92dBm@0.714 16-36@-91dBm@0.745 0-30@-90dBm@0.862 30-37@-89dBm@0.899 2-42@-96dBm@0.079 3-41@-86dBm@0.956 19-29@-89dBm@0.867 5-8@-93dBm@0.579 0-12@-93dBm@0.532 45-46@-96dBm@0.165
#aveChargePerCycle runNum=0 0@551.37 1@189.28 2@167.00 3@134.14 4@339.17 5@128.83 6@329.29 7@175.97 8@103.77 9@346.78 10@60.68 11@129.20 12@78.65 13@1.94 14@15.81 15@96.38 16@77.10 17@49.76 18@76.21 19@132.19 20@25.65 21@59.12 22@1.30 23@20.73 24@1.30 25@1.30 26@2.59 27@26.82 28@1.30 29@1.94 30@65.92 31@28.12 32@51.85 33@77.10 34@1.30 35@1.30 36@28.12 37@1.30 38@1.30 39@20.48 40@1.94 41@1.94 42@1.94 43@1.30 44@1.94 45@1.30 46@1.30 47@52.32 48@1.30 49@1.30