## dioPeriod = 1.0
## burstTimestamp = 20
## minRssi = -97
## numMotes = 50
## otfHousekeepingPeriod = 1.0
## sixtopNoRemoveWorstCell = 0
## simDataDir = simData
## numChans = 16
## slotframeLength = 101
## squareSide = 2.0
## cpuID = 24
## sixtopPdrThreshold = 1.5
## pkPeriod = None
## sixtopHousekeepingPeriod = 1.0
## sixtopNoHousekeeping = 0
## algorithm = otf
## pkPeriodVar = 0.05
## numCyclesPerRun = 100
## startTime = 1502276471.23
## slotDuration = 0.01
## numRuns = 1
## combinationKeys = ['algorithm', 'numMotes', 'otfThreshold']
## numPacketsBurst = 5
## otfThreshold = 1
## noInterference = 0
## gui = False


# appGenerated appReachesDagroot appRelayed aveHops aveLatency aveQueueDelay chargeConsumed collidedTxs cycle droppedAppFailedEnqueue droppedMacRetries droppedNoRoute droppedNoTxCells droppedQueueFull effectiveCollidedTxs numRxCells numTx numTxCells otfAdd otfRemove probableCollisions rplChurnParentSet rplChurnPrefParent rplChurnRank rplRxDIO rplTxDIO runNum scheduleCollisions topRxRelocatedCells topTxRelocatedBundles topTxRelocatedCells txQueueFill
             0                 0          0       0          0             0              0           0     0                       0                 0              0                0                0                    0          0     0          0      0         0                  0                 0                  0            0        0        0      0                  0                   0                     0                   0           0
             0                 0          0       0          0             0       1476.000           2     1                       0                 0              0                0                0                    1        123     0        123    123         0                  0               148                 92            6      532       50      0                  1                   0                     0                   0           0
             0                 0          0       0          0             0       4747.800           2     2                       0                 0              0                0                0                    1        133     0        133     10         0                  0                 0                144            0      532       50      0                  1                   0                     0                   0           0
             0                 0          0       0          0             0       8019.600           2     3                       0                 0              0                0                0                    1        133     0        133      0         0                  0                 0                144            0      532       50      0                  1                   0                     0                   0           0
             0                 0          0       0          0             0      11291.400           2     4                       0                 0              0                0                0                    1        133     0        133      0         0                  0                 0                144            0      532       50      0                  1                   0                     0                   0           0
             0                 0          0       0          0             0      14563.200           2     5                       0                 0              0                0                0                    1        133     0        133      0         0                  0                 0                144            0      532       50      0                  1                   0                     0                   0           0
             0                 0          0       0          0             0      17835.000           2     6                       0                 0              0                0                0                    1        133     0        133      0         0                  0                 0                144            0      532       50      0                  1                   0                     0                   0           0
             0                 0          0       0          0             0      21106.800           2     7                       0                 0              0                0                0                    1        133     0        133      0         0                  0                 0                144            0      532       50      0                  1                   0                     0                   0           0
             0                 0          0       0          0             0      24378.600           2     8                       0                 0              0                0                0                    1        133     0        133      0         0                  0                 0                144            0      532       50      0                  1                   0                     0                   0           0
             0                 0          0       0          0             0      27650.400           2     9                       0                 0              0                0                0                    1        133     0        133      0         0                  0                 0                144            0      532       50      0                  1                   0                     0                   0           0
             0                 0          0       0          0             0      30922.200           2    10                       0                 0              0                0                0                    1        133     0        133      0         0                  0                 0                144            0      532       50      0                  1                   0                     0                   0           0
             0                 0          0       0          0             0      34194.000           2    11                       0                 0              0                0                0                    1        133     0        133      0         0                  0                 0                144            0      532       50      0                  1                   0                     0                   0           0
             0                 0          0       0          0             0      37465.800           2    12                       0                 0              0                0                0                    1        133     0        133      0         0                  0                 0                144            0      532       50      0                  1                   0                     0                   0           0
             0                 0          0       0          0             0      40737.600           2    13                       0                 0              0                0                0                    1        133     0        133      0         0                  0                 0                144            0      532       50      0                  1                   0                     0                   0           0
             0                 0          0       0          0             0      44009.400           2    14                       0                 0              0                0                0                    1        133     0        133      0         0                  0                 0                144            0      532       50      0                  1                   0                     0                   0           0
             0                 0          0       0          0             0      47281.200           2    15                       0                 0              0                0                0                    1        133     0        133      0         0                  0                 0                144            0      532       50      0                  1                   0                     0                   0           0
             0                 0          0       0          0             0      50553.000           2    16                       0                 0              0                0                0                    1        133     0        133      0         0                  0                 0                144            0      532       50      0                  1                   0                     0                   0           0
             0                 0          0       0          0             0      53824.800           2    17                       0                 0              0                0                0                    1        133     0        133      0         0                  0                 0                144            0      532       50      0                  1                   0                     0                   0           0
             0                 0          0       0          0             0      57096.600           2    18                       0                 0              0                0                0                    1        133     0        133      0         0                  0                 0                144            0      532       50      0                  1                   0                     0                   0           0
            49                 1         11   1.000     15.000       116.000      62292.400           2    19                       0                 0              0                0                0                    1        138    20        138      2         0                  0                 0                144            0      532       50      0                  1                   0                     0                   0          48
             0                21         51   1.952     83.476      2220.917      75935.180          10    20                       0                 0              0                0                0                    7        218   109        218     27         1                  1                 0                135           10      532       50      0                  5                   2                     0                   0          27
             0                24          7   2.583    153.167       671.602      84834.600           6    21                       0                 0              0                0                0                    3        170   122        170      4        22                  0                 4                141           47      532       50      0                  3                   0                     0                   0           3
             0                 3          0   4.667    232.333       145.500      89269.560           2    22                       0                 0              0                0                0                    0        154   107        154      6         9                  0                 7                134           47      532       50      0                  1                   0                     0                   0           0
             0                 0          0       0          0             0      92934.960           0    23                       0                 0              0                0                0                    0        148   102        148      1         2                  0                 3                136           16      532       50      0                  0                   0                     0                   0           0
             0                 0          0       0          0             0      96477.360           0    24                       0                 0              0                0                0                    0        140    96        140      1         3                  0                 2                151           15      532       50      0                  0                   0                     0                   0           0
             0                 0          0       0          0             0      99970.560           0    25                       0                 0              0                0                0                    0        142    96        142      1         0                  0                 1                145           14      532       50      0                  0                   0                     0                   0           0
             0                 0          0       0          0             0     103463.760           0    26                       0                 0              0                0                0                    0        142    96        142      0         0                  0                 0                144            0      532       50      0                  0                   0                     0                   0           0
             0                 0          0       0          0             0     106956.960           0    27                       0                 0              0                0                0                    0        142    96        142      0         0                  0                 0                144            0      532       50      0                  0                   0                     0                   0           0
             0                 0          0       0          0             0     110450.160           0    28                       0                 0              0                0                0                    0        142    96        142      0         0                  0                 0                144            0      532       50      0                  0                   0                     0                   0           0
             0                 0          0       0          0             0     113943.360           0    29                       0                 0              0                0                0                    0        142    96        142      0         0                  0                 0                144            0      532       50      0                  0                   0                     0                   0           0
             0                 0          0       0          0             0     117436.560           0    30                       0                 0              0                0                0                    0        142    96        142      0         0                  0                 0                144            0      532       50      0                  0                   0                     0                   0           0
             0                 0          0       0          0             0     120929.760           0    31                       0                 0              0                0                0                    0        142    96        142      0         0                  0                 0                144            0      532       50      0                  0                   0                     0                   0           0
             0                 0          0       0          0             0     124422.960           0    32                       0                 0              0                0                0                    0        142    96        142      0         0                  0                 0                144            0      532       50      0                  0                   0                     0                   0           0
             0                 0          0       0          0             0     127916.160           0    33                       0                 0              0                0                0                    0        142    96        142      0         0                  0                 0                144            0      532       50      0                  0                   0                     0                   0           0
             0                 0          0       0          0             0     131409.360           0    34                       0                 0              0                0                0                    0        142    96        142      0         0                  0                 0                144            0      532       50      0                  0                   0                     0                   0           0
             0                 0          0       0          0             0     134902.560           0    35                       0                 0              0                0                0                    0        142    96        142      0         0                  0                 0                144            0      532       50      0                  0                   0                     0                   0           0
             0                 0          0       0          0             0     138395.760           0    36                       0                 0              0                0                0                    0        142    96        142      0         0                  0                 0                144            0      532       50      0                  0                   0                     0                   0           0
             0                 0          0       0          0             0     141888.960           0    37                       0                 0              0                0                0                    0        142    96        142      0         0                  0                 0                144            0      532       50      0                  0                   0                     0                   0           0
             0                 0          0       0          0             0     145382.160           0    38                       0                 0              0                0                0                    0        142    96        142      0         0                  0                 0                144            0      532       50      0                  0                   0                     0                   0           0
             0                 0          0       0          0             0     148875.360           0    39                       0                 0              0                0                0                    0        142    96        142      0         0                  0                 0                144            0      532       50      0                  0                   0                     0                   0           0
             0                 0          0       0          0             0     152368.560           0    40                       0                 0              0                0                0                    0        142    96        142      0         0                  0                 0                144            0      532       50      0                  0                   0                     0                   0           0
             0                 0          0       0          0             0     155861.760           0    41                       0                 0              0                0                0                    0        142    96        142      0         0                  0                 0                144            0      532       50      0                  0                   0                     0                   0           0
             0                 0          0       0          0             0     159354.960           0    42                       0                 0              0                0                0                    0        142    96        142      0         0                  0                 0                144            0      532       50      0                  0                   0                     0                   0           0
             0                 0          0       0          0             0     162848.160           0    43                       0                 0              0                0                0                    0        142    96        142      0         0                  0                 0                144            0      532       50      0                  0                   0                     0                   0           0
             0                 0          0       0          0             0     166341.360           0    44                       0                 0              0                0                0                    0        142    96        142      0         0                  0                 0                144            0      532       50      0                  0                   0                     0                   0           0
             0                 0          0       0          0             0     169834.560           0    45                       0                 0              0                0                0                    0        142    96        142      0         0                  0                 0                144            0      532       50      0                  0                   0                     0                   0           0
             0                 0          0       0          0             0     173327.760           0    46                       0                 0              0                0                0                    0        142    96        142      0         0                  0                 0                144            0      532       50      0                  0                   0                     0                   0           0
             0                 0          0       0          0             0     176820.960           0    47                       0                 0              0                0                0                    0        142    96        142      0         0                  0                 0                144            0      532       50      0                  0                   0                     0                   0           0
             0                 0          0       0          0             0     180314.160           0    48                       0                 0              0                0                0                    0        142    96        142      0         0                  0                 0                144            0      532       50      0                  0                   0                     0                   0           0
             0                 0          0       0          0             0     183807.360           0    49                       0                 0              0                0                0                    0        142    96        142      0         0                  0                 0                144            0      532       50      0                  0                   0                     0                   0           0
             0                 0          0       0          0             0     187300.560           0    50                       0                 0              0                0                0                    0        142    96        142      0         0                  0                 0                144            0      532       50      0                  0                   0                     0                   0           0
             0                 0          0       0          0             0     190793.760           0    51                       0                 0              0                0                0                    0        142    96        142      0         0                  0                 0                144            0      532       50      0                  0                   0                     0                   0           0
             0                 0          0       0          0             0     194286.960           0    52                       0                 0              0                0                0                    0        142    96        142      0         0                  0                 0                144            0      532       50      0                  0                   0                     0                   0           0
             0                 0          0       0          0             0     197780.160           0    53                       0                 0              0                0                0                    0        142    96        142      0         0                  0                 0                144            0      532       50      0                  0                   0                     0                   0           0
             0                 0          0       0          0             0     201273.360           0    54                       0                 0              0                0                0                    0        142    96        142      0         0                  0                 0                144            0      532       50      0                  0                   0                     0                   0           0
             0                 0          0       0          0             0     204766.560           0    55                       0                 0              0                0                0                    0        142    96        142      0         0                  0                 0                144            0      532       50      0                  0                   0                     0                   0           0
             0                 0          0       0          0             0     208259.760           0    56                       0                 0              0                0                0                    0        142    96        142      0         0                  0                 0                144            0      532       50      0                  0                   0                     0                   0           0
             0                 0          0       0          0             0     211752.960           0    57                       0                 0              0                0                0                    0        142    96        142      0         0                  0                 0                144            0      532       50      0                  0                   0                     0                   0           0
             0                 0          0       0          0             0     215246.160           0    58                       0                 0              0                0                0                    0        142    96        142      0         0                  0                 0                144            0      532       50      0                  0                   0                     0                   0           0
            49                10         48   1.600     42.000      1044.933     226263.300           6    59                       0                 0              0                0                0                    2        166   163        166     10         0                  0                 0                144            0      532       50      0                  3                   0                     0                   0          39
             0                24         25   2.375    107.333      1151.601     237176.780           6    60                       0                 0              0                0                0                    1        198   221        198     16         3                  0                 2                151           37      532       50      0                  3                   2                     0                   0          15
             0                10          4   3.100    187.500       523.500     243266.720           2    61                       0                 0              0                0                0                    0        156   202        156      4        21                  0                 2                147           31      532       50      0                  1                   0                     0                   0           5
             0                 4          0   4.250    300.000       128.250     247523.600           2    62                       0                 0              0                0                0                    0        150   193        150      0         3                  0                 0                135           27      532       50      0                  1                   0                     0                   0           1
             0                 1          0   5.000    369.000       122.000     251281.520           2    63                       0                 0              0                0                0                    0        148   190        148      0         1                  0                 0                135           10      532       50      0                  1                   0                     0                   0           0
             0                 0          0       0          0             0     254897.720           2    64                       0                 0              0                0                0                    0        146   185        146      0         1                  0                 0                144           15      532       50      0                  1                   0                     0                   0           0
             0                 0          0       0          0             0     258489.320           2    65                       0                 0              0                0                0                    0        146   185        146      0         0                  0                 0                137            3      532       50      0                  1                   0                     0                   0           0
             0                 0          0       0          0             0     262080.920           2    66                       0                 0              0                0                0                    0        146   185        146      0         0                  0                 0                135            0      532       50      0                  1                   0                     0                   0           0
             0                 0          0       0          0             0     265672.520           2    67                       0                 0              0                0                0                    0        146   185        146      0         0                  0                 0                135            0      532       50      0                  1                   0                     0                   0           0
             0                 0          0       0          0             0     269264.120           2    68                       0                 0              0                0                0                    0        146   185        146      0         0                  0                 0                135            0      532       50      0                  1                   0                     0                   0           0
             0                 0          0       0          0             0     272855.720           2    69                       0                 0              0                0                0                    0        146   185        146      0         0                  0                 0                135            0      532       50      0                  1                   0                     0                   0           0
             0                 0          0       0          0             0     276447.320           2    70                       0                 0              0                0                0                    0        146   185        146      0         0                  0                 0                135            0      532       50      0                  1                   0                     0                   0           0
             0                 0          0       0          0             0     280038.920           2    71                       0                 0              0                0                0                    0        146   185        146      0         0                  0                 0                135            0      532       50      0                  1                   0                     0                   0           0
             0                 0          0       0          0             0     283630.520           2    72                       0                 0              0                0                0                    0        146   185        146      0         0                  0                 0                135            0      532       50      0                  1                   0                     0                   0           0
             0                 0          0       0          0             0     287222.120           2    73                       0                 0              0                0                0                    0        146   185        146      0         0                  0                 0                135            0      532       50      0                  1                   0                     0                   0           0
             0                 0          0       0          0             0     290813.720           2    74                       0                 0              0                0                0                    0        146   185        146      0         0                  0                 0                135            0      532       50      0                  1                   0                     0                   0           0
             0                 0          0       0          0             0     294405.320           2    75                       0                 0              0                0                0                    0        146   185        146      0         0                  0                 0                135            0      532       50      0                  1                   0                     0                   0           0
             0                 0          0       0          0             0     297996.920           2    76                       0                 0              0                0                0                    0        146   185        146      0         0                  0                 0                135            0      532       50      0                  1                   0                     0                   0           0
             0                 0          0       0          0             0     301588.520           2    77                       0                 0              0                0                0                    0        146   185        146      0         0                  0                 0                135            0      532       50      0                  1                   0                     0                   0           0
             0                 0          0       0          0             0     305180.120           2    78                       0                 0              0                0                0                    0        146   185        146      0         0                  0                 0                135            0      532       50      0                  1                   0                     0                   0           0
             0                 0          0       0          0             0     308771.720           2    79                       0                 0              0                0                0                    0        146   185        146      0         0                  0                 0                135            0      532       50      0                  1                   0                     0                   0           0
             0                 0          0       0          0             0     312363.320           2    80                       0                 0              0                0                0                    0        146   185        146      0         0                  0                 0                135            0      532       50      0                  1                   0                     0                   0           0
             0                 0          0       0          0             0     315954.920           2    81                       0                 0              0                0                0                    0        146   185        146      0         0                  0                 0                135            0      532       50      0                  1                   0                     0                   0           0
             0                 0          0       0          0             0     319546.520           2    82                       0                 0              0                0                0                    0        146   185        146      0         0                  0                 0                135            0      532       50      0                  1                   0                     0                   0           0
             0                 0          0       0          0             0     323138.120           2    83                       0                 0              0                0                0                    0        146   185        146      0         0                  0                 0                135            0      532       50      0                  1                   0                     0                   0           0
             0                 0          0       0          0             0     326729.720           2    84                       0                 0              0                0                0                    0        146   185        146      0         0                  0                 0                135            0      532       50      0                  1                   0                     0                   0           0
             0                 0          0       0          0             0     330321.320           2    85                       0                 0              0                0                0                    0        146   185        146      0         0                  0                 0                135            0      532       50      0                  1                   0                     0                   0           0
             0                 0          0       0          0             0     333912.920           2    86                       0                 0              0                0                0                    0        146   185        146      0         0                  0                 0                135            0      532       50      0                  1                   0                     0                   0           0
             0                 0          0       0          0             0     337504.520           2    87                       0                 0              0                0                0                    0        146   185        146      0         0                  0                 0                135            0      532       50      0                  1                   0                     0                   0           0
             0                 0          0       0          0             0     341096.120           2    88                       0                 0              0                0                0                    0        146   185        146      0         0                  0                 0                135            0      532       50      0                  1                   0                     0                   0           0
             0                 0          0       0          0             0     344687.720           2    89                       0                 0              0                0                0                    0        146   185        146      0         0                  0                 0                135            0      532       50      0                  1                   0                     0                   0           0
             0                 0          0       0          0             0     348279.320           2    90                       0                 0              0                0                0                    0        146   185        146      0         0                  0                 0                135            0      532       50      0                  1                   0                     0                   0           0
             0                 0          0       0          0             0     351870.920           2    91                       0                 0              0                0                0                    0        146   185        146      0         0                  0                 0                135            0      532       50      0                  1                   0                     0                   0           0
             0                 0          0       0          0             0     355462.520           2    92                       0                 0              0                0                0                    0        146   185        146      0         0                  0                 0                135            0      532       50      0                  1                   0                     0                   0           0
             0                 0          0       0          0             0     359054.120           2    93                       0                 0              0                0                0                    0        146   185        146      0         0                  0                 0                135            0      532       50      0                  1                   0                     0                   0           0
             0                 0          0       0          0             0     362645.720           2    94                       0                 0              0                0                0                    0        146   185        146      0         0                  0                 0                135            0      532       50      0                  1                   0                     0                   0           0
             0                 0          0       0          0             0     366237.320           2    95                       0                 0              0                0                0                    0        146   185        146      0         0                  0                 0                135            0      532       50      0                  1                   0                     0                   0           0
             0                 0          0       0          0             0     369828.920           2    96                       0                 0              0                0                0                    0        146   185        146      0         0                  0                 0                135            0      532       50      0                  1                   0                     0                   0           0
             0                 0          0       0          0             0     373420.520           2    97                       0                 0              0                0                0                    0        146   185        146      0         0                  0                 0                135            0      532       50      0                  1                   0                     0                   0           0
             0                 0          0       0          0             0     377012.120           2    98                       0                 0              0                0                0                    0        146   185        146      0         0                  0                 0                135            0      532       50      0                  1                   0                     0                   0           0
             0                 0          0       0          0             0     380603.720           2    99                       0                 0              0                0                0                    0        146   185        146      0         0                  0                 0                135            0      532       50      0                  1                   0                     0                   0           0
#pos runNum=0 0@(1.00000,1.00000)@0 1@(0.77058,0.87891)@804 2@(1.01130,0.95882)@716 3@(0.84863,0.90618)@651 4@(0.93681,1.01505)@804 5@(0.72661,1.09750)@1508 6@(0.88060,0.88053)@1362 7@(0.84515,0.85490)@1740 8@(0.84502,1.07499)@1356 9@(0.83003,0.90983)@1316 10@(0.90098,1.18174)@1657 11@(1.02443,0.93440)@1608 12@(1.06596,0.87265)@597 13@(0.98658,1.06671)@1265 14@(1.01395,0.93004)@832 15@(0.82572,0.85988)@768 16@(1.00223,1.23758)@1535 17@(0.84374,1.19777)@651 18@(0.79035,1.10984)@1429 19@(0.95749,0.95440)@512 20@(0.80842,1.36982)@1209 21@(0.76604,1.02131)@1455 22@(0.73231,0.74527)@1654 23@(0.69670,1.01665)@1276 24@(0.77033,1.11758)@1536 25@(0.56247,0.78819)@1589 26@(0.97347,0.79205)@1362 27@(0.96602,1.27794)@1520 28@(0.99049,0.94275)@1280 29@(0.98518,0.80211)@1279 30@(0.90756,1.03562)@542 31@(0.95431,1.27673)@1209 32@(0.85278,0.78497)@1372 33@(1.11840,0.97157)@1362 34@(0.70138,1.07818)@2020 35@(0.58080,0.99367)@2160 36@(1.13540,0.61678)@1455 37@(0.65679,1.28637)@2133 38@(0.89377,1.01310)@1877 39@(0.90289,0.78753)@1367 40@(1.11192,0.80690)@1160 41@(1.08638,0.77836)@1222 42@(0.92786,1.08465)@1276 43@(0.69921,0.82441)@1367 44@(1.19700,1.09683)@1024 45@(0.93800,0.83458)@1372 46@(0.71109,1.08099)@1429 47@(0.82874,1.17665)@1520 48@(1.50227,0.92439)@2300 49@(1.17878,0.75778)@1447
#links runNum=0 1-10@-92dBm@0.699 13-28@-85dBm@0.960 0-14@-93dBm@0.651 29-45@-76dBm@1.000 12-32@-95dBm@0.207 13-42@-80dBm@0.993 36-43@-95dBm@0.285 6-32@-91dBm@0.722 18-24@-68dBm@1.000 5-34@-71dBm@1.000 14-19@-80dBm@0.995 9-22@-87dBm@0.947 4-7@-91dBm@0.791 1-11@-92dBm@0.678 8-37@-93dBm@0.624 2-8@-90dBm@0.818 3-8@-92dBm@0.708 34-42@-91dBm@0.718 30-33@-93dBm@0.540 26-39@-78dBm@1.000 15-18@-93dBm@0.645 3-21@-93dBm@0.658 24-29@-97dBm@0.027 19-42@-86dBm@0.959 2-14@-79dBm@1.000 28-48@-95dBm@0.299 0-34@-97dBm@0.049 3-38@-91dBm@0.743 8-45@-94dBm@0.483 8-29@-91dBm@0.799 29-47@-95dBm@0.251 18-34@-83dBm@0.974 2-19@-90dBm@0.863 6-7@-80dBm@0.989 28-40@-94dBm@0.516 1-17@-95dBm@0.313 42-49@-93dBm@0.560 11-48@-95dBm@0.193 22-33@-96dBm@0.175 17-20@-85dBm@0.960 33-49@-87dBm@0.938 24-34@-93dBm@0.582 2-6@-92dBm@0.696 10-27@-87dBm@0.942 1-6@-88dBm@0.927 2-46@-95dBm@0.203 26-41@-84dBm@0.973 1-26@-88dBm@0.922 40-45@-86dBm@0.957 6-10@-91dBm@0.756 4-18@-92dBm@0.709 34-37@-95dBm@0.309 12-25@-97dBm@0.070 12-29@-85dBm@0.960 9-33@-91dBm@0.771 31-39@-95dBm@0.195 30-39@-94dBm@0.454 3-11@-86dBm@0.954 26-36@-92dBm@0.696 11-12@-94dBm@0.331 15-39@-81dBm@0.985 31-47@-92dBm@0.707 6-19@-85dBm@0.966 3-13@-89dBm@0.881 12-18@-92dBm@0.694 7-32@-85dBm@0.966 19-38@-91dBm@0.782 18-37@-94dBm@0.396 13-16@-92dBm@0.663 7-25@-90dBm@0.817 28-29@-96dBm@0.134 12-13@-91dBm@0.785 4-32@-92dBm@0.666 20-34@-91dBm@0.799 14-36@-91dBm@0.771 8-47@-82dBm@0.983 11-28@-82dBm@0.983 15-49@-96dBm@0.111 1-28@-94dBm@0.403 2-31@-96dBm@0.114 39-42@-96dBm@0.186 4-26@-94dBm@0.343 3-42@-90dBm@0.862 14-33@-93dBm@0.583 5-8@-82dBm@0.983 18-21@-83dBm@0.977 5-21@-95dBm@0.214 3-39@-86dBm@0.957 10-13@-84dBm@0.974 24-46@-80dBm@0.988 25-29@-93dBm@0.654 13-21@-91dBm@0.794 26-49@-90dBm@0.831 7-34@-90dBm@0.863 1-9@-79dBm@1.000 16-17@-89dBm@0.870 0-15@-92dBm@0.678 18-49@-97dBm@0.049 12-44@-89dBm@0.892 0-18@-95dBm@0.233 5-20@-90dBm@0.820 31-44@-93dBm@0.551 3-22@-93dBm@0.554 19-47@-90dBm@0.863 29-38@-95dBm@0.209 4-27@-90dBm@0.864 27-31@-87dBm@0.938 11-33@-84dBm@0.974 23-35@-90dBm@0.807 2-29@-86dBm@0.958 20-27@-89dBm@0.867 19-43@-90dBm@0.865 18-45@-94dBm@0.427 23-47@-92dBm@0.704 34-46@-64dBm@1.000 18-23@-83dBm@0.975 3-36@-93dBm@0.647 7-14@-96dBm@0.162 8-17@-90dBm@0.836 1-15@-84dBm@0.974 5-18@-96dBm@0.131 7-8@-93dBm@0.578 12-15@-94dBm@0.341 14-28@-94dBm@0.425 25-39@-91dBm@0.760 1-12@-92dBm@0.683 5-24@-92dBm@0.695 26-43@-92dBm@0.666 16-34@-93dBm@0.611 4-8@-86dBm@0.955 24-39@-93dBm@0.652 24-47@-84dBm@0.974 26-47@-93dBm@0.571 1-45@-86dBm@0.957 20-37@-92dBm@0.678 40-41@-78dBm@1.000 6-38@-89dBm@0.896 7-36@-92dBm@0.662 8-41@-97dBm@0.008 5-42@-96dBm@0.190 23-43@-86dBm@0.955 12-45@-91dBm@0.799 0-28@-94dBm@0.431 33-45@-93dBm@0.584 13-20@-92dBm@0.669 2-7@-93dBm@0.566 25-32@-90dBm@0.846 1-5@-91dBm@0.722 3-25@-93dBm@0.658 40-49@-93dBm@0.638 4-15@-90dBm@0.829 5-7@-96dBm@0.179 11-49@-92dBm@0.662 8-10@-95dBm@0.286 28-38@-86dBm@0.953 2-11@-85dBm@0.960 12-41@-89dBm@0.870 9-31@-92dBm@0.681 17-21@-90dBm@0.824 9-40@-94dBm@0.332 34-35@-86dBm@0.958 2-47@-93dBm@0.610 12-35@-97dBm@0.028 2-27@-92dBm@0.678 15-29@-92dBm@0.681 3-26@-92dBm@0.680 17-34@-91dBm@0.734 15-33@-96dBm@0.161 2-22@-92dBm@0.688 11-14@-73dBm@1.000 3-6@-78dBm@1.000 7-41@-96dBm@0.184 2-10@-89dBm@0.887 10-24@-90dBm@0.853 11-35@-96dBm@0.171 2-3@-91dBm@0.743 19-29@-87dBm@0.944 5-25@-95dBm@0.193 4-5@-93dBm@0.642 7-43@-86dBm@0.958 10-12@-93dBm@0.649 16-28@-96dBm@0.085 0-19@-77dBm@1.000 0-17@-91dBm@0.727 14-24@-91dBm@0.723 11-41@-89dBm@0.869 33-48@-93dBm@0.607 9-42@-89dBm@0.892 21-47@-86dBm@0.953 4-16@-91dBm@0.778 18-20@-95dBm@0.192 13-17@-96dBm@0.167 21-45@-91dBm@0.753 1-32@-87dBm@0.941 34-36@-96dBm@0.096 29-44@-95dBm@0.299 6-36@-93dBm@0.649 1-2@-90dBm@0.865 14-21@-93dBm@0.652 1-36@-95dBm@0.309 7-15@-84dBm@0.974 8-16@-91dBm@0.766 12-40@-86dBm@0.953 10-43@-95dBm@0.267 19-49@-96dBm@0.181 7-18@-90dBm@0.848 19-24@-97dBm@0.055 41-44@-91dBm@0.762 14-44@-94dBm@0.345 33-36@-96dBm@0.148 28-39@-93dBm@0.586 15-25@-90dBm@0.863 21-23@-90dBm@0.837 16-18@-93dBm@0.642 17-31@-85dBm@0.959 10-18@-90dBm@0.853 40-48@-92dBm@0.667 19-45@-93dBm@0.641 38-45@-96dBm@0.083 10-36@-96dBm@0.115 3-4@-87dBm@0.947 40-47@-95dBm@0.271 11-30@-86dBm@0.953 0-44@-93dBm@0.574 29-30@-90dBm@0.862 0-38@-94dBm@0.365 14-40@-92dBm@0.680 5-37@-89dBm@0.866 39-45@-88dBm@0.918 25-46@-94dBm@0.329 0-33@-96dBm@0.136 9-28@-88dBm@0.908 19-33@-85dBm@0.960 3-43@-97dBm@0.069 21-46@-89dBm@0.868 21-34@-85dBm@0.963 1-3@-85dBm@0.959 0-45@-96dBm@0.141 6-33@-92dBm@0.700 11-26@-90dBm@0.820 10-37@-93dBm@0.584 14-38@-90dBm@0.865 17-38@-97dBm@0.061 22-39@-97dBm@0.053 8-15@-94dBm@0.511 0-12@-89dBm@0.883 9-12@-90dBm@0.833 3-5@-96dBm@0.178 15-40@-94dBm@0.396 12-46@-95dBm@0.284 0-2@-92dBm@0.663 26-44@-97dBm@0.046 9-46@-88dBm@0.937 3-23@-89dBm@0.887 0-4@-92dBm@0.693 21-24@-93dBm@0.637 16-24@-90dBm@0.827 18-42@-93dBm@0.587 6-46@-91dBm@0.727 0-1@-92dBm@0.667 3-41@-97dBm@0.036 7-9@-81dBm@0.987 6-39@-86dBm@0.956 26-28@-88dBm@0.924 16-44@-91dBm@0.738 2-49@-91dBm@0.723 24-31@-92dBm@0.687 6-11@-91dBm@0.793 35-43@-88dBm@0.934 3-15@-90dBm@0.863 5-46@-84dBm@0.970 20-24@-93dBm@0.653 13-32@-92dBm@0.690 18-22@-92dBm@0.695 6-9@-93dBm@0.637 18-19@-92dBm@0.682 2-4@-92dBm@0.698 5-23@-96dBm@0.151 26-32@-92dBm@0.680 4-33@-86dBm@0.957 18-28@-92dBm@0.687 28-42@-87dBm@0.945 1-18@-90dBm@0.862 34-41@-97dBm@0.006 40-44@-91dBm@0.797 6-37@-95dBm@0.207 4-30@-80dBm@0.992 3-19@-93dBm@0.626 10-47@-85dBm@0.965 2-12@-81dBm@0.985 44-48@-93dBm@0.655 0-3@-91dBm@0.774 2-5@-92dBm@0.700 3-9@-92dBm@0.672 8-35@-93dBm@0.657 11-16@-95dBm@0.223 18-47@-96dBm@0.132 16-23@-96dBm@0.164 1-39@-88dBm@0.920 38-46@-94dBm@0.389 30-42@-75dBm@1.000 21-31@-97dBm@0.010 1-30@-86dBm@0.949 32-40@-95dBm@0.311 1-43@-87dBm@0.941 6-14@-84dBm@0.974 9-19@-91dBm@0.720 2-42@-96dBm@0.127 2-9@-91dBm@0.727 4-28@-94dBm@0.340 1-46@-89dBm@0.874 43-45@-92dBm@0.682 16-38@-89dBm@0.895 0-30@-85dBm@0.959 23-30@-92dBm@0.681 4-23@-95dBm@0.296
#aveChargePerCycle runNum=0 0@499.47 1@334.61 2@343.85 3@480.64 4@240.14 5@53.64 6@101.49 7@1.30 8@105.37 9@53.64 10@25.65 11@1.30 12@296.82 13@53.24 14@156.73 15@76.86 16@27.47 17@111.10 18@5.97 19@239.78 20@75.47 21@1.94 22@1.94 23@50.16 24@1.30 25@1.94 26@26.70 27@1.30 28@1.94 29@27.99 30@103.53 31@21.90 32@1.94 33@51.85 34@28.52 35@1.30 36@1.94 37@1.94 38@1.94 39@1.30 40@53.67 41@21.38 42@1.30 43@1.94 44@104.91 45@1.30 46@1.30 47@1.30 48@1.94 49@1.30