## dioPeriod = 1.0
## burstTimestamp = 20
## minRssi = -97
## numMotes = 50
## otfHousekeepingPeriod = 1.0
## sixtopNoRemoveWorstCell = 0
## simDataDir = simData
## numChans = 16
## slotframeLength = 101
## squareSide = 2.0
## cpuID = 75
## sixtopPdrThreshold = 1.5
## pkPeriod = None
## sixtopHousekeepingPeriod = 1.0
## sixtopNoHousekeeping = 0
## algorithm = otf
## pkPeriodVar = 0.05
## numCyclesPerRun = 100
## startTime = 1502276471.3
## slotDuration = 0.01
## numRuns = 1
## combinationKeys = ['algorithm', 'numMotes', 'otfThreshold']
## numPacketsBurst = 5
## otfThreshold = 1
## noInterference = 0
## gui = False


# appGenerated appReachesDagroot appRelayed aveHops aveLatency aveQueueDelay chargeConsumed collidedTxs cycle droppedAppFailedEnqueue droppedMacRetries droppedNoRoute droppedNoTxCells droppedQueueFull effectiveCollidedTxs numRxCells numTx numTxCells otfAdd otfRemove probableCollisions rplChurnParentSet rplChurnPrefParent rplChurnRank rplRxDIO rplTxDIO runNum scheduleCollisions topRxRelocatedCells topTxRelocatedBundles topTxRelocatedCells txQueueFill
             0                 0          0       0          0             0              0           0     0                       0                 0              0                0                0                    0          0     0          0      0         0                  0                 0                  0            0        0        0      0                  0                   0                     0                   0           0
             0                 0          0       0          0             0       2066.400           8     1                       0                 0              0                0                0                    4        129     0        129    129         0                  0               142                 93            3      546       50      0                  4                   0                     0                   0           0
             0                 0          0       0          0             0       5387.400           8     2                       0                 0              0                0                0                    4        135     0        135      6         0                  0                 0                137            0      546       50      0                  4                   0                     0                   0           0
             0                 0          0       0          0             0       8708.400           8     3                       0                 0              0                0                0                    4        135     0        135      0         0                  0                 0                137            0      546       50      0                  4                   0                     0                   0           0
             0                 0          0       0          0             0      12029.400           8     4                       0                 0              0                0                0                    4        135     0        135      0         0                  0                 0                137            0      546       50      0                  4                   0                     0                   0           0
             0                 0          0       0          0             0      15350.400           8     5                       0                 0              0                0                0                    4        135     0        135      0         0                  0                 0                137            0      546       50      0                  4                   0                     0                   0           0
             0                 0          0       0          0             0      18671.400           8     6                       0                 0              0                0                0                    4        135     0        135      0         0                  0                 0                137            0      546       50      0                  4                   0                     0                   0           0
             0                 0          0       0          0             0      21992.400           8     7                       0                 0              0                0                0                    4        135     0        135      0         0                  0                 0                137            0      546       50      0                  4                   0                     0                   0           0
             0                 0          0       0          0             0      25313.400           8     8                       0                 0              0                0                0                    4        135     0        135      0         0                  0                 0                137            0      546       50      0                  4                   0                     0                   0           0
             0                 0          0       0          0             0      28634.400           8     9                       0                 0              0                0                0                    4        135     0        135      0         0                  0                 0                137            0      546       50      0                  4                   0                     0                   0           0
             0                 0          0       0          0             0      31955.400           8    10                       0                 0              0                0                0                    4        135     0        135      0         0                  0                 0                137            0      546       50      0                  4                   0                     0                   0           0
             0                 0          0       0          0             0      35276.400           8    11                       0                 0              0                0                0                    4        135     0        135      0         0                  0                 0                137            0      546       50      0                  4                   0                     0                   0           0
             0                 0          0       0          0             0      38597.400           8    12                       0                 0              0                0                0                    4        135     0        135      0         0                  0                 0                137            0      546       50      0                  4                   0                     0                   0           0
             0                 0          0       0          0             0      41918.400           8    13                       0                 0              0                0                0                    4        135     0        135      0         0                  0                 0                137            0      546       50      0                  4                   0                     0                   0           0
             0                 0          0       0          0             0      45239.400           8    14                       0                 0              0                0                0                    4        135     0        135      0         0                  0                 0                137            0      546       50      0                  4                   0                     0                   0           0
             0                 0          0       0          0             0      48560.400           8    15                       0                 0              0                0                0                    4        135     0        135      0         0                  0                 0                137            0      546       50      0                  4                   0                     0                   0           0
             0                 0          0       0          0             0      51881.400           8    16                       0                 0              0                0                0                    4        135     0        135      0         0                  0                 0                137            0      546       50      0                  4                   0                     0                   0           0
             0                 0          0       0          0             0      55202.400           8    17                       0                 0              0                0                0                    4        135     0        135      0         0                  0                 0                137            0      546       50      0                  4                   0                     0                   0           0
             0                 0          0       0          0             0      58523.400           8    18                       0                 0              0                0                0                    4        135     0        135      0         0                  0                 0                137            0      546       50      0                  4                   0                     0                   0           0
            49                 3         19   1.333      8.333       142.000      64664.700          12    19                       0                 0              0                0                0                    5        149    25        149      5         0                  1                 0                137            0      546       50      0                  6                   0                     0                   0          46
             0                26         47   2.077     78.500      1823.843      79562.460          20    20                       0                 0              0                0                0                    7        231   127        231     34         0                  3                 3                138           23      546       50      0                 10                   0                     0                   0          20
             0                20          6   3.150    156.950       658.767      88131.260           6    21                       0                 0              0                0                0                    0        171   120        171      6        25                  0                 4                142           50      546       50      0                  3                   3                     0                   0           0
             0                 0          0       0          0             0      92091.860           6    22                       0                 0              0                0                0                    1        152   102        152      7        11                  0                 3                137           44      546       50      0                  3                   0                     0                   0           0
             0                 0          0       0          0             0      95757.260           6    23                       0                 0              0                0                0                    1        147    94        147      1         3                  0                 0                144           17      546       50      0                  3                   0                     0                   0           0
             0                 0          0       0          0             0      99373.460           6    24                       0                 0              0                0                0                    1        147    94        147      0         0                  0                 0                154           19      546       50      0                  3                   0                     0                   0           0
             0                 0          0       0          0             0     102989.660           6    25                       0                 0              0                0                0                    1        147    94        147      0         0                  0                 0                151            0      546       50      0                  3                   0                     0                   0           0
             0                 0          0       0          0             0     106605.860           6    26                       0                 0              0                0                0                    1        147    94        147      0         0                  0                 0                151            0      546       50      0                  3                   0                     0                   0           0
             0                 0          0       0          0             0     110222.060           6    27                       0                 0              0                0                0                    1        147    94        147      0         0                  0                 0                151            0      546       50      0                  3                   0                     0                   0           0
             0                 0          0       0          0             0     113838.260           6    28                       0                 0              0                0                0                    1        147    94        147      0         0                  0                 0                151            0      546       50      0                  3                   0                     0                   0           0
             0                 0          0       0          0             0     117454.460           6    29                       0                 0              0                0                0                    1        147    94        147      0         0                  0                 0                151            0      546       50      0                  3                   0                     0                   0           0
             0                 0          0       0          0             0     121070.660           6    30                       0                 0              0                0                0                    1        147    94        147      0         0                  0                 0                151            0      546       50      0                  3                   0                     0                   0           0
             0                 0          0       0          0             0     124686.860           6    31                       0                 0              0                0                0                    1        147    94        147      0         0                  0                 0                151            0      546       50      0                  3                   0                     0                   0           0
             0                 0          0       0          0             0     128303.060           6    32                       0                 0              0                0                0                    1        147    94        147      0         0                  0                 0                151            0      546       50      0                  3                   0                     0                   0           0
             0                 0          0       0          0             0     131919.260           6    33                       0                 0              0                0                0                    1        147    94        147      0         0                  0                 0                151            0      546       50      0                  3                   0                     0                   0           0
             0                 0          0       0          0             0     135535.460           6    34                       0                 0              0                0                0                    1        147    94        147      0         0                  0                 0                151            0      546       50      0                  3                   0                     0                   0           0
             0                 0          0       0          0             0     139151.660           6    35                       0                 0              0                0                0                    1        147    94        147      0         0                  0                 0                151            0      546       50      0                  3                   0                     0                   0           0
             0                 0          0       0          0             0     142767.860           6    36                       0                 0              0                0                0                    1        147    94        147      0         0                  0                 0                151            0      546       50      0                  3                   0                     0                   0           0
             0                 0          0       0          0             0     146384.060           6    37                       0                 0              0                0                0                    1        147    94        147      0         0                  0                 0                151            0      546       50      0                  3                   0                     0                   0           0
             0                 0          0       0          0             0     150000.260           6    38                       0                 0              0                0                0                    1        147    94        147      0         0                  0                 0                151            0      546       50      0                  3                   0                     0                   0           0
             0                 0          0       0          0             0     153616.460           6    39                       0                 0              0                0                0                    1        147    94        147      0         0                  0                 0                151            0      546       50      0                  3                   0                     0                   0           0
             0                 0          0       0          0             0     157232.660           6    40                       0                 0              0                0                0                    1        147    94        147      0         0                  0                 0                151            0      546       50      0                  3                   0                     0                   0           0
             0                 0          0       0          0             0     160848.860           6    41                       0                 0              0                0                0                    1        147    94        147      0         0                  0                 0                151            0      546       50      0                  3                   0                     0                   0           0
             0                 0          0       0          0             0     164465.060           6    42                       0                 0              0                0                0                    1        147    94        147      0         0                  0                 0                151            0      546       50      0                  3                   0                     0                   0           0
             0                 0          0       0          0             0     168081.260           6    43                       0                 0              0                0                0                    1        147    94        147      0         0                  0                 0                151            0      546       50      0                  3                   0                     0                   0           0
             0                 0          0       0          0             0     171697.460           6    44                       0                 0              0                0                0                    1        147    94        147      0         0                  0                 0                151            0      546       50      0                  3                   0                     0                   0           0
             0                 0          0       0          0             0     175313.660           6    45                       0                 0              0                0                0                    1        147    94        147      0         0                  0                 0                151            0      546       50      0                  3                   0                     0                   0           0
             0                 0          0       0          0             0     178929.860           6    46                       0                 0              0                0                0                    1        147    94        147      0         0                  0                 0                151            0      546       50      0                  3                   0                     0                   0           0
             0                 0          0       0          0             0     182546.060           6    47                       0                 0              0                0                0                    1        147    94        147      0         0                  0                 0                151            0      546       50      0                  3                   0                     0                   0           0
             0                 0          0       0          0             0     186162.260           6    48                       0                 0              0                0                0                    1        147    94        147      0         0                  0                 0                151            0      546       50      0                  3                   0                     0                   0           0
             0                 0          0       0          0             0     189778.460           6    49                       0                 0              0                0                0                    1        147    94        147      0         0                  0                 0                151            0      546       50      0                  3                   0                     0                   0           0
             0                 0          0       0          0             0     193394.660           6    50                       0                 0              0                0                0                    1        147    94        147      0         0                  0                 0                151            0      546       50      0                  3                   0                     0                   0           0
             0                 0          0       0          0             0     197010.860           6    51                       0                 0              0                0                0                    1        147    94        147      0         0                  0                 0                151            0      546       50      0                  3                   0                     0                   0           0
             0                 0          0       0          0             0     200627.060           6    52                       0                 0              0                0                0                    1        147    94        147      0         0                  0                 0                151            0      546       50      0                  3                   0                     0                   0           0
             0                 0          0       0          0             0     204243.260           6    53                       0                 0              0                0                0                    1        147    94        147      0         0                  0                 0                151            0      546       50      0                  3                   0                     0                   0           0
             0                 0          0       0          0             0     207859.460           6    54                       0                 0              0                0                0                    1        147    94        147      0         0                  0                 0                151            0      546       50      0                  3                   0                     0                   0           0
             0                 0          0       0          0             0     211475.660           6    55                       0                 0              0                0                0                    1        147    94        147      0         0                  0                 0                151            0      546       50      0                  3                   0                     0                   0           0
             0                 0          0       0          0             0     215091.860           6    56                       0                 0              0                0                0                    1        147    94        147      0         0                  0                 0                151            0      546       50      0                  3                   0                     0                   0           0
             0                 0          0       0          0             0     218708.060           6    57                       0                 0              0                0                0                    1        147    94        147      0         0                  0                 0                151            0      546       50      0                  3                   0                     0                   0           0
             0                 0          0       0          0             0     222324.260           6    58                       0                 0              0                0                0                    1        147    94        147      0         0                  0                 0                151            0      546       50      0                  3                   0                     0                   0           0
            49                 8         55   1.250     23.000      1096.167     234398.700           8    59                       0                 0              0                0                0                    2        174   171        174     12         0                  1                 0                151            0      546       50      0                  4                   0                     0                   0          41
             0                23         23   2.435     97.826       883.671     246112.980          12    60                       0                 0              0                0                6                    5        200   220        200     21        10                  1                 2                149           48      546       50      0                  6                   0                     0                   0          18
             0                16          5   3.438    194.438       373.750     252810.340           4    61                       0                 0              0                0                0                    1        160   183        160     10        14                  0                10                158           45      546       50      0                  2                   2                     0                   0           2
             0                 2          0   5.500    287.500        62.500     256808.380           4    62                       0                 0              0                0                0                    1        153   176        153      3         4                  0                 3                140           38      546       50      0                  2                   0                     0                   0           0
             0                 0          0       0          0             0     260572.180           4    63                       0                 0              0                0                0                    1        149   169        149      0         2                  0                 0                136            7      546       50      0                  2                   0                     0                   0           0
             0                 0          0       0          0             0     264237.580           4    64                       0                 0              0                0                0                    1        149   169        149      0         0                  0                 0                143           17      546       50      0                  2                   0                     0                   0           0
             0                 0          0       0          0             0     267902.980           4    65                       0                 0              0                0                0                    1        149   169        149      0         0                  0                 0                143            0      546       50      0                  2                   0                     0                   0           0
             0                 0          0       0          0             0     271568.380           4    66                       0                 0              0                0                0                    1        149   169        149      0         0                  0                 0                143            0      546       50      0                  2                   0                     0                   0           0
             0                 0          0       0          0             0     275233.780           4    67                       0                 0              0                0                0                    1        149   169        149      0         0                  0                 0                143            0      546       50      0                  2                   0                     0                   0           0
             0                 0          0       0          0             0     278899.180           4    68                       0                 0              0                0                0                    1        149   169        149      0         0                  0                 0                143            0      546       50      0                  2                   0                     0                   0           0
             0                 0          0       0          0             0     282564.580           4    69                       0                 0              0                0                0                    1        149   169        149      0         0                  0                 0                143            0      546       50      0                  2                   0                     0                   0           0
             0                 0          0       0          0             0     286229.980           4    70                       0                 0              0                0                0                    1        149   169        149      0         0                  0                 0                143            0      546       50      0                  2                   0                     0                   0           0
             0                 0          0       0          0             0     289895.380           4    71                       0                 0              0                0                0                    1        149   169        149      0         0                  0                 0                143            0      546       50      0                  2                   0                     0                   0           0
             0                 0          0       0          0             0     293560.780           4    72                       0                 0              0                0                0                    1        149   169        149      0         0                  0                 0                143            0      546       50      0                  2                   0                     0                   0           0
             0                 0          0       0          0             0     297226.180           4    73                       0                 0              0                0                0                    1        149   169        149      0         0                  0                 0                143            0      546       50      0                  2                   0                     0                   0           0
             0                 0          0       0          0             0     300891.580           4    74                       0                 0              0                0                0                    1        149   169        149      0         0                  0                 0                143            0      546       50      0                  2                   0                     0                   0           0
             0                 0          0       0          0             0     304556.980           4    75                       0                 0              0                0                0                    1        149   169        149      0         0                  0                 0                143            0      546       50      0                  2                   0                     0                   0           0
             0                 0          0       0          0             0     308222.380           4    76                       0                 0              0                0                0                    1        149   169        149      0         0                  0                 0                143            0      546       50      0                  2                   0                     0                   0           0
             0                 0          0       0          0             0     311887.780           4    77                       0                 0              0                0                0                    1        149   169        149      0         0                  0                 0                143            0      546       50      0                  2                   0                     0                   0           0
             0                 0          0       0          0             0     315553.180           4    78                       0                 0              0                0                0                    1        149   169        149      0         0                  0                 0                143            0      546       50      0                  2                   0                     0                   0           0
             0                 0          0       0          0             0     319218.580           4    79                       0                 0              0                0                0                    1        149   169        149      0         0                  0                 0                143            0      546       50      0                  2                   0                     0                   0           0
             0                 0          0       0          0             0     322883.980           4    80                       0                 0              0                0                0                    1        149   169        149      0         0                  0                 0                143            0      546       50      0                  2                   0                     0                   0           0
             0                 0          0       0          0             0     326549.380           4    81                       0                 0              0                0                0                    1        149   169        149      0         0                  0                 0                143            0      546       50      0                  2                   0                     0                   0           0
             0                 0          0       0          0             0     330214.780           4    82                       0                 0              0                0                0                    1        149   169        149      0         0                  0                 0                143            0      546       50      0                  2                   0                     0                   0           0
             0                 0          0       0          0             0     333880.180           4    83                       0                 0              0                0                0                    1        149   169        149      0         0                  0                 0                143            0      546       50      0                  2                   0                     0                   0           0
             0                 0          0       0          0             0     337545.580           4    84                       0                 0              0                0                0                    1        149   169        149      0         0                  0                 0                143            0      546       50      0                  2                   0                     0                   0           0
             0                 0          0       0          0             0     341210.980           4    85                       0                 0              0                0                0                    1        149   169        149      0         0                  0                 0                143            0      546       50      0                  2                   0                     0                   0           0
             0                 0          0       0          0             0     344876.380           4    86                       0                 0              0                0                0                    1        149   169        149      0         0                  0                 0                143            0      546       50      0                  2                   0                     0                   0           0
             0                 0          0       0          0             0     348541.780           4    87                       0                 0              0                0                0                    1        149   169        149      0         0                  0                 0                143            0      546       50      0                  2                   0                     0                   0           0
             0                 0          0       0          0             0     352207.180           4    88                       0                 0              0                0                0                    1        149   169        149      0         0                  0                 0                143            0      546       50      0                  2                   0                     0                   0           0
             0                 0          0       0          0             0     355872.580           4    89                       0                 0              0                0                0                    1        149   169        149      0         0                  0                 0                143            0      546       50      0                  2                   0                     0                   0           0
             0                 0          0       0          0             0     359537.980           4    90                       0                 0              0                0                0                    1        149   169        149      0         0                  0                 0                143            0      546       50      0                  2                   0                     0                   0           0
             0                 0          0       0          0             0     363203.380           4    91                       0                 0              0                0                0                    1        149   169        149      0         0                  0                 0                143            0      546       50      0                  2                   0                     0                   0           0
             0                 0          0       0          0             0     366868.780           4    92                       0                 0              0                0                0                    1        149   169        149      0         0                  0                 0                143            0      546       50      0                  2                   0                     0                   0           0
             0                 0          0       0          0             0     370534.180           4    93                       0                 0              0                0                0                    1        149   169        149      0         0                  0                 0                143            0      546       50      0                  2                   0                     0                   0           0
             0                 0          0       0          0             0     374199.580           4    94                       0                 0              0                0                0                    1        149   169        149      0         0                  0                 0                143            0      546       50      0                  2                   0                     0                   0           0
             0                 0          0       0          0             0     377864.980           4    95                       0                 0              0                0                0                    1        149   169        149      0         0                  0                 0                143            0      546       50      0                  2                   0                     0                   0           0
             0                 0          0       0          0             0     381530.380           4    96                       0                 0              0                0                0                    1        149   169        149      0         0                  0                 0                143            0      546       50      0                  2                   0                     0                   0           0
             0                 0          0       0          0             0     385195.780           4    97                       0                 0              0                0                0                    1        149   169        149      0         0                  0                 0                143            0      546       50      0                  2                   0                     0                   0           0
             0                 0          0       0          0             0     388861.180           4    98                       0                 0              0                0                0                    1        149   169        149      0         0                  0                 0                143            0      546       50      0                  2                   0                     0                   0           0
             0                 0          0       0          0             0     392526.580           4    99                       0                 0              0                0                0                    1        149   169        149      0         0                  0                 0                143            0      546       50      0                  2                   0                     0                   0           0
#pos runNum=0 0@(1.00000,1.00000)@0 1@(0.80809,1.27367)@804 2@(1.02255,1.18945)@551 3@(1.07077,1.03291)@597 4@(0.97950,1.18688)@651 5@(1.05061,1.20482)@1358 6@(0.98979,1.30220)@853 7@(0.94945,1.16334)@605 8@(0.84643,1.11849)@1176 9@(0.96014,1.37478)@1418 10@(0.85328,1.30551)@1362 11@(0.86621,1.21486)@1176 12@(0.94404,1.34806)@1214 13@(0.70154,1.15674)@665 14@(0.84905,1.38213)@1290 15@(1.00288,0.91295)@538 16@(1.07747,1.06854)@1109 17@(1.28767,1.16702)@877 18@(0.80149,1.27833)@804 19@(0.91386,1.21887)@1237 20@(1.11913,1.10664)@1109 21@(1.18320,0.94038)@1237 22@(1.01400,0.97354)@1309 23@(0.69420,1.36502)@1367 24@(0.98231,1.02113)@544 25@(0.73748,1.02078)@1245 26@(1.00956,0.92095)@1096 27@(0.86575,0.90626)@1355 28@(1.23840,1.01037)@614 29@(0.89853,1.26117)@1372 30@(0.86041,1.23099)@1173 31@(0.97782,1.31975)@1557 32@(1.20090,0.69983)@1450 33@(1.12475,0.94232)@1730 34@(0.76785,1.30985)@1369 35@(0.79392,1.49047)@2357 36@(0.78955,1.27729)@1367 37@(0.82144,1.40449)@1255 38@(1.07190,1.19958)@1282 39@(1.18745,0.82507)@1734 40@(0.64697,1.25589)@1535 41@(0.85154,1.42271)@2043 42@(0.70648,1.18684)@1706 43@(0.95495,1.31831)@1404 44@(1.22672,1.00231)@1813 45@(0.94600,1.54954)@1458 46@(0.94865,1.14081)@1160 47@(0.93211,1.46372)@1801 48@(1.07253,1.49293)@2510 49@(1.23415,1.29439)@2059
#links runNum=0 6-33@-92dBm@0.699 1-10@-79dBm@1.000 12-43@-80dBm@0.993 19-29@-74dBm@1.000 2-8@-90dBm@0.827 7-22@-92dBm@0.706 36-46@-94dBm@0.416 4-11@-83dBm@0.978 20-46@-96dBm@0.171 18-36@-93dBm@0.617 21-49@-96dBm@0.176 2-43@-93dBm@0.651 4-13@-95dBm@0.300 14-36@-97dBm@0.047 13-24@-91dBm@0.728 22-30@-92dBm@0.691 14-23@-87dBm@0.949 20-34@-96dBm@0.174 6-19@-84dBm@0.973 5-27@-97dBm@0.051 29-38@-88dBm@0.927 0-6@-92dBm@0.697 9-47@-95dBm@0.305 29-34@-97dBm@0.010 3-25@-96dBm@0.143 2-27@-92dBm@0.668 30-42@-94dBm@0.467 6-43@-87dBm@0.938 5-45@-92dBm@0.697 30-34@-88dBm@0.934 8-29@-88dBm@0.918 21-33@-86dBm@0.955 17-38@-87dBm@0.940 10-12@-84dBm@0.968 37-45@-92dBm@0.670 3-17@-88dBm@0.907 28-31@-97dBm@0.052 5-9@-88dBm@0.921 10-43@-87dBm@0.940 7-12@-93dBm@0.559 33-48@-96dBm@0.095 22-43@-94dBm@0.402 18-29@-96dBm@0.183 3-44@-96dBm@0.120 7-23@-95dBm@0.199 7-48@-97dBm@0.011 19-39@-94dBm@0.464 4-12@-88dBm@0.926 19-30@-83dBm@0.979 6-45@-93dBm@0.642 1-6@-90dBm@0.849 11-38@-91dBm@0.789 13-23@-94dBm@0.477 12-37@-83dBm@0.974 10-23@-90dBm@0.819 33-40@-97dBm@0.021 5-40@-96dBm@0.077 17-28@-94dBm@0.382 48-49@-93dBm@0.645 16-17@-92dBm@0.695 4-18@-92dBm@0.707 16-33@-85dBm@0.961 8-43@-89dBm@0.881 18-25@-91dBm@0.803 1-29@-88dBm@0.937 11-12@-96dBm@0.163 14-19@-85dBm@0.961 37-47@-97dBm@0.003 2-20@-83dBm@0.977 11-34@-93dBm@0.527 22-25@-94dBm@0.402 13-20@-95dBm@0.202 3-13@-96dBm@0.187 4-40@-95dBm@0.223 10-20@-93dBm@0.561 24-43@-92dBm@0.674 30-43@-84dBm@0.971 3-20@-81dBm@0.987 20-22@-93dBm@0.620 1-40@-91dBm@0.736 7-25@-90dBm@0.861 20-21@-88dBm@0.935 2-37@-91dBm@0.758 35-41@-84dBm@0.970 7-11@-83dBm@0.974 3-16@-76dBm@1.000 11-19@-91dBm@0.765 21-30@-94dBm@0.336 10-24@-92dBm@0.667 13-35@-94dBm@0.361 3-32@-92dBm@0.674 26-29@-92dBm@0.702 5-38@-78dBm@1.000 26-28@-89dBm@0.865 0-24@-83dBm@0.978 6-10@-86dBm@0.958 15-27@-92dBm@0.668 5-49@-89dBm@0.870 35-42@-92dBm@0.698 9-29@-93dBm@0.597 14-18@-88dBm@0.923 9-12@-91dBm@0.786 7-37@-89dBm@0.882 17-47@-94dBm@0.370 14-39@-97dBm@0.042 37-42@-92dBm@0.677 9-23@-95dBm@0.248 30-45@-91dBm@0.781 45-47@-92dBm@0.670 7-45@-92dBm@0.662 19-40@-93dBm@0.651 42-44@-96dBm@0.152 1-9@-90dBm@0.864 5-37@-93dBm@0.560 0-15@-83dBm@0.979 31-43@-91dBm@0.796 28-44@-71dBm@1.000 0-18@-93dBm@0.639 19-34@-90dBm@0.851 5-29@-88dBm@0.936 34-46@-89dBm@0.885 2-19@-94dBm@0.402 22-28@-96dBm@0.175 13-42@-78dBm@1.000 18-40@-95dBm@0.273 0-22@-95dBm@0.212 16-21@-91dBm@0.804 7-46@-79dBm@1.000 41-48@-91dBm@0.751 16-25@-95dBm@0.223 26-46@-89dBm@0.866 6-15@-93dBm@0.643 0-7@-89dBm@0.882 1-15@-93dBm@0.585 14-33@-96dBm@0.157 7-8@-83dBm@0.976 15-34@-95dBm@0.211 29-40@-91dBm@0.803 3-7@-93dBm@0.601 16-44@-91dBm@0.756 8-11@-90dBm@0.864 37-43@-95dBm@0.246 1-4@-92dBm@0.678 10-31@-83dBm@0.979 4-8@-92dBm@0.697 6-12@-94dBm@0.353 1-2@-89dBm@0.867 10-18@-93dBm@0.542 17-44@-91dBm@0.752 1-23@-83dBm@0.974 11-37@-86dBm@0.952 0-28@-89dBm@0.867 10-45@-95dBm@0.223 8-42@-88dBm@0.933 2-7@-85dBm@0.963 1-5@-88dBm@0.918 1-48@-94dBm@0.334 26-32@-93dBm@0.649 0-3@-89dBm@0.868 22-44@-87dBm@0.942 19-37@-97dBm@0.018 7-26@-96dBm@0.088 5-7@-89dBm@0.870 16-28@-87dBm@0.949 6-48@-94dBm@0.346 40-46@-92dBm@0.671 2-11@-89dBm@0.882 38-45@-94dBm@0.478 41-47@-89dBm@0.891 10-47@-94dBm@0.453 10-25@-94dBm@0.382 9-45@-88dBm@0.934 9-40@-96dBm@0.174 11-30@-91dBm@0.757 10-14@-80dBm@0.993 8-24@-88dBm@0.934 16-39@-90dBm@0.860 3-26@-95dBm@0.235 33-46@-92dBm@0.671 6-31@-92dBm@0.703 7-16@-92dBm@0.678 6-17@-95dBm@0.311 3-6@-92dBm@0.679 41-45@-92dBm@0.664 10-37@-87dBm@0.947 28-39@-86dBm@0.955 2-3@-86dBm@0.952 34-40@-88dBm@0.922 11-26@-92dBm@0.700 14-42@-95dBm@0.222 4-5@-85dBm@0.963 7-43@-95dBm@0.302 30-37@-96dBm@0.118 28-32@-90dBm@0.861 14-29@-84dBm@0.974 8-38@-93dBm@0.551 0-17@-93dBm@0.523 38-46@-85dBm@0.961 3-21@-89dBm@0.867 9-33@-96dBm@0.137 5-28@-90dBm@0.862 4-16@-88dBm@0.937 10-38@-90dBm@0.862 5-6@-85dBm@0.960 12-16@-95dBm@0.200 4-49@-95dBm@0.315 26-36@-97dBm@0.030 20-38@-81dBm@0.985 30-38@-87dBm@0.946 1-36@-79dBm@0.998 11-14@-87dBm@0.940 16-46@-97dBm@0.019 4-38@-94dBm@0.338 23-30@-88dBm@0.906 29-35@-93dBm@0.660 19-31@-93dBm@0.657 24-25@-91dBm@0.730 20-39@-90dBm@0.862 7-29@-86dBm@0.955 15-16@-92dBm@0.693 14-31@-92dBm@0.698 14-34@-90dBm@0.861 0-13@-92dBm@0.705 22-33@-89dBm@0.870 30-46@-86dBm@0.958 4-29@-88dBm@0.937 19-24@-95dBm@0.219 47-48@-83dBm@0.974 3-10@-91dBm@0.749 19-48@-93dBm@0.583 47-49@-92dBm@0.712 0-44@-95dBm@0.195 15-21@-95dBm@0.264 4-24@-92dBm@0.666 25-42@-95dBm@0.232 3-46@-88dBm@0.914 31-46@-92dBm@0.702 14-15@-96dBm@0.159 8-19@-93dBm@0.650 13-30@-88dBm@0.937 9-34@-91dBm@0.751 29-43@-82dBm@0.983 35-43@-93dBm@0.649 36-37@-94dBm@0.427 1-3@-92dBm@0.678 2-38@-91dBm@0.731 13-34@-92dBm@0.706 15-20@-90dBm@0.806 14-35@-90dBm@0.861 18-47@-92dBm@0.676 26-41@-95dBm@0.200 7-30@-82dBm@0.985 12-31@-92dBm@0.704 7-31@-84dBm@0.968 28-29@-94dBm@0.321 13-40@-93dBm@0.537 14-37@-74dBm@1.000 34-36@-72dBm@1.000 0-2@-86dBm@0.958 15-26@-86dBm@0.956 13-46@-88dBm@0.912 20-41@-94dBm@0.493 18-43@-91dBm@0.727 23-35@-88dBm@0.930 0-4@-91dBm@0.760 34-38@-93dBm@0.526 6-42@-92dBm@0.664 37-41@-94dBm@0.501 9-25@-97dBm@0.051 27-33@-97dBm@0.074 38-41@-93dBm@0.641 9-41@-89dBm@0.866 0-1@-93dBm@0.657 5-19@-84dBm@0.970 34-42@-84dBm@0.969 24-44@-96dBm@0.117 21-26@-90dBm@0.805 1-7@-96dBm@0.145 8-46@-88dBm@0.932 35-49@-97dBm@0.015 3-15@-91dBm@0.738 11-49@-94dBm@0.355 2-13@-91dBm@0.724 9-11@-96dBm@0.191 2-4@-86dBm@0.951 5-23@-92dBm@0.673 17-24@-92dBm@0.674 14-22@-93dBm@0.592 7-20@-90dBm@0.838 20-33@-87dBm@0.940 11-40@-89dBm@0.867 1-18@-67dBm@1.000 23-43@-91dBm@0.723 30-40@-88dBm@0.910 12-47@-91dBm@0.719 12-38@-87dBm@0.939 2-6@-96dBm@0.086 3-19@-89dBm@0.867 4-6@-96dBm@0.091 6-9@-82dBm@0.983 2-5@-74dBm@1.000 14-47@-95dBm@0.286 18-20@-95dBm@0.274 22-41@-96dBm@0.147 29-31@-96dBm@0.084 9-31@-91dBm@0.777 8-13@-93dBm@0.647 9-43@-88dBm@0.904 11-47@-89dBm@0.884 10-49@-92dBm@0.699 38-40@-93dBm@0.555 3-30@-96dBm@0.186 11-29@-90dBm@0.832 16-24@-95dBm@0.213 4-35@-94dBm@0.388 30-33@-94dBm@0.424 18-34@-90dBm@0.864 3-27@-95dBm@0.309 17-20@-95dBm@0.220 13-14@-89dBm@0.876 4-48@-95dBm@0.305 22-27@-87dBm@0.944
#aveChargePerCycle runNum=0 0@491.84 1@226.60 2@419.45 3@345.73 4@261.57 5@64.28 6@241.36 7@332.11 8@50.65 9@47.18 10@44.33 11@139.32 12@48.48 13@187.76 14@27.75 15@122.04 16@100.81 17@53.52 18@117.54 19@2.59 20@129.08 21@1.30 22@2.59 23@20.48 24@140.63 25@5.97 26@25.65 27@1.30 28@100.81 29@1.30 30@55.36 31@1.94 32@1.94 33@1.94 34@2.59 35@3.24 36@1.94 37@50.65 38@1.94 39@1.30 40@1.30 41@1.94 42@1.30 43@1.30 44@1.30 45@1.94 46@29.83 47@1.30 48@7.13 49@1.30