## dioPeriod = 1.0
## burstTimestamp = 20
## minRssi = -97
## numMotes = 50
## otfHousekeepingPeriod = 1.0
## sixtopNoRemoveWorstCell = 0
## simDataDir = simData
## numChans = 16
## slotframeLength = 101
## squareSide = 2.0
## cpuID = 27
## sixtopPdrThreshold = 1.5
## pkPeriod = None
## sixtopHousekeepingPeriod = 1.0
## sixtopNoHousekeeping = 0
## algorithm = otf
## pkPeriodVar = 0.05
## numCyclesPerRun = 100
## startTime = 1502276471.23
## slotDuration = 0.01
## numRuns = 1
## combinationKeys = ['algorithm', 'numMotes', 'otfThreshold']
## numPacketsBurst = 5
## otfThreshold = 1
## noInterference = 0
## gui = False


# appGenerated appReachesDagroot appRelayed aveHops aveLatency aveQueueDelay chargeConsumed collidedTxs cycle droppedAppFailedEnqueue droppedMacRetries droppedNoRoute droppedNoTxCells droppedQueueFull effectiveCollidedTxs numRxCells numTx numTxCells otfAdd otfRemove probableCollisions rplChurnParentSet rplChurnPrefParent rplChurnRank rplRxDIO rplTxDIO runNum scheduleCollisions topRxRelocatedCells topTxRelocatedBundles topTxRelocatedCells txQueueFill
             0                 0          0       0          0             0              0           0     0                       0                 0              0                0                0                    0          0     0          0      0         0                  0                 0                  0            0        0        0      0                  0                   0                     0                   0           0
             0                 0          0       0          0             0       1402.200           6     1                       0                 0              0                0                0                    1        114     0        114    114         0                  0               149                 75           10      508       50      0                  3                   0                     0                   0           0
             0                 0          0       0          0             0       4526.400          12     2                       0                 0              0                0                0                    2        127     0        127     13         0                  0                 0                108            0      508       50      0                  6                   0                     0                   0           0
             0                 0          0       0          0             0       7650.600          12     3                       0                 0              0                0                0                    2        127     0        127      0         0                  0                 0                108            0      508       50      0                  6                   0                     0                   0           0
             0                 0          0       0          0             0      10774.800          12     4                       0                 0              0                0                0                    2        127     0        127      0         0                  0                 0                108            0      508       50      0                  6                   0                     0                   0           0
             0                 0          0       0          0             0      13899.000          12     5                       0                 0              0                0                0                    2        127     0        127      0         0                  0                 0                108            0      508       50      0                  6                   0                     0                   0           0
             0                 0          0       0          0             0      17023.200          12     6                       0                 0              0                0                0                    2        127     0        127      0         0                  0                 0                108            0      508       50      0                  6                   0                     0                   0           0
             0                 0          0       0          0             0      20147.400          12     7                       0                 0              0                0                0                    2        127     0        127      0         0                  0                 0                108            0      508       50      0                  6                   0                     0                   0           0
             0                 0          0       0          0             0      23271.600          12     8                       0                 0              0                0                0                    2        127     0        127      0         0                  0                 0                108            0      508       50      0                  6                   0                     0                   0           0
             0                 0          0       0          0             0      26395.800          12     9                       0                 0              0                0                0                    2        127     0        127      0         0                  0                 0                108            0      508       50      0                  6                   0                     0                   0           0
             0                 0          0       0          0             0      29520.000          12    10                       0                 0              0                0                0                    2        127     0        127      0         0                  0                 0                108            0      508       50      0                  6                   0                     0                   0           0
             0                 0          0       0          0             0      32644.200          12    11                       0                 0              0                0                0                    2        127     0        127      0         0                  0                 0                108            0      508       50      0                  6                   0                     0                   0           0
             0                 0          0       0          0             0      35768.400          12    12                       0                 0              0                0                0                    2        127     0        127      0         0                  0                 0                108            0      508       50      0                  6                   0                     0                   0           0
             0                 0          0       0          0             0      38892.600          12    13                       0                 0              0                0                0                    2        127     0        127      0         0                  0                 0                108            0      508       50      0                  6                   0                     0                   0           0
             0                 0          0       0          0             0      42016.800          12    14                       0                 0              0                0                0                    2        127     0        127      0         0                  0                 0                108            0      508       50      0                  6                   0                     0                   0           0
             0                 0          0       0          0             0      45141.000          12    15                       0                 0              0                0                0                    2        127     0        127      0         0                  0                 0                108            0      508       50      0                  6                   0                     0                   0           0
             0                 0          0       0          0             0      48265.200          12    16                       0                 0              0                0                0                    2        127     0        127      0         0                  0                 0                108            0      508       50      0                  6                   0                     0                   0           0
             0                 0          0       0          0             0      51389.400          12    17                       0                 0              0                0                0                    2        127     0        127      0         0                  0                 0                108            0      508       50      0                  6                   0                     0                   0           0
             0                 0          0       0          0             0      54513.600          12    18                       0                 0              0                0                0                    2        127     0        127      0         0                  0                 0                108            0      508       50      0                  6                   0                     0                   0           0
            49                 2         16   1.000     12.000       169.000      60159.480          12    19                       0                 0              0                0                0                    2        134    24        134      3         0                  0                 0                108            0      508       50      0                  6                   0                     0                   0          47
             0                29         40   1.862     83.655      1736.333      72784.740          32    20                       0                 0              0                0                0                   10        228   101        228     38         2                  1                 2                109           16      508       50      0                 16                   0                     0                   0          18
             0                18         11   3.333    150.500       794.767      81362.840          12    21                       0                 0              0                0                0                    4        164   107        164      5        30                  0                 5                109           48      508       50      0                  6                   1                     0                   0           0
             0                 0          0       0          0             0      85151.240           8    22                       0                 0              0                0                0                    2        147    96        147      3         7                  0                 6                110           37      508       50      0                  4                   0                     0                   0           0
             0                 0          0       0          0             0      88669.040           8    23                       0                 0              0                0                0                    2        142    92        142      2         2                  0                 3                111           26      508       50      0                  4                   0                     0                   0           0
             0                 0          0       0          0             0      92162.240           8    24                       0                 0              0                0                0                    2        140    89        140      1         1                  0                 2                111           11      508       50      0                  4                   0                     0                   0           0
             0                 0          0       0          0             0      95581.640           8    25                       0                 0              0                0                0                    2        141    89        141      1         0                  0                 2                111            5      508       50      0                  4                   0                     0                   0           0
             0                 0          0       0          0             0      99025.640           8    26                       0                 0              0                0                0                    2        139    89        139      0         0                  0                 1                111            0      508       50      0                  4                   0                     0                   0           0
             0                 0          0       0          0             0     102445.040           8    27                       0                 0              0                0                0                    2        139    89        139      0         0                  0                 0                111            0      508       50      0                  4                   0                     0                   0           0
             0                 0          0       0          0             0     105864.440           8    28                       0                 0              0                0                0                    2        139    89        139      0         0                  0                 0                111            0      508       50      0                  4                   0                     0                   0           0
             0                 0          0       0          0             0     109283.840           8    29                       0                 0              0                0                0                    2        139    89        139      0         0                  0                 0                111            0      508       50      0                  4                   0                     0                   0           0
             0                 0          0       0          0             0     112703.240           8    30                       0                 0              0                0                0                    2        139    89        139      0         0                  0                 0                111            0      508       50      0                  4                   0                     0                   0           0
             0                 0          0       0          0             0     116122.640           8    31                       0                 0              0                0                0                    2        139    89        139      0         0                  0                 0                111            0      508       50      0                  4                   0                     0                   0           0
             0                 0          0       0          0             0     119542.040           8    32                       0                 0              0                0                0                    2        139    89        139      0         0                  0                 0                111            0      508       50      0                  4                   0                     0                   0           0
             0                 0          0       0          0             0     122961.440           8    33                       0                 0              0                0                0                    2        139    89        139      0         0                  0                 0                111            0      508       50      0                  4                   0                     0                   0           0
             0                 0          0       0          0             0     126380.840           8    34                       0                 0              0                0                0                    2        139    89        139      0         0                  0                 0                111            0      508       50      0                  4                   0                     0                   0           0
             0                 0          0       0          0             0     129800.240           8    35                       0                 0              0                0                0                    2        139    89        139      0         0                  0                 0                111            0      508       50      0                  4                   0                     0                   0           0
             0                 0          0       0          0             0     133219.640           8    36                       0                 0              0                0                0                    2        139    89        139      0         0                  0                 0                111            0      508       50      0                  4                   0                     0                   0           0
             0                 0          0       0          0             0     136639.040           8    37                       0                 0              0                0                0                    2        139    89        139      0         0                  0                 0                111            0      508       50      0                  4                   0                     0                   0           0
             0                 0          0       0          0             0     140058.440           8    38                       0                 0              0                0                0                    2        139    89        139      0         0                  0                 0                111            0      508       50      0                  4                   0                     0                   0           0
             0                 0          0       0          0             0     143477.840           8    39                       0                 0              0                0                0                    2        139    89        139      0         0                  0                 0                111            0      508       50      0                  4                   0                     0                   0           0
             0                 0          0       0          0             0     146897.240           8    40                       0                 0              0                0                0                    2        139    89        139      0         0                  0                 0                111            0      508       50      0                  4                   0                     0                   0           0
             0                 0          0       0          0             0     150316.640           8    41                       0                 0              0                0                0                    2        139    89        139      0         0                  0                 0                111            0      508       50      0                  4                   0                     0                   0           0
             0                 0          0       0          0             0     153736.040           8    42                       0                 0              0                0                0                    2        139    89        139      0         0                  0                 0                111            0      508       50      0                  4                   0                     0                   0           0
             0                 0          0       0          0             0     157155.440           8    43                       0                 0              0                0                0                    2        139    89        139      0         0                  0                 0                111            0      508       50      0                  4                   0                     0                   0           0
             0                 0          0       0          0             0     160574.840           8    44                       0                 0              0                0                0                    2        139    89        139      0         0                  0                 0                111            0      508       50      0                  4                   0                     0                   0           0
             0                 0          0       0          0             0     163994.240           8    45                       0                 0              0                0                0                    2        139    89        139      0         0                  0                 0                111            0      508       50      0                  4                   0                     0                   0           0
             0                 0          0       0          0             0     167413.640           8    46                       0                 0              0                0                0                    2        139    89        139      0         0                  0                 0                111            0      508       50      0                  4                   0                     0                   0           0
             0                 0          0       0          0             0     170833.040           8    47                       0                 0              0                0                0                    2        139    89        139      0         0                  0                 0                111            0      508       50      0                  4                   0                     0                   0           0
             0                 0          0       0          0             0     174252.440           8    48                       0                 0              0                0                0                    2        139    89        139      0         0                  0                 0                111            0      508       50      0                  4                   0                     0                   0           0
             0                 0          0       0          0             0     177671.840           8    49                       0                 0              0                0                0                    2        139    89        139      0         0                  0                 0                111            0      508       50      0                  4                   0                     0                   0           0
             0                 0          0       0          0             0     181091.240           8    50                       0                 0              0                0                0                    2        139    89        139      0         0                  0                 0                111            0      508       50      0                  4                   0                     0                   0           0
             0                 0          0       0          0             0     184510.640           8    51                       0                 0              0                0                0                    2        139    89        139      0         0                  0                 0                111            0      508       50      0                  4                   0                     0                   0           0
             0                 0          0       0          0             0     187930.040           8    52                       0                 0              0                0                0                    2        139    89        139      0         0                  0                 0                111            0      508       50      0                  4                   0                     0                   0           0
             0                 0          0       0          0             0     191349.440           8    53                       0                 0              0                0                0                    2        139    89        139      0         0                  0                 0                111            0      508       50      0                  4                   0                     0                   0           0
             0                 0          0       0          0             0     194768.840           8    54                       0                 0              0                0                0                    2        139    89        139      0         0                  0                 0                111            0      508       50      0                  4                   0                     0                   0           0
             0                 0          0       0          0             0     198188.240           8    55                       0                 0              0                0                0                    2        139    89        139      0         0                  0                 0                111            0      508       50      0                  4                   0                     0                   0           0
             0                 0          0       0          0             0     201607.640           8    56                       0                 0              0                0                0                    2        139    89        139      0         0                  0                 0                111            0      508       50      0                  4                   0                     0                   0           0
             0                 0          0       0          0             0     205027.040           8    57                       0                 0              0                0                0                    2        139    89        139      0         0                  0                 0                111            0      508       50      0                  4                   0                     0                   0           0
             0                 0          0       0          0             0     208446.440           8    58                       0                 0              0                0                0                    2        139    89        139      0         0                  0                 0                111            0      508       50      0                  4                   0                     0                   0           0
            49                10         36   1.100     25.600      1050.000     217990.980          14    59                       0                 0              0                0                0                    3        160   146        160     10         0                  0                 0                111            0      508       50      0                  7                   0                     0                   0          39
             0                25         27   2.320    113.200      1580.667     229090.260          16    60                       0                 0              0                0                0                    2        175   199        175     15         9                  1                 2                110           40      508       50      0                  8                   0                     0                   0          14
             0                13          2   3.308    190.077       686.500     235116.140          14    61                       0                 0              0                0                0                    2        147   196        147      3        12                  0                 6                111           43      508       50      0                  7                   0                     0                   0           1
             0                 1          0   2.000    281.000       236.000     238800.260          14    62                       0                 0              0                0                0                    2        145   197        145      0         0                  0                 1                111           28      508       50      0                  7                   0                     0                   0           0
             0                 0          0       0          0             0     242342.660          14    63                       0                 0              0                0                0                    2        143   193        143      0         1                  0                 0                111            1      508       50      0                  7                   0                     0                   0           0
             0                 0          0       0          0             0     245811.260          12    64                       0                 0              0                0                0                    2        141   189        141      0         1                  0                 0                111            1      508       50      0                  6                   0                     0                   0           0
             0                 0          0       0          0             0     249279.860          12    65                       0                 0              0                0                0                    2        141   189        141      0         0                  0                 0                110            5      508       50      0                  6                   0                     0                   0           0
             0                 0          0       0          0             0     252748.460          12    66                       0                 0              0                0                0                    2        141   189        141      0         0                  0                 0                110            0      508       50      0                  6                   0                     0                   0           0
             0                 0          0       0          0             0     256217.060          12    67                       0                 0              0                0                0                    2        141   189        141      0         0                  0                 0                110            0      508       50      0                  6                   0                     0                   0           0
             0                 0          0       0          0             0     259685.660          12    68                       0                 0              0                0                0                    2        141   189        141      0         0                  0                 0                110            0      508       50      0                  6                   0                     0                   0           0
             0                 0          0       0          0             0     263154.260          12    69                       0                 0              0                0                0                    2        141   189        141      0         0                  0                 0                110            0      508       50      0                  6                   0                     0                   0           0
             0                 0          0       0          0             0     266622.860          12    70                       0                 0              0                0                0                    2        141   189        141      0         0                  0                 0                110            0      508       50      0                  6                   0                     0                   0           0
             0                 0          0       0          0             0     270091.460          12    71                       0                 0              0                0                0                    2        141   189        141      0         0                  0                 0                110            0      508       50      0                  6                   0                     0                   0           0
             0                 0          0       0          0             0     273560.060          12    72                       0                 0              0                0                0                    2        141   189        141      0         0                  0                 0                110            0      508       50      0                  6                   0                     0                   0           0
             0                 0          0       0          0             0     277028.660          12    73                       0                 0              0                0                0                    2        141   189        141      0         0                  0                 0                110            0      508       50      0                  6                   0                     0                   0           0
             0                 0          0       0          0             0     280497.260          12    74                       0                 0              0                0                0                    2        141   189        141      0         0                  0                 0                110            0      508       50      0                  6                   0                     0                   0           0
             0                 0          0       0          0             0     283965.860          12    75                       0                 0              0                0                0                    2        141   189        141      0         0                  0                 0                110            0      508       50      0                  6                   0                     0                   0           0
             0                 0          0       0          0             0     287434.460          12    76                       0                 0              0                0                0                    2        141   189        141      0         0                  0                 0                110            0      508       50      0                  6                   0                     0                   0           0
             0                 0          0       0          0             0     290903.060          12    77                       0                 0              0                0                0                    2        141   189        141      0         0                  0                 0                110            0      508       50      0                  6                   0                     0                   0           0
             0                 0          0       0          0             0     294371.660          12    78                       0                 0              0                0                0                    2        141   189        141      0         0                  0                 0                110            0      508       50      0                  6                   0                     0                   0           0
             0                 0          0       0          0             0     297840.260          12    79                       0                 0              0                0                0                    2        141   189        141      0         0                  0                 0                110            0      508       50      0                  6                   0                     0                   0           0
             0                 0          0       0          0             0     301308.860          12    80                       0                 0              0                0                0                    2        141   189        141      0         0                  0                 0                110            0      508       50      0                  6                   0                     0                   0           0
             0                 0          0       0          0             0     304777.460          12    81                       0                 0              0                0                0                    2        141   189        141      0         0                  0                 0                110            0      508       50      0                  6                   0                     0                   0           0
             0                 0          0       0          0             0     308246.060          12    82                       0                 0              0                0                0                    2        141   189        141      0         0                  0                 0                110            0      508       50      0                  6                   0                     0                   0           0
             0                 0          0       0          0             0     311714.660          12    83                       0                 0              0                0                0                    2        141   189        141      0         0                  0                 0                110            0      508       50      0                  6                   0                     0                   0           0
             0                 0          0       0          0             0     315183.260          12    84                       0                 0              0                0                0                    2        141   189        141      0         0                  0                 0                110            0      508       50      0                  6                   0                     0                   0           0
             0                 0          0       0          0             0     318651.860          12    85                       0                 0              0                0                0                    2        141   189        141      0         0                  0                 0                110            0      508       50      0                  6                   0                     0                   0           0
             0                 0          0       0          0             0     322120.460          12    86                       0                 0              0                0                0                    2        141   189        141      0         0                  0                 0                110            0      508       50      0                  6                   0                     0                   0           0
             0                 0          0       0          0             0     325589.060          12    87                       0                 0              0                0                0                    2        141   189        141      0         0                  0                 0                110            0      508       50      0                  6                   0                     0                   0           0
             0                 0          0       0          0             0     329057.660          12    88                       0                 0              0                0                0                    2        141   189        141      0         0                  0                 0                110            0      508       50      0                  6                   0                     0                   0           0
             0                 0          0       0          0             0     332526.260          12    89                       0                 0              0                0                0                    2        141   189        141      0         0                  0                 0                110            0      508       50      0                  6                   0                     0                   0           0
             0                 0          0       0          0             0     335994.860          12    90                       0                 0              0                0                0                    2        141   189        141      0         0                  0                 0                110            0      508       50      0                  6                   0                     0                   0           0
             0                 0          0       0          0             0     339463.460          12    91                       0                 0              0                0                0                    2        141   189        141      0         0                  0                 0                110            0      508       50      0                  6                   0                     0                   0           0
             0                 0          0       0          0             0     342932.060          12    92                       0                 0              0                0                0                    2        141   189        141      0         0                  0                 0                110            0      508       50      0                  6                   0                     0                   0           0
             0                 0          0       0          0             0     346400.660          12    93                       0                 0              0                0                0                    2        141   189        141      0         0                  0                 0                110            0      508       50      0                  6                   0                     0                   0           0
             0                 0          0       0          0             0     349869.260          12    94                       0                 0              0                0                0                    2        141   189        141      0         0                  0                 0                110            0      508       50      0                  6                   0                     0                   0           0
             0                 0          0       0          0             0     353337.860          12    95                       0                 0              0                0                0                    2        141   189        141      0         0                  0                 0                110            0      508       50      0                  6                   0                     0                   0           0
             0                 0          0       0          0             0     356806.460          12    96                       0                 0              0                0                0                    2        141   189        141      0         0                  0                 0                110            0      508       50      0                  6                   0                     0                   0           0
             0                 0          0       0          0             0     360275.060          12    97                       0                 0              0                0                0                    2        141   189        141      0         0                  0                 0                110            0      508       50      0                  6                   0                     0                   0           0
             0                 0          0       0          0             0     363743.660          12    98                       0                 0              0                0                0                    2        141   189        141      0         0                  0                 0                110            0      508       50      0                  6                   0                     0                   0           0
             0                 0          0       0          0             0     367212.260          12    99                       0                 0              0                0                0                    2        141   189        141      0         0                  0                 0                110            0      508       50      0                  6                   0                     0                   0           0
#pos runNum=0 0@(1.00000,1.00000)@0 1@(0.85899,1.06592)@576 2@(0.81597,0.98670)@597 3@(0.83356,0.99237)@938 4@(0.80681,0.85892)@1216 5@(1.03766,0.79384)@597 6@(0.86273,1.05706)@1088 7@(0.80411,0.99238)@1109 8@(0.94611,1.02305)@1134 9@(0.83723,0.87282)@1728 10@(1.02677,1.10809)@1301 11@(0.82920,0.99766)@1216 12@(0.94482,1.28506)@682 13@(0.66552,1.11403)@1307 14@(0.68151,0.89943)@1474 15@(0.83387,1.24209)@1130 16@(1.05669,1.18854)@1770 17@(1.10479,1.12857)@1450 18@(0.79680,1.26007)@704 19@(1.19010,0.93440)@630 20@(0.78430,1.27261)@682 21@(0.96789,1.23925)@1702 22@(0.87087,0.82521)@546 23@(1.14846,1.11123)@1642 24@(0.66787,1.04653)@1216 25@(0.64648,1.02749)@1155 26@(0.66018,0.84518)@1160 27@(0.56376,0.83203)@1401 28@(0.99006,1.05074)@546 29@(0.85640,1.04287)@551 30@(1.10800,1.12763)@1109 31@(0.68505,0.97123)@1216 32@(0.84957,1.15966)@1134 33@(1.03643,0.75064)@1109 34@(0.75366,0.99498)@1450 35@(0.97764,1.20989)@554 36@(1.26790,1.00391)@665 37@(0.94437,1.11027)@1728 38@(1.00318,0.76428)@2205 39@(1.17408,1.29386)@1600 40@(0.79112,1.01768)@1160 41@(0.84713,0.74432)@1109 42@(0.67937,0.98802)@2353 43@(1.24726,1.20286)@1926 44@(1.11214,1.05887)@1697 45@(1.00236,1.23861)@2005 46@(0.97177,0.99984)@731 47@(1.19527,1.27667)@1578 48@(0.93309,1.21160)@1386 49@(0.70225,0.87077)@796
#links runNum=0 19-46@-92dBm@0.698 10-40@-90dBm@0.822 17-41@-96dBm@0.174 4-11@-85dBm@0.961 20-40@-97dBm@0.073 1-20@-93dBm@0.524 0-18@-91dBm@0.764 16-18@-95dBm@0.278 24-49@-88dBm@0.935 26-40@-91dBm@0.785 1-13@-91dBm@0.764 1-6@-76dBm@1.000 30-47@-88dBm@0.922 10-25@-94dBm@0.359 25-26@-95dBm@0.195 1-11@-90dBm@0.847 12-45@-93dBm@0.659 35-42@-96dBm@0.160 5-14@-92dBm@0.684 29-38@-93dBm@0.569 0-6@-95dBm@0.278 10-48@-93dBm@0.661 7-40@-94dBm@0.356 9-11@-97dBm@0.011 29-34@-87dBm@0.938 18-41@-96dBm@0.124 0-36@-92dBm@0.714 8-22@-90dBm@0.827 17-21@-94dBm@0.452 20-28@-95dBm@0.291 7-9@-83dBm@0.974 36-47@-96dBm@0.143 8-29@-93dBm@0.647 23-37@-90dBm@0.834 17-30@-65dBm@1.000 23-47@-87dBm@0.941 14-40@-96dBm@0.158 6-7@-92dBm@0.682 41-42@-93dBm@0.545 37-48@-81dBm@0.985 16-27@-96dBm@0.128 7-23@-95dBm@0.242 17-35@-84dBm@0.968 4-30@-95dBm@0.246 6-29@-85dBm@0.959 3-34@-79dBm@1.000 2-46@-87dBm@0.943 2-25@-88dBm@0.920 6-22@-97dBm@0.022 24-28@-95dBm@0.205 1-29@-81dBm@0.986 9-48@-92dBm@0.662 24-40@-84dBm@0.970 3-11@-68dBm@1.000 3-26@-92dBm@0.683 0-20@-91dBm@0.737 7-48@-94dBm@0.476 18-46@-92dBm@0.670 3-13@-93dBm@0.527 0-22@-87dBm@0.942 7-32@-95dBm@0.217 37-43@-91dBm@0.724 31-41@-93dBm@0.654 3-20@-95dBm@0.254 22-33@-92dBm@0.690 6-13@-88dBm@0.909 40-47@-94dBm@0.454 4-32@-95dBm@0.292 0-29@-86dBm@0.958 8-15@-88dBm@0.909 5-31@-94dBm@0.343 30-48@-93dBm@0.618 13-15@-97dBm@0.013 0-43@-97dBm@0.020 30-32@-90dBm@0.862 1-28@-96dBm@0.151 15-24@-92dBm@0.714 23-38@-95dBm@0.221 10-43@-90dBm@0.828 6-10@-85dBm@0.960 22-46@-97dBm@0.051 1-31@-89dBm@0.879 8-12@-89dBm@0.867 5-17@-93dBm@0.641 24-25@-85dBm@0.961 20-25@-93dBm@0.647 28-46@-93dBm@0.641 19-36@-92dBm@0.675 28-32@-92dBm@0.716 26-49@-83dBm@0.976 7-31@-91dBm@0.764 10-15@-88dBm@0.925 17-34@-92dBm@0.662 26-34@-85dBm@0.961 14-26@-96dBm@0.110 16-32@-90dBm@0.862 7-27@-95dBm@0.224 7-41@-93dBm@0.657 4-34@-92dBm@0.674 24-31@-87dBm@0.945 7-13@-94dBm@0.325 3-22@-94dBm@0.364 6-8@-85dBm@0.961 5-30@-95dBm@0.231 14-25@-85dBm@0.966 20-29@-94dBm@0.440 36-39@-91dBm@0.742 2-29@-85dBm@0.960 31-33@-97dBm@0.047 6-44@-94dBm@0.382 36-46@-90dBm@0.864 5-13@-95dBm@0.318 20-48@-91dBm@0.740 4-9@-74dBm@1.000 23-30@-82dBm@0.981 17-28@-90dBm@0.865 38-40@-94dBm@0.396 22-26@-95dBm@0.292 1-15@-86dBm@0.958 15-39@-96dBm@0.186 18-37@-93dBm@0.579 7-8@-90dBm@0.839 8-32@-88dBm@0.923 3-7@-70dBm@1.000 1-4@-90dBm@0.854 24-42@-86dBm@0.953 0-19@-89dBm@0.874 6-12@-90dBm@0.861 1-2@-89dBm@0.865 8-14@-93dBm@0.653 13-26@-90dBm@0.863 3-19@-94dBm@0.339 10-11@-93dBm@0.615 1-24@-90dBm@0.863 34-40@-89dBm@0.870 10-30@-91dBm@0.743 0-28@-88dBm@0.935 0-46@-91dBm@0.729 2-7@-65dBm@1.000 24-37@-91dBm@0.804 22-31@-95dBm@0.256 13-38@-94dBm@0.370 35-47@-93dBm@0.586 0-3@-93dBm@0.589 26-42@-84dBm@0.973 11-32@-88dBm@0.909 5-7@-93dBm@0.647 8-10@-89dBm@0.894 23-28@-87dBm@0.946 2-11@-95dBm@0.199 35-49@-96dBm@0.103 16-35@-88dBm@0.907 11-22@-91dBm@0.770 15-19@-94dBm@0.510 3-29@-85dBm@0.966 11-45@-96dBm@0.105 4-22@-94dBm@0.512 2-27@-92dBm@0.676 5-33@-76dBm@1.000 10-37@-95dBm@0.259 2-22@-86dBm@0.953 11-14@-93dBm@0.646 16-39@-87dBm@0.941 9-12@-96dBm@0.177 39-48@-93dBm@0.619 2-10@-91dBm@0.744 18-20@-86dBm@0.958 10-16@-79dBm@1.000 2-3@-82dBm@0.985 23-48@-92dBm@0.698 17-48@-93dBm@0.525 16-47@-91dBm@0.774 28-30@-86dBm@0.957 10-17@-86dBm@0.951 8-33@-95dBm@0.268 21-29@-97dBm@0.067 6-30@-93dBm@0.546 6-27@-95dBm@0.223 24-29@-88dBm@0.924 9-41@-90dBm@0.862 12-24@-96dBm@0.122 12-21@-76dBm@1.000 18-45@-92dBm@0.688 5-38@-96dBm@0.161 21-35@-80dBm@0.995 3-35@-96dBm@0.121 21-44@-90dBm@0.842 6-31@-94dBm@0.321 30-46@-97dBm@0.014 21-30@-88dBm@0.934 5-6@-92dBm@0.693 10-29@-92dBm@0.684 2-28@-89dBm@0.865 28-41@-97dBm@0.028 9-49@-91dBm@0.774 1-8@-80dBm@0.991 43-46@-96dBm@0.179 14-49@-92dBm@0.664 12-19@-93dBm@0.649 11-33@-95dBm@0.262 22-27@-92dBm@0.711 9-42@-90dBm@0.816 33-34@-95dBm@0.220 15-21@-88dBm@0.937 28-33@-90dBm@0.862 14-31@-85dBm@0.960 16-23@-91dBm@0.721 7-26@-89dBm@0.870 25-34@-84dBm@0.968 2-40@-87dBm@0.949 21-43@-90dBm@0.854 3-4@-88dBm@0.935 9-44@-90dBm@0.804 13-49@-94dBm@0.520 4-26@-84dBm@0.969 10-21@-95dBm@0.202 1-14@-96dBm@0.118 2-26@-87dBm@0.940 9-28@-91dBm@0.792 35-44@-89dBm@0.889 1-3@-90dBm@0.841 12-35@-95dBm@0.210 4-31@-91dBm@0.728 0-5@-89dBm@0.869 25-27@-88dBm@0.936 21-32@-86dBm@0.957 14-38@-92dBm@0.702 7-30@-94dBm@0.387 15-18@-83dBm@0.974 2-17@-95dBm@0.305 27-42@-88dBm@0.903 32-46@-91dBm@0.745 3-5@-92dBm@0.689 6-49@-93dBm@0.565 25-42@-85dBm@0.959 17-39@-92dBm@0.676 31-42@-85dBm@0.962 42-45@-96dBm@0.152 28-36@-92dBm@0.715 0-2@-89dBm@0.890 26-37@-92dBm@0.692 3-23@-91dBm@0.754 15-45@-86dBm@0.958 20-47@-96dBm@0.116 8-46@-95dBm@0.228 0-35@-87dBm@0.939 13-34@-92dBm@0.711 9-25@-93dBm@0.538 31-49@-84dBm@0.974 32-39@-96dBm@0.179 0-1@-89dBm@0.866 9-24@-90dBm@0.834 5-19@-93dBm@0.658 30-36@-94dBm@0.339 24-44@-94dBm@0.426 24-48@-94dBm@0.357 21-45@-96dBm@0.181 6-11@-88dBm@0.933 1-23@-95dBm@0.309 5-9@-89dBm@0.876 16-28@-92dBm@0.675 10-23@-82dBm@0.982 17-46@-86dBm@0.951 22-49@-92dBm@0.687 6-15@-96dBm@0.122 0-49@-92dBm@0.674 39-46@-94dBm@0.504 12-15@-85dBm@0.965 10-39@-89dBm@0.867 7-11@-79dBm@1.000 31-34@-77dBm@1.000 17-44@-94dBm@0.451 11-40@-73dBm@1.000 1-18@-96dBm@0.115 10-47@-93dBm@0.541 14-27@-95dBm@0.207 32-48@-90dBm@0.825 10-45@-91dBm@0.758 8-44@-87dBm@0.943 16-37@-88dBm@0.936 5-41@-94dBm@0.381 23-44@-97dBm@0.047 4-6@-87dBm@0.945 37-45@-90dBm@0.862 6-9@-92dBm@0.677 2-5@-92dBm@0.682 12-18@-90dBm@0.830 23-43@-91dBm@0.735 22-41@-80dBm@0.992 18-29@-92dBm@0.710 32-47@-97dBm@0.064 8-25@-97dBm@0.003 9-17@-96dBm@0.186 1-39@-93dBm@0.608 6-16@-93dBm@0.562 13-30@-93dBm@0.562 15-17@-90dBm@0.861 28-44@-94dBm@0.431 23-33@-92dBm@0.686 33-38@-75dBm@1.000 29-37@-90dBm@0.861 9-35@-93dBm@0.585 10-31@-96dBm@0.167 8-21@-87dBm@0.944 2-4@-85dBm@0.962 39-43@-90dBm@0.851 1-32@-85dBm@0.960 16-30@-95dBm@0.196 15-16@-90dBm@0.863 34-48@-96dBm@0.081 23-35@-97dBm@0.072 0-12@-91dBm@0.739 6-32@-87dBm@0.945
#aveChargePerCycle runNum=0 0@541.29 1@313.24 2@238.51 3@180.13 4@26.58 5@234.20 6@169.55 7@87.19 8@103.03 9@26.58 10@137.54 11@25.40 12@106.33 13@29.69 14@27.59 15@77.38 16@1.30 17@1.30 18@53.58 19@99.90 20@72.03 21@25.40 22@189.57 23@1.30 24@50.68 25@76.21 26@1.79 27@1.30 28@227.00 29@189.21 30@28.39 31@1.30 32@22.55 33@27.47 34@1.30 35@102.91 36@56.08 37@27.87 38@1.30 39@3.89 40@1.30 41@1.94 42@1.30 43@1.94 44@1.30 45@1.30 46@20.73 47@1.94 48@1.30 49@51.75