## dioPeriod = 1.0
## burstTimestamp = 20
## minRssi = -97
## numMotes = 50
## otfHousekeepingPeriod = 1.0
## sixtopNoRemoveWorstCell = 0
## simDataDir = simData
## numChans = 16
## slotframeLength = 101
## squareSide = 2.0
## cpuID = 82
## sixtopPdrThreshold = 1.5
## pkPeriod = None
## sixtopHousekeepingPeriod = 1.0
## sixtopNoHousekeeping = 0
## algorithm = otf
## pkPeriodVar = 0.05
## numCyclesPerRun = 100
## startTime = 1502276471.28
## slotDuration = 0.01
## numRuns = 1
## combinationKeys = ['algorithm', 'numMotes', 'otfThreshold']
## numPacketsBurst = 5
## otfThreshold = 1
## noInterference = 0
## gui = False


# appGenerated appReachesDagroot appRelayed aveHops aveLatency aveQueueDelay chargeConsumed collidedTxs cycle droppedAppFailedEnqueue droppedMacRetries droppedNoRoute droppedNoTxCells droppedQueueFull effectiveCollidedTxs numRxCells numTx numTxCells otfAdd otfRemove probableCollisions rplChurnParentSet rplChurnPrefParent rplChurnRank rplRxDIO rplTxDIO runNum scheduleCollisions topRxRelocatedCells topTxRelocatedBundles topTxRelocatedCells txQueueFill
             0                 0          0       0          0             0              0           0     0                       0                 0              0                0                0                    0          0     0          0      0         0                  0                 0                  0            0        0        0      0                  0                   0                     0                   0           0
             0                 0          0       0          0             0       1722.000           8     1                       0                 0              0                0                0                    1        130     0        130    130         0                  0               145                105            2      505       50      0                  4                   0                     0                   0           0
             0                 0          0       0          0             0       4944.600           8     2                       0                 0              0                0                0                    1        131     0        131      1         0                  0                 0                161            0      505       50      0                  4                   0                     0                   0           0
             0                 0          0       0          0             0       8167.200           8     3                       0                 0              0                0                0                    1        131     0        131      0         0                  0                 0                161            0      505       50      0                  4                   0                     0                   0           0
             0                 0          0       0          0             0      11389.800           8     4                       0                 0              0                0                0                    1        131     0        131      0         0                  0                 0                161            0      505       50      0                  4                   0                     0                   0           0
             0                 0          0       0          0             0      14612.400           8     5                       0                 0              0                0                0                    1        131     0        131      0         0                  0                 0                161            0      505       50      0                  4                   0                     0                   0           0
             0                 0          0       0          0             0      17835.000           8     6                       0                 0              0                0                0                    1        131     0        131      0         0                  0                 0                161            0      505       50      0                  4                   0                     0                   0           0
             0                 0          0       0          0             0      21057.600           8     7                       0                 0              0                0                0                    1        131     0        131      0         0                  0                 0                161            0      505       50      0                  4                   0                     0                   0           0
             0                 0          0       0          0             0      24280.200           8     8                       0                 0              0                0                0                    1        131     0        131      0         0                  0                 0                161            0      505       50      0                  4                   0                     0                   0           0
             0                 0          0       0          0             0      27502.800           8     9                       0                 0              0                0                0                    1        131     0        131      0         0                  0                 0                161            0      505       50      0                  4                   0                     0                   0           0
             0                 0          0       0          0             0      30725.400           8    10                       0                 0              0                0                0                    1        131     0        131      0         0                  0                 0                161            0      505       50      0                  4                   0                     0                   0           0
             0                 0          0       0          0             0      33948.000           8    11                       0                 0              0                0                0                    1        131     0        131      0         0                  0                 0                161            0      505       50      0                  4                   0                     0                   0           0
             0                 0          0       0          0             0      37170.600           8    12                       0                 0              0                0                0                    1        131     0        131      0         0                  0                 0                161            0      505       50      0                  4                   0                     0                   0           0
             0                 0          0       0          0             0      40393.200           8    13                       0                 0              0                0                0                    1        131     0        131      0         0                  0                 0                161            0      505       50      0                  4                   0                     0                   0           0
             0                 0          0       0          0             0      43615.800           8    14                       0                 0              0                0                0                    1        131     0        131      0         0                  0                 0                161            0      505       50      0                  4                   0                     0                   0           0
             0                 0          0       0          0             0      46838.400           8    15                       0                 0              0                0                0                    1        131     0        131      0         0                  0                 0                161            0      505       50      0                  4                   0                     0                   0           0
             0                 0          0       0          0             0      50061.000           8    16                       0                 0              0                0                0                    1        131     0        131      0         0                  0                 0                161            0      505       50      0                  4                   0                     0                   0           0
             0                 0          0       0          0             0      53283.600           8    17                       0                 0              0                0                0                    1        131     0        131      0         0                  0                 0                161            0      505       50      0                  4                   0                     0                   0           0
             0                 0          0       0          0             0      56506.200           8    18                       0                 0              0                0                0                    1        131     0        131      0         0                  0                 0                161            0      505       50      0                  4                   0                     0                   0           0
            49                 0         17       0          0       164.000      62133.360          10    19                       0                 0              0                0                0                    2        141    23        141      5         0                  1                 0                161            0      505       50      0                  5                   0                     0                   0          49
             0                25         47   1.840     77.680      1883.950      75852.280          16    20                       0                 0              0                0                0                    3        224   106        224     31         2                  1                 1                156           17      505       50      0                  8                   1                     0                   0          24
             0                24          8   3.125    150.417       640.460      84942.620           8    21                       0                 0              0                0                0                    0        172   115        172      7        26                  0                 4                172           45      505       50      0                  4                   0                     0                   0           0
             0                 0          0       0          0             0      88706.420           6    22                       0                 0              0                0                0                    0        151    99        151      4         8                  0                 5                166           45      505       50      0                  3                   0                     0                   0           0
             0                 0          0       0          0             0      92298.020           6    23                       0                 0              0                0                0                    0        146    94        146      1         2                  0                 2                164           30      505       50      0                  3                   0                     0                   0           0
             0                 0          0       0          0             0      95840.420           6    24                       0                 0              0                0                0                    0        144    91        144      0         1                  0                 0                159            5      505       50      0                  3                   0                     0                   0           0
             0                 0          0       0          0             0      99382.820           6    25                       0                 0              0                0                0                    0        144    91        144      0         0                  0                 0                153            7      505       50      0                  3                   0                     0                   0           0
             0                 0          0       0          0             0     102925.220           6    26                       0                 0              0                0                0                    0        144    91        144      0         0                  0                 0                152            0      505       50      0                  3                   0                     0                   0           0
             0                 0          0       0          0             0     106467.620           6    27                       0                 0              0                0                0                    0        144    91        144      0         0                  0                 0                152            0      505       50      0                  3                   0                     0                   0           0
             0                 0          0       0          0             0     110010.020           6    28                       0                 0              0                0                0                    0        144    91        144      0         0                  0                 0                152            0      505       50      0                  3                   0                     0                   0           0
             0                 0          0       0          0             0     113552.420           6    29                       0                 0              0                0                0                    0        144    91        144      0         0                  0                 0                152            0      505       50      0                  3                   0                     0                   0           0
             0                 0          0       0          0             0     117094.820           6    30                       0                 0              0                0                0                    0        144    91        144      0         0                  0                 0                152            0      505       50      0                  3                   0                     0                   0           0
             0                 0          0       0          0             0     120637.220           6    31                       0                 0              0                0                0                    0        144    91        144      0         0                  0                 0                152            0      505       50      0                  3                   0                     0                   0           0
             0                 0          0       0          0             0     124179.620           6    32                       0                 0              0                0                0                    0        144    91        144      0         0                  0                 0                152            0      505       50      0                  3                   0                     0                   0           0
             0                 0          0       0          0             0     127722.020           6    33                       0                 0              0                0                0                    0        144    91        144      0         0                  0                 0                152            0      505       50      0                  3                   0                     0                   0           0
             0                 0          0       0          0             0     131264.420           6    34                       0                 0              0                0                0                    0        144    91        144      0         0                  0                 0                152            0      505       50      0                  3                   0                     0                   0           0
             0                 0          0       0          0             0     134806.820           6    35                       0                 0              0                0                0                    0        144    91        144      0         0                  0                 0                152            0      505       50      0                  3                   0                     0                   0           0
             0                 0          0       0          0             0     138349.220           6    36                       0                 0              0                0                0                    0        144    91        144      0         0                  0                 0                152            0      505       50      0                  3                   0                     0                   0           0
             0                 0          0       0          0             0     141891.620           6    37                       0                 0              0                0                0                    0        144    91        144      0         0                  0                 0                152            0      505       50      0                  3                   0                     0                   0           0
             0                 0          0       0          0             0     145434.020           6    38                       0                 0              0                0                0                    0        144    91        144      0         0                  0                 0                152            0      505       50      0                  3                   0                     0                   0           0
             0                 0          0       0          0             0     148976.420           6    39                       0                 0              0                0                0                    0        144    91        144      0         0                  0                 0                152            0      505       50      0                  3                   0                     0                   0           0
             0                 0          0       0          0             0     152518.820           6    40                       0                 0              0                0                0                    0        144    91        144      0         0                  0                 0                152            0      505       50      0                  3                   0                     0                   0           0
             0                 0          0       0          0             0     156061.220           6    41                       0                 0              0                0                0                    0        144    91        144      0         0                  0                 0                152            0      505       50      0                  3                   0                     0                   0           0
             0                 0          0       0          0             0     159603.620           6    42                       0                 0              0                0                0                    0        144    91        144      0         0                  0                 0                152            0      505       50      0                  3                   0                     0                   0           0
             0                 0          0       0          0             0     163146.020           6    43                       0                 0              0                0                0                    0        144    91        144      0         0                  0                 0                152            0      505       50      0                  3                   0                     0                   0           0
             0                 0          0       0          0             0     166688.420           6    44                       0                 0              0                0                0                    0        144    91        144      0         0                  0                 0                152            0      505       50      0                  3                   0                     0                   0           0
             0                 0          0       0          0             0     170230.820           6    45                       0                 0              0                0                0                    0        144    91        144      0         0                  0                 0                152            0      505       50      0                  3                   0                     0                   0           0
             0                 0          0       0          0             0     173773.220           6    46                       0                 0              0                0                0                    0        144    91        144      0         0                  0                 0                152            0      505       50      0                  3                   0                     0                   0           0
             0                 0          0       0          0             0     177315.620           6    47                       0                 0              0                0                0                    0        144    91        144      0         0                  0                 0                152            0      505       50      0                  3                   0                     0                   0           0
             0                 0          0       0          0             0     180858.020           6    48                       0                 0              0                0                0                    0        144    91        144      0         0                  0                 0                152            0      505       50      0                  3                   0                     0                   0           0
             0                 0          0       0          0             0     184400.420           6    49                       0                 0              0                0                0                    0        144    91        144      0         0                  0                 0                152            0      505       50      0                  3                   0                     0                   0           0
             0                 0          0       0          0             0     187942.820           6    50                       0                 0              0                0                0                    0        144    91        144      0         0                  0                 0                152            0      505       50      0                  3                   0                     0                   0           0
             0                 0          0       0          0             0     191485.220           6    51                       0                 0              0                0                0                    0        144    91        144      0         0                  0                 0                152            0      505       50      0                  3                   0                     0                   0           0
             0                 0          0       0          0             0     195027.620           6    52                       0                 0              0                0                0                    0        144    91        144      0         0                  0                 0                152            0      505       50      0                  3                   0                     0                   0           0
             0                 0          0       0          0             0     198570.020           6    53                       0                 0              0                0                0                    0        144    91        144      0         0                  0                 0                152            0      505       50      0                  3                   0                     0                   0           0
             0                 0          0       0          0             0     202112.420           6    54                       0                 0              0                0                0                    0        144    91        144      0         0                  0                 0                152            0      505       50      0                  3                   0                     0                   0           0
             0                 0          0       0          0             0     205654.820           6    55                       0                 0              0                0                0                    0        144    91        144      0         0                  0                 0                152            0      505       50      0                  3                   0                     0                   0           0
             0                 0          0       0          0             0     209197.220           6    56                       0                 0              0                0                0                    0        144    91        144      0         0                  0                 0                152            0      505       50      0                  3                   0                     0                   0           0
             0                 0          0       0          0             0     212739.620           6    57                       0                 0              0                0                0                    0        144    91        144      0         0                  0                 0                152            0      505       50      0                  3                   0                     0                   0           0
             0                 0          0       0          0             0     216282.020           6    58                       0                 0              0                0                0                    0        144    91        144      0         0                  0                 0                152            0      505       50      0                  3                   0                     0                   0           0
            49                 8         43   1.375     35.125       926.167     226519.540           8    59                       0                 0              0                0                0                    1        156   152        156      6         0                  0                 0                152            0      505       50      0                  4                   0                     0                   0          41
             0                27         30   2.407    119.444      1285.817     239248.560          14    60                       0                 0              0                0                0                    1        198   221        198     19         4                  0                 4                160           43      505       50      0                  7                   1                     0                   0          14
             0                12          3   3.167    204.250       378.167     245585.260           8    61                       0                 0              0                0                0                    0        154   194        154      3        17                  0                 5                152           48      505       50      0                  4                   0                     0                   0           2
             0                 2          0   5.500    268.500       136.000     249509.500          10    62                       0                 0              0                0                0                    2        153   187        153      4         1                  0                 7                155           43      505       50      0                  5                   0                     0                   0           0
             0                 0          0       0          0             0     253150.300          10    63                       0                 0              0                0                0                    2        147   179        147      0         3                  0                 0                159            5      505       50      0                  5                   0                     0                   0           0
             0                 0          0       0          0             0     256618.900          10    64                       0                 0              0                0                0                    2        143   172        143      1         1                  0                 3                160           17      505       50      0                  5                   0                     0                   0           0
             0                 0          0       0          0             0     260136.700          10    65                       0                 0              0                0                0                    2        143   172        143      0         0                  0                 0                161            2      505       50      0                  5                   0                     0                   0           0
             0                 0          0       0          0             0     263654.500          10    66                       0                 0              0                0                0                    2        143   172        143      0         0                  0                 0                161            0      505       50      0                  5                   0                     0                   0           0
             0                 0          0       0          0             0     267172.300          10    67                       0                 0              0                0                0                    2        143   172        143      0         0                  0                 0                161            0      505       50      0                  5                   0                     0                   0           0
             0                 0          0       0          0             0     270690.100          10    68                       0                 0              0                0                0                    2        143   172        143      0         0                  0                 0                161            0      505       50      0                  5                   0                     0                   0           0
             0                 0          0       0          0             0     274207.900          10    69                       0                 0              0                0                0                    2        143   172        143      0         0                  0                 0                161            0      505       50      0                  5                   0                     0                   0           0
             0                 0          0       0          0             0     277725.700          10    70                       0                 0              0                0                0                    2        143   172        143      0         0                  0                 0                161            0      505       50      0                  5                   0                     0                   0           0
             0                 0          0       0          0             0     281243.500          10    71                       0                 0              0                0                0                    2        143   172        143      0         0                  0                 0                161            0      505       50      0                  5                   0                     0                   0           0
             0                 0          0       0          0             0     284761.300          10    72                       0                 0              0                0                0                    2        143   172        143      0         0                  0                 0                161            0      505       50      0                  5                   0                     0                   0           0
             0                 0          0       0          0             0     288279.100          10    73                       0                 0              0                0                0                    2        143   172        143      0         0                  0                 0                161            0      505       50      0                  5                   0                     0                   0           0
             0                 0          0       0          0             0     291796.900          10    74                       0                 0              0                0                0                    2        143   172        143      0         0                  0                 0                161            0      505       50      0                  5                   0                     0                   0           0
             0                 0          0       0          0             0     295314.700          10    75                       0                 0              0                0                0                    2        143   172        143      0         0                  0                 0                161            0      505       50      0                  5                   0                     0                   0           0
             0                 0          0       0          0             0     298832.500          10    76                       0                 0              0                0                0                    2        143   172        143      0         0                  0                 0                161            0      505       50      0                  5                   0                     0                   0           0
             0                 0          0       0          0             0     302350.300          10    77                       0                 0              0                0                0                    2        143   172        143      0         0                  0                 0                161            0      505       50      0                  5                   0                     0                   0           0
             0                 0          0       0          0             0     305868.100          10    78                       0                 0              0                0                0                    2        143   172        143      0         0                  0                 0                161            0      505       50      0                  5                   0                     0                   0           0
             0                 0          0       0          0             0     309385.900          10    79                       0                 0              0                0                0                    2        143   172        143      0         0                  0                 0                161            0      505       50      0                  5                   0                     0                   0           0
             0                 0          0       0          0             0     312903.700          10    80                       0                 0              0                0                0                    2        143   172        143      0         0                  0                 0                161            0      505       50      0                  5                   0                     0                   0           0
             0                 0          0       0          0             0     316421.500          10    81                       0                 0              0                0                0                    2        143   172        143      0         0                  0                 0                161            0      505       50      0                  5                   0                     0                   0           0
             0                 0          0       0          0             0     319939.300          10    82                       0                 0              0                0                0                    2        143   172        143      0         0                  0                 0                161            0      505       50      0                  5                   0                     0                   0           0
             0                 0          0       0          0             0     323457.100          10    83                       0                 0              0                0                0                    2        143   172        143      0         0                  0                 0                161            0      505       50      0                  5                   0                     0                   0           0
             0                 0          0       0          0             0     326974.900          10    84                       0                 0              0                0                0                    2        143   172        143      0         0                  0                 0                161            0      505       50      0                  5                   0                     0                   0           0
             0                 0          0       0          0             0     330492.700          10    85                       0                 0              0                0                0                    2        143   172        143      0         0                  0                 0                161            0      505       50      0                  5                   0                     0                   0           0
             0                 0          0       0          0             0     334010.500          10    86                       0                 0              0                0                0                    2        143   172        143      0         0                  0                 0                161            0      505       50      0                  5                   0                     0                   0           0
             0                 0          0       0          0             0     337528.300          10    87                       0                 0              0                0                0                    2        143   172        143      0         0                  0                 0                161            0      505       50      0                  5                   0                     0                   0           0
             0                 0          0       0          0             0     341046.100          10    88                       0                 0              0                0                0                    2        143   172        143      0         0                  0                 0                161            0      505       50      0                  5                   0                     0                   0           0
             0                 0          0       0          0             0     344563.900          10    89                       0                 0              0                0                0                    2        143   172        143      0         0                  0                 0                161            0      505       50      0                  5                   0                     0                   0           0
             0                 0          0       0          0             0     348081.700          10    90                       0                 0              0                0                0                    2        143   172        143      0         0                  0                 0                161            0      505       50      0                  5                   0                     0                   0           0
             0                 0          0       0          0             0     351599.500          10    91                       0                 0              0                0                0                    2        143   172        143      0         0                  0                 0                161            0      505       50      0                  5                   0                     0                   0           0
             0                 0          0       0          0             0     355117.300          10    92                       0                 0              0                0                0                    2        143   172        143      0         0                  0                 0                161            0      505       50      0                  5                   0                     0                   0           0
             0                 0          0       0          0             0     358635.100          10    93                       0                 0              0                0                0                    2        143   172        143      0         0                  0                 0                161            0      505       50      0                  5                   0                     0                   0           0
             0                 0          0       0          0             0     362152.900          10    94                       0                 0              0                0                0                    2        143   172        143      0         0                  0                 0                161            0      505       50      0                  5                   0                     0                   0           0
             0                 0          0       0          0             0     365670.700          10    95                       0                 0              0                0                0                    2        143   172        143      0         0                  0                 0                161            0      505       50      0                  5                   0                     0                   0           0
             0                 0          0       0          0             0     369188.500          10    96                       0                 0              0                0                0                    2        143   172        143      0         0                  0                 0                161            0      505       50      0                  5                   0                     0                   0           0
             0                 0          0       0          0             0     372706.300          10    97                       0                 0              0                0                0                    2        143   172        143      0         0                  0                 0                161            0      505       50      0                  5                   0                     0                   0           0
             0                 0          0       0          0             0     376224.100          10    98                       0                 0              0                0                0                    2        143   172        143      0         0                  0                 0                161            0      505       50      0                  5                   0                     0                   0           0
             0                 0          0       0          0             0     379741.900          10    99                       0                 0              0                0                0                    2        143   172        143      0         0                  0                 0                161            0      505       50      0                  5                   0                     0                   0           0
#pos runNum=0 0@(1.00000,1.00000)@0 1@(0.62515,0.71978)@877 2@(0.88831,0.95001)@739 3@(0.77399,0.81796)@597 4@(0.67323,1.03040)@682 5@(0.76893,0.82227)@590 6@(0.72921,0.68309)@1608 7@(1.09051,1.00784)@544 8@(0.73783,0.72801)@1681 9@(1.02624,0.97300)@1293 10@(0.89934,0.88442)@1364 11@(0.61430,0.70409)@1435 12@(0.91243,0.67880)@1543 13@(0.63805,0.95436)@1237 14@(0.67415,0.98976)@1502 15@(0.71019,0.83762)@1445 16@(0.63216,0.70033)@1445 17@(0.72897,0.80919)@1155 18@(0.68586,0.90857)@1230 19@(0.71267,0.85733)@804 20@(0.59951,0.83528)@1491 21@(0.67512,0.93488)@1245 22@(0.97159,1.01142)@1102 23@(0.39728,0.87578)@2049 24@(0.82243,0.76315)@1491 25@(0.98627,1.09155)@731 26@(0.49742,0.69433)@1211 27@(0.47570,0.79766)@1502 28@(1.07998,0.96816)@1056 29@(0.92120,0.78081)@551 30@(1.01857,1.13305)@1364 31@(0.88742,0.62491)@2303 32@(1.14708,0.86351)@938 33@(0.36452,0.90667)@1851 34@(0.90752,0.69938)@1099 35@(0.57747,0.65403)@1445 36@(0.54724,0.69252)@1677 37@(0.84248,0.88460)@1730 38@(0.81310,0.90755)@2013 39@(0.68229,1.04792)@1245 40@(0.99559,0.77112)@1859 41@(0.49019,0.87431)@1730 42@(0.97994,0.92721)@1215 43@(0.76013,0.82386)@1608 44@(0.96605,0.79496)@704 45@(0.91435,0.67124)@1989 46@(0.62327,0.99614)@2070 47@(0.79722,0.46093)@2461 48@(0.87870,0.63444)@2157 49@(0.83368,1.39981)@1024
#links runNum=0 8-36@-95dBm@0.306 10-37@-88dBm@0.911 2-36@-93dBm@0.587 22-28@-93dBm@0.650 7-22@-86dBm@0.955 13-19@-97dBm@0.025 13-42@-97dBm@0.069 1-20@-90dBm@0.862 21-39@-87dBm@0.938 25-42@-93dBm@0.544 2-20@-94dBm@0.502 21-40@-97dBm@0.018 13-33@-89dBm@0.875 15-48@-92dBm@0.668 1-13@-96dBm@0.102 31-45@-91dBm@0.793 14-25@-93dBm@0.574 4-7@-93dBm@0.606 35-36@-90dBm@0.864 1-11@-82dBm@0.983 4-41@-96dBm@0.151 3-36@-89dBm@0.867 13-41@-89dBm@0.899 17-23@-92dBm@0.670 6-12@-96dBm@0.077 10-15@-95dBm@0.291 1-48@-94dBm@0.465 7-9@-92dBm@0.679 22-44@-96dBm@0.191 10-45@-90dBm@0.860 32-40@-96dBm@0.191 1-35@-87dBm@0.947 37-42@-86dBm@0.956 0-25@-91dBm@0.746 9-40@-95dBm@0.268 17-35@-88dBm@0.913 27-36@-89dBm@0.878 3-17@-85dBm@0.959 12-31@-83dBm@0.974 6-8@-77dBm@1.000 7-30@-89dBm@0.867 12-24@-91dBm@0.759 8-21@-88dBm@0.931 1-17@-95dBm@0.205 34-45@-75dBm@1.000 6-20@-96dBm@0.169 14-21@-85dBm@0.963 15-31@-91dBm@0.725 16-42@-96dBm@0.190 29-37@-97dBm@0.066 37-39@-89dBm@0.885 2-6@-93dBm@0.657 24-44@-83dBm@0.974 12-34@-78dBm@1.000 25-45@-94dBm@0.396 1-6@-92dBm@0.717 18-23@-91dBm@0.735 6-32@-96dBm@0.159 26-27@-90dBm@0.863 28-40@-89dBm@0.877 9-22@-91dBm@0.733 42-46@-96dBm@0.190 6-43@-97dBm@0.047 10-36@-95dBm@0.198 9-10@-89dBm@0.897 30-32@-92dBm@0.665 17-42@-93dBm@0.588 3-11@-91dBm@0.735 4-13@-86dBm@0.957 13-46@-96dBm@0.157 19-20@-85dBm@0.965 12-45@-94dBm@0.491 3-13@-89dBm@0.873 6-47@-92dBm@0.688 7-32@-93dBm@0.536 24-42@-96dBm@0.185 35-44@-95dBm@0.296 9-13@-95dBm@0.320 7-25@-84dBm@0.974 17-38@-89dBm@0.881 17-22@-96dBm@0.167 32-43@-93dBm@0.639 13-20@-82dBm@0.984 2-22@-96dBm@0.159 3-16@-92dBm@0.694 4-21@-81dBm@0.985 28-30@-91dBm@0.724 3-32@-96dBm@0.090 11-41@-93dBm@0.614 10-32@-91dBm@0.802 0-24@-96dBm@0.180 6-33@-93dBm@0.550 20-24@-93dBm@0.627 17-34@-93dBm@0.585 31-48@-86dBm@0.957 5-17@-80dBm@0.994 38-43@-86dBm@0.954 13-17@-95dBm@0.247 10-13@-92dBm@0.717 24-47@-93dBm@0.522 14-39@-81dBm@0.988 4-10@-89dBm@0.888 15-22@-92dBm@0.672 16-43@-86dBm@0.953 24-31@-91dBm@0.768 37-40@-86dBm@0.955 1-27@-90dBm@0.861 15-20@-93dBm@0.616 2-9@-84dBm@0.968 31-36@-92dBm@0.697 26-38@-94dBm@0.350 10-31@-93dBm@0.643 29-30@-96dBm@0.157 5-20@-92dBm@0.699 5-29@-90dBm@0.804 2-19@-94dBm@0.521 7-39@-95dBm@0.196 20-40@-95dBm@0.219 17-41@-95dBm@0.236 0-22@-94dBm@0.349 20-34@-92dBm@0.663 33-46@-94dBm@0.366 15-42@-92dBm@0.690 37-48@-94dBm@0.381 14-46@-82dBm@0.985 40-41@-96dBm@0.174 1-37@-92dBm@0.681 15-18@-95dBm@0.242 0-7@-85dBm@0.960 34-47@-94dBm@0.343 1-15@-85dBm@0.967 14-33@-91dBm@0.767 0-9@-96dBm@0.171 19-24@-84dBm@0.974 20-46@-87dBm@0.944 16-26@-83dBm@0.977 5-18@-89dBm@0.866 3-31@-94dBm@0.361 0-19@-92dBm@0.671 12-33@-96dBm@0.087 1-2@-92dBm@0.694 16-24@-90dBm@0.821 45-47@-91dBm@0.780 8-14@-91dBm@0.774 1-16@-84dBm@0.974 43-47@-95dBm@0.220 32-44@-94dBm@0.373 16-38@-91dBm@0.776 17-18@-84dBm@0.973 2-7@-92dBm@0.704 13-18@-79dBm@1.000 42-44@-89dBm@0.897 1-5@-94dBm@0.512 34-48@-92dBm@0.710 11-29@-93dBm@0.611 22-42@-90dBm@0.837 0-3@-90dBm@0.863 8-33@-96dBm@0.164 18-42@-90dBm@0.864 2-12@-93dBm@0.614 28-49@-95dBm@0.289 2-11@-97dBm@0.074 17-40@-91dBm@0.787 13-37@-88dBm@0.935 6-15@-93dBm@0.530 0-5@-90dBm@0.863 5-22@-89dBm@0.868 18-29@-90dBm@0.834 4-22@-94dBm@0.477 8-16@-88dBm@0.936 3-26@-90dBm@0.851 25-46@-96dBm@0.088 0-29@-88dBm@0.930 25-43@-91dBm@0.735 1-4@-91dBm@0.725 1-34@-96dBm@0.178 2-10@-89dBm@0.878 33-47@-97dBm@0.074 10-24@-91dBm@0.726 2-3@-90dBm@0.837 19-21@-86dBm@0.954 31-44@-96dBm@0.173 23-46@-96dBm@0.186 13-21@-96dBm@0.179 10-17@-93dBm@0.636 21-23@-91dBm@0.739 16-27@-91dBm@0.724 10-29@-95dBm@0.227 18-21@-78dBm@1.000 4-5@-94dBm@0.498 17-21@-89dBm@0.899 3-8@-93dBm@0.630 19-35@-96dBm@0.171 13-34@-94dBm@0.448 1-38@-96dBm@0.143 15-29@-88dBm@0.920 25-30@-95dBm@0.282 8-19@-84dBm@0.969 6-18@-90dBm@0.861 5-6@-86dBm@0.952 19-40@-90dBm@0.861 30-43@-93dBm@0.639 4-49@-92dBm@0.664 29-44@-90dBm@0.852 5-35@-94dBm@0.470 3-37@-85dBm@0.967 28-44@-90dBm@0.863 11-13@-94dBm@0.462 35-41@-88dBm@0.904 5-37@-88dBm@0.925 29-34@-87dBm@0.948 16-45@-97dBm@0.073 9-42@-85dBm@0.960 21-48@-92dBm@0.707 13-36@-94dBm@0.441 30-49@-91dBm@0.720 8-24@-90dBm@0.863 11-35@-96dBm@0.102 0-13@-95dBm@0.223 21-27@-91dBm@0.739 23-41@-82dBm@0.985 4-29@-96dBm@0.165 5-26@-90dBm@0.862 0-1@-94dBm@0.513 13-14@-76dBm@1.000 0-44@-91dBm@0.726 21-44@-95dBm@0.244 13-16@-96dBm@0.183 1-14@-90dBm@0.865 22-29@-88dBm@0.935 31-35@-96dBm@0.167 28-42@-88dBm@0.936 1-24@-89dBm@0.888 3-43@-93dBm@0.572 1-3@-90dBm@0.853 18-20@-89dBm@0.865 10-34@-91dBm@0.796 4-17@-96dBm@0.081 18-31@-95dBm@0.229 15-26@-89dBm@0.870 8-15@-83dBm@0.974 9-28@-89dBm@0.895 3-5@-75dBm@1.000 7-28@-77dBm@1.000 0-2@-93dBm@0.643 5-32@-97dBm@0.071 1-19@-88dBm@0.934 29-32@-88dBm@0.930 5-42@-89dBm@0.868 0-4@-93dBm@0.653 2-28@-96dBm@0.157 15-19@-94dBm@0.367 20-23@-93dBm@0.640 11-23@-90dBm@0.865 28-45@-91dBm@0.739 4-37@-95dBm@0.225 26-39@-97dBm@0.008 1-43@-91dBm@0.774 29-33@-96dBm@0.171 3-41@-93dBm@0.603 10-12@-87dBm@0.942 14-45@-93dBm@0.592 22-24@-90dBm@0.864 6-11@-84dBm@0.971 18-22@-96dBm@0.108 29-31@-96dBm@0.184 5-9@-92dBm@0.689 1-8@-92dBm@0.697 11-36@-93dBm@0.661 4-20@-94dBm@0.355 21-37@-97dBm@0.021 12-47@-96dBm@0.192 15-38@-87dBm@0.940 2-4@-92dBm@0.691 14-18@-87dBm@0.949 1-41@-93dBm@0.638 11-16@-91dBm@0.742 11-26@-86dBm@0.957 2-44@-94dBm@0.396 24-40@-85dBm@0.961 24-38@-85dBm@0.966 11-33@-94dBm@0.467 18-46@-87dBm@0.940 0-32@-92dBm@0.662 8-44@-91dBm@0.723 43-45@-95dBm@0.301 4-39@-85dBm@0.961 3-14@-95dBm@0.217 6-17@-86dBm@0.958 5-15@-92dBm@0.674 8-35@-91dBm@0.800 12-29@-90dBm@0.848 7-42@-95dBm@0.211 26-29@-94dBm@0.344 26-36@-87dBm@0.943 5-25@-92dBm@0.717 29-48@-95dBm@0.286 21-38@-87dBm@0.946 21-31@-96dBm@0.078 31-34@-91dBm@0.789 12-44@-94dBm@0.499 45-48@-75dBm@1.000 3-12@-93dBm@0.568 19-41@-94dBm@0.342 0-49@-94dBm@0.501 12-25@-97dBm@0.062 5-8@-97dBm@0.072 2-30@-89dBm@0.868 12-13@-96dBm@0.169 27-41@-93dBm@0.616 8-26@-92dBm@0.688 34-38@-89dBm@0.897 24-45@-84dBm@0.974
#aveChargePerCycle runNum=0 0@476.34 1@355.82 2@244.08 3@405.85 4@134.22 5@362.39 6@49.51 7@221.65 8@1.30 9@26.58 10@52.10 11@103.43 12@27.47 13@54.57 14@26.30 15@50.68 16@56.77 17@161.17 18@91.21 19@96.05 20@26.82 21@61.20 22@1.94 23@2.59 24@50.68 25@25.40 26@48.72 27@1.30 28@50.41 29@301.61 30@1.30 31@1.30 32@1.94 33@2.59 34@118.91 35@1.94 36@1.94 37@1.30 38@1.30 39@1.30 40@1.94 41@1.30 42@1.94 43@1.94 44@79.20 45@1.30 46@1.30 47@3.24 48@1.30 49@1.94