## dioPeriod = 1.0
## burstTimestamp = 20
## minRssi = -97
## numMotes = 50
## otfHousekeepingPeriod = 1.0
## sixtopNoRemoveWorstCell = 0
## simDataDir = simData
## numChans = 16
## slotframeLength = 101
## squareSide = 2.0
## cpuID = 18
## sixtopPdrThreshold = 1.5
## pkPeriod = None
## sixtopHousekeepingPeriod = 1.0
## sixtopNoHousekeeping = 0
## algorithm = otf
## pkPeriodVar = 0.05
## numCyclesPerRun = 100
## startTime = 1502276471.26
## slotDuration = 0.01
## numRuns = 1
## combinationKeys = ['algorithm', 'numMotes', 'otfThreshold']
## numPacketsBurst = 5
## otfThreshold = 1
## noInterference = 0
## gui = False


# appGenerated appReachesDagroot appRelayed aveHops aveLatency aveQueueDelay chargeConsumed collidedTxs cycle droppedAppFailedEnqueue droppedMacRetries droppedNoRoute droppedNoTxCells droppedQueueFull effectiveCollidedTxs numRxCells numTx numTxCells otfAdd otfRemove probableCollisions rplChurnParentSet rplChurnPrefParent rplChurnRank rplRxDIO rplTxDIO runNum scheduleCollisions topRxRelocatedCells topTxRelocatedBundles topTxRelocatedCells txQueueFill
             0                 0          0       0          0             0              0           0     0                       0                 0              0                0                0                    0          0     0          0      0         0                  0                 0                  0            0        0        0      0                  0                   0                     0                   0           0
             0                 0          0       0          0             0       1205.400           0     1                       0                 0              0                0                0                    0        104     0        104    104         0                  0               139                 86            6      522       50      0                  0                   0                     0                   0           0
             0                 0          0       0          0             0       4280.400           4     2                       0                 0              0                0                0                    0        126     0        126     22         0                  0                 1                115            0      522       50      0                  2                   0                     0                   0           0
             0                 0          0       0          0             0       7380.000           4     3                       0                 0              0                0                0                    0        126     0        126      0         0                  0                 0                115            0      522       50      0                  2                   0                     0                   0           0
             0                 0          0       0          0             0      10479.600           4     4                       0                 0              0                0                0                    0        126     0        126      0         0                  0                 0                115            0      522       50      0                  2                   0                     0                   0           0
             0                 0          0       0          0             0      13579.200           4     5                       0                 0              0                0                0                    0        126     0        126      0         0                  0                 0                115            0      522       50      0                  2                   0                     0                   0           0
             0                 0          0       0          0             0      16678.800           4     6                       0                 0              0                0                0                    0        126     0        126      0         0                  0                 0                115            0      522       50      0                  2                   0                     0                   0           0
             0                 0          0       0          0             0      19778.400           4     7                       0                 0              0                0                0                    0        126     0        126      0         0                  0                 0                115            0      522       50      0                  2                   0                     0                   0           0
             0                 0          0       0          0             0      22878.000           4     8                       0                 0              0                0                0                    0        126     0        126      0         0                  0                 0                115            0      522       50      0                  2                   0                     0                   0           0
             0                 0          0       0          0             0      25977.600           4     9                       0                 0              0                0                0                    0        126     0        126      0         0                  0                 0                115            0      522       50      0                  2                   0                     0                   0           0
             0                 0          0       0          0             0      29077.200           4    10                       0                 0              0                0                0                    0        126     0        126      0         0                  0                 0                115            0      522       50      0                  2                   0                     0                   0           0
             0                 0          0       0          0             0      32176.800           4    11                       0                 0              0                0                0                    0        126     0        126      0         0                  0                 0                115            0      522       50      0                  2                   0                     0                   0           0
             0                 0          0       0          0             0      35276.400           4    12                       0                 0              0                0                0                    0        126     0        126      0         0                  0                 0                115            0      522       50      0                  2                   0                     0                   0           0
             0                 0          0       0          0             0      38376.000           4    13                       0                 0              0                0                0                    0        126     0        126      0         0                  0                 0                115            0      522       50      0                  2                   0                     0                   0           0
             0                 0          0       0          0             0      41475.600           4    14                       0                 0              0                0                0                    0        126     0        126      0         0                  0                 0                115            0      522       50      0                  2                   0                     0                   0           0
             0                 0          0       0          0             0      44575.200           4    15                       0                 0              0                0                0                    0        126     0        126      0         0                  0                 0                115            0      522       50      0                  2                   0                     0                   0           0
             0                 0          0       0          0             0      47674.800           4    16                       0                 0              0                0                0                    0        126     0        126      0         0                  0                 0                115            0      522       50      0                  2                   0                     0                   0           0
             0                 0          0       0          0             0      50774.400           4    17                       0                 0              0                0                0                    0        126     0        126      0         0                  0                 0                115            0      522       50      0                  2                   0                     0                   0           0
             0                 0          0       0          0             0      53874.000           4    18                       0                 0              0                0                0                    0        126     0        126      0         0                  0                 0                115            0      522       50      0                  2                   0                     0                   0           0
            49                 3         17   1.000      7.667       212.000      59575.280           4    19                       0                 0              0                0                0                    0        128    24        128      1         0                  0                 0                115            0      522       50      0                  2                   0                     0                   0          46
             0                22         36   1.636     80.091      1714.833      71171.500          18    20                       0                 0              0                0                0                    2        208    95        208     27         0                  1                 3                115           15      522       50      0                  9                   0                     0                   0          24
             0                20          9   2.650    154.800       753.107      79572.720          10    21                       0                 0              0                0                0                    2        169   106        169     10        20                  0                11                119           29      522       50      0                  5                   1                     0                   0           4
             0                 4          2   5.250    235.250       126.500      84464.080          10    22                       0                 0              0                0                0                    1        160   100        160      6         6                  0                 5                111           28      522       50      0                  5                   0                     0                   0           0
             0                 0          0       0          0             0      88154.080          10    23                       0                 0              0                0                0                    1        151    87        151      6         4                  0                 9                126           13      522       50      0                  5                   0                     0                   0           0
             0                 0          0       0          0             0      91794.880          10    24                       0                 0              0                0                0                    1        147    85        147      0         1                  0                 1                126           18      522       50      0                  5                   0                     0                   0           0
             0                 0          0       0          0             0      95435.680          10    25                       0                 0              0                0                0                    1        148    85        148      1         0                  0                 0                125            0      522       50      0                  5                   0                     0                   0           0
             0                 0          0       0          0             0      99076.480          10    26                       0                 0              0                0                0                    1        148    85        148      0         0                  0                 0                125            0      522       50      0                  5                   0                     0                   0           0
             0                 0          0       0          0             0     102717.280          10    27                       0                 0              0                0                0                    1        148    85        148      0         0                  0                 0                125            0      522       50      0                  5                   0                     0                   0           0
             0                 0          0       0          0             0     106358.080          10    28                       0                 0              0                0                0                    1        148    85        148      0         0                  0                 0                125            0      522       50      0                  5                   0                     0                   0           0
             0                 0          0       0          0             0     109998.880          10    29                       0                 0              0                0                0                    1        148    85        148      0         0                  0                 0                125            0      522       50      0                  5                   0                     0                   0           0
             0                 0          0       0          0             0     113639.680          10    30                       0                 0              0                0                0                    1        148    85        148      0         0                  0                 0                125            0      522       50      0                  5                   0                     0                   0           0
             0                 0          0       0          0             0     117280.480          10    31                       0                 0              0                0                0                    1        148    85        148      0         0                  0                 0                125            0      522       50      0                  5                   0                     0                   0           0
             0                 0          0       0          0             0     120921.280          10    32                       0                 0              0                0                0                    1        148    85        148      0         0                  0                 0                125            0      522       50      0                  5                   0                     0                   0           0
             0                 0          0       0          0             0     124562.080          10    33                       0                 0              0                0                0                    1        148    85        148      0         0                  0                 0                125            0      522       50      0                  5                   0                     0                   0           0
             0                 0          0       0          0             0     128202.880          10    34                       0                 0              0                0                0                    1        148    85        148      0         0                  0                 0                125            0      522       50      0                  5                   0                     0                   0           0
             0                 0          0       0          0             0     131843.680          10    35                       0                 0              0                0                0                    1        148    85        148      0         0                  0                 0                125            0      522       50      0                  5                   0                     0                   0           0
             0                 0          0       0          0             0     135484.480          10    36                       0                 0              0                0                0                    1        148    85        148      0         0                  0                 0                125            0      522       50      0                  5                   0                     0                   0           0
             0                 0          0       0          0             0     139125.280          10    37                       0                 0              0                0                0                    1        148    85        148      0         0                  0                 0                125            0      522       50      0                  5                   0                     0                   0           0
             0                 0          0       0          0             0     142766.080          10    38                       0                 0              0                0                0                    1        148    85        148      0         0                  0                 0                125            0      522       50      0                  5                   0                     0                   0           0
             0                 0          0       0          0             0     146406.880          10    39                       0                 0              0                0                0                    1        148    85        148      0         0                  0                 0                125            0      522       50      0                  5                   0                     0                   0           0
             0                 0          0       0          0             0     150047.680          10    40                       0                 0              0                0                0                    1        148    85        148      0         0                  0                 0                125            0      522       50      0                  5                   0                     0                   0           0
             0                 0          0       0          0             0     153688.480          10    41                       0                 0              0                0                0                    1        148    85        148      0         0                  0                 0                125            0      522       50      0                  5                   0                     0                   0           0
             0                 0          0       0          0             0     157329.280          10    42                       0                 0              0                0                0                    1        148    85        148      0         0                  0                 0                125            0      522       50      0                  5                   0                     0                   0           0
             0                 0          0       0          0             0     160970.080          10    43                       0                 0              0                0                0                    1        148    85        148      0         0                  0                 0                125            0      522       50      0                  5                   0                     0                   0           0
             0                 0          0       0          0             0     164610.880          10    44                       0                 0              0                0                0                    1        148    85        148      0         0                  0                 0                125            0      522       50      0                  5                   0                     0                   0           0
             0                 0          0       0          0             0     168251.680          10    45                       0                 0              0                0                0                    1        148    85        148      0         0                  0                 0                125            0      522       50      0                  5                   0                     0                   0           0
             0                 0          0       0          0             0     171892.480          10    46                       0                 0              0                0                0                    1        148    85        148      0         0                  0                 0                125            0      522       50      0                  5                   0                     0                   0           0
             0                 0          0       0          0             0     175533.280          10    47                       0                 0              0                0                0                    1        148    85        148      0         0                  0                 0                125            0      522       50      0                  5                   0                     0                   0           0
             0                 0          0       0          0             0     179174.080          10    48                       0                 0              0                0                0                    1        148    85        148      0         0                  0                 0                125            0      522       50      0                  5                   0                     0                   0           0
             0                 0          0       0          0             0     182814.880          10    49                       0                 0              0                0                0                    1        148    85        148      0         0                  0                 0                125            0      522       50      0                  5                   0                     0                   0           0
             0                 0          0       0          0             0     186455.680          10    50                       0                 0              0                0                0                    1        148    85        148      0         0                  0                 0                125            0      522       50      0                  5                   0                     0                   0           0
             0                 0          0       0          0             0     190096.480          10    51                       0                 0              0                0                0                    1        148    85        148      0         0                  0                 0                125            0      522       50      0                  5                   0                     0                   0           0
             0                 0          0       0          0             0     193737.280          10    52                       0                 0              0                0                0                    1        148    85        148      0         0                  0                 0                125            0      522       50      0                  5                   0                     0                   0           0
             0                 0          0       0          0             0     197378.080          10    53                       0                 0              0                0                0                    1        148    85        148      0         0                  0                 0                125            0      522       50      0                  5                   0                     0                   0           0
             0                 0          0       0          0             0     201018.880          10    54                       0                 0              0                0                0                    1        148    85        148      0         0                  0                 0                125            0      522       50      0                  5                   0                     0                   0           0
             0                 0          0       0          0             0     204659.680          10    55                       0                 0              0                0                0                    1        148    85        148      0         0                  0                 0                125            0      522       50      0                  5                   0                     0                   0           0
             0                 0          0       0          0             0     208300.480          10    56                       0                 0              0                0                0                    1        148    85        148      0         0                  0                 0                125            0      522       50      0                  5                   0                     0                   0           0
             0                 0          0       0          0             0     211941.280          10    57                       0                 0              0                0                0                    1        148    85        148      0         0                  0                 0                125            0      522       50      0                  5                   0                     0                   0           0
             0                 0          0       0          0             0     215582.080          10    58                       0                 0              0                0                0                    1        148    85        148      0         0                  0                 0                125            0      522       50      0                  5                   0                     0                   0           0
            49                12         40   1.250     33.583       990.667     226213.960          16    59                       0                 0              0                0                0                    4        175   149        175      9         0                  0                 0                125            0      522       50      0                  8                   0                     0                   0          37
             0                27         22   2.444     99.963      1282.861     237013.420          22    60                       0                 0              0                0                0                    4        182   197        182     13         7                  2                 6                120           35      522       50      0                 11                   0                     0                   0          10
             0                10          5   3.500    197.700       566.500     243122.080          16    61                       0                 0              0                0                0                    2        154   189        154      2        11                  0                 5                119           37      522       50      0                  8                   0                     0                   0           0
             0                 0          0       0          0             0     246812.080          14    62                       0                 0              0                0                0                    2        149   180        149      1         3                  0                 1                121           23      522       50      0                  7                   0                     0                   0           0
             0                 0          0       0          0             0     250403.680          14    63                       0                 0              0                0                0                    2        144   173        144      0         1                  0                 2                116           16      522       50      0                  7                   0                     0                   0           0
             0                 0          0       0          0             0     253946.080          14    64                       0                 0              0                0                0                    2        144   173        144      0         0                  0                 0                115            2      522       50      0                  7                   0                     0                   0           0
             0                 0          0       0          0             0     257488.480          14    65                       0                 0              0                0                0                    2        144   173        144      0         0                  0                 0                115            0      522       50      0                  7                   0                     0                   0           0
             0                 0          0       0          0             0     261030.880          14    66                       0                 0              0                0                0                    2        144   173        144      0         0                  0                 0                115            0      522       50      0                  7                   0                     0                   0           0
             0                 0          0       0          0             0     264573.280          14    67                       0                 0              0                0                0                    2        144   173        144      0         0                  0                 0                115            0      522       50      0                  7                   0                     0                   0           0
             0                 0          0       0          0             0     268115.680          14    68                       0                 0              0                0                0                    2        144   173        144      0         0                  0                 0                115            0      522       50      0                  7                   0                     0                   0           0
             0                 0          0       0          0             0     271658.080          14    69                       0                 0              0                0                0                    2        144   173        144      0         0                  0                 0                115            0      522       50      0                  7                   0                     0                   0           0
             0                 0          0       0          0             0     275200.480          14    70                       0                 0              0                0                0                    2        144   173        144      0         0                  0                 0                115            0      522       50      0                  7                   0                     0                   0           0
             0                 0          0       0          0             0     278742.880          14    71                       0                 0              0                0                0                    2        144   173        144      0         0                  0                 0                115            0      522       50      0                  7                   0                     0                   0           0
             0                 0          0       0          0             0     282285.280          14    72                       0                 0              0                0                0                    2        144   173        144      0         0                  0                 0                115            0      522       50      0                  7                   0                     0                   0           0
             0                 0          0       0          0             0     285827.680          14    73                       0                 0              0                0                0                    2        144   173        144      0         0                  0                 0                115            0      522       50      0                  7                   0                     0                   0           0
             0                 0          0       0          0             0     289370.080          14    74                       0                 0              0                0                0                    2        144   173        144      0         0                  0                 0                115            0      522       50      0                  7                   0                     0                   0           0
             0                 0          0       0          0             0     292912.480          14    75                       0                 0              0                0                0                    2        144   173        144      0         0                  0                 0                115            0      522       50      0                  7                   0                     0                   0           0
             0                 0          0       0          0             0     296454.880          14    76                       0                 0              0                0                0                    2        144   173        144      0         0                  0                 0                115            0      522       50      0                  7                   0                     0                   0           0
             0                 0          0       0          0             0     299997.280          14    77                       0                 0              0                0                0                    2        144   173        144      0         0                  0                 0                115            0      522       50      0                  7                   0                     0                   0           0
             0                 0          0       0          0             0     303539.680          14    78                       0                 0              0                0                0                    2        144   173        144      0         0                  0                 0                115            0      522       50      0                  7                   0                     0                   0           0
             0                 0          0       0          0             0     307082.080          14    79                       0                 0              0                0                0                    2        144   173        144      0         0                  0                 0                115            0      522       50      0                  7                   0                     0                   0           0
             0                 0          0       0          0             0     310624.480          14    80                       0                 0              0                0                0                    2        144   173        144      0         0                  0                 0                115            0      522       50      0                  7                   0                     0                   0           0
             0                 0          0       0          0             0     314166.880          14    81                       0                 0              0                0                0                    2        144   173        144      0         0                  0                 0                115            0      522       50      0                  7                   0                     0                   0           0
             0                 0          0       0          0             0     317709.280          14    82                       0                 0              0                0                0                    2        144   173        144      0         0                  0                 0                115            0      522       50      0                  7                   0                     0                   0           0
             0                 0          0       0          0             0     321251.680          14    83                       0                 0              0                0                0                    2        144   173        144      0         0                  0                 0                115            0      522       50      0                  7                   0                     0                   0           0
             0                 0          0       0          0             0     324794.080          14    84                       0                 0              0                0                0                    2        144   173        144      0         0                  0                 0                115            0      522       50      0                  7                   0                     0                   0           0
             0                 0          0       0          0             0     328336.480          14    85                       0                 0              0                0                0                    2        144   173        144      0         0                  0                 0                115            0      522       50      0                  7                   0                     0                   0           0
             0                 0          0       0          0             0     331878.880          14    86                       0                 0              0                0                0                    2        144   173        144      0         0                  0                 0                115            0      522       50      0                  7                   0                     0                   0           0
             0                 0          0       0          0             0     335421.280          14    87                       0                 0              0                0                0                    2        144   173        144      0         0                  0                 0                115            0      522       50      0                  7                   0                     0                   0           0
             0                 0          0       0          0             0     338963.680          14    88                       0                 0              0                0                0                    2        144   173        144      0         0                  0                 0                115            0      522       50      0                  7                   0                     0                   0           0
             0                 0          0       0          0             0     342506.080          14    89                       0                 0              0                0                0                    2        144   173        144      0         0                  0                 0                115            0      522       50      0                  7                   0                     0                   0           0
             0                 0          0       0          0             0     346048.480          14    90                       0                 0              0                0                0                    2        144   173        144      0         0                  0                 0                115            0      522       50      0                  7                   0                     0                   0           0
             0                 0          0       0          0             0     349590.880          14    91                       0                 0              0                0                0                    2        144   173        144      0         0                  0                 0                115            0      522       50      0                  7                   0                     0                   0           0
             0                 0          0       0          0             0     353133.280          14    92                       0                 0              0                0                0                    2        144   173        144      0         0                  0                 0                115            0      522       50      0                  7                   0                     0                   0           0
             0                 0          0       0          0             0     356675.680          14    93                       0                 0              0                0                0                    2        144   173        144      0         0                  0                 0                115            0      522       50      0                  7                   0                     0                   0           0
             0                 0          0       0          0             0     360218.080          14    94                       0                 0              0                0                0                    2        144   173        144      0         0                  0                 0                115            0      522       50      0                  7                   0                     0                   0           0
             0                 0          0       0          0             0     363760.480          14    95                       0                 0              0                0                0                    2        144   173        144      0         0                  0                 0                115            0      522       50      0                  7                   0                     0                   0           0
             0                 0          0       0          0             0     367302.880          14    96                       0                 0              0                0                0                    2        144   173        144      0         0                  0                 0                115            0      522       50      0                  7                   0                     0                   0           0
             0                 0          0       0          0             0     370845.280          14    97                       0                 0              0                0                0                    2        144   173        144      0         0                  0                 0                115            0      522       50      0                  7                   0                     0                   0           0
             0                 0          0       0          0             0     374387.680          14    98                       0                 0              0                0                0                    2        144   173        144      0         0                  0                 0                115            0      522       50      0                  7                   0                     0                   0           0
             0                 0          0       0          0             0     377930.080          14    99                       0                 0              0                0                0                    2        144   173        144      0         0                  0                 0                115            0      522       50      0                  7                   0                     0                   0           0
#pos runNum=0 0@(1.00000,1.00000)@0 1@(1.05373,0.84098)@682 2@(1.23008,0.69586)@804 3@(1.10420,0.80688)@950 4@(0.93292,0.95769)@804 5@(1.09676,0.89907)@1194 6@(1.05672,0.96284)@542 7@(1.08630,0.95543)@625 8@(0.95972,0.93853)@1240 9@(0.83580,0.93059)@546 10@(1.10082,0.94907)@1429 11@(0.83028,0.99174)@1364 12@(1.08802,0.82873)@1194 13@(0.98657,1.10773)@551 14@(0.96162,1.30007)@1346 15@(1.10143,0.99388)@682 16@(1.08281,1.12675)@1173 17@(0.65990,1.07918)@768 18@(0.99901,1.05195)@605 19@(0.65758,1.16151)@1228 20@(1.18370,1.18326)@682 21@(0.75973,0.96375)@1310 22@(0.92439,0.96384)@1316 23@(1.14507,1.13078)@1409 24@(1.03441,1.08410)@1172 25@(0.72859,1.00081)@1109 26@(0.97589,0.66564)@1307 27@(1.28727,1.16629)@1346 28@(1.06695,0.91974)@558 29@(1.10368,1.18592)@1265 30@(0.87509,1.14494)@558 31@(1.22424,0.80560)@1372 32@(1.00814,0.84951)@1105 33@(1.24048,0.90642)@1828 34@(1.04916,1.11480)@1575 35@(1.24065,0.60586)@1620 36@(0.74413,1.07280)@1932 37@(1.05835,0.90971)@1518 38@(1.13199,1.03398)@1191 39@(1.09601,0.81786)@704 40@(1.07127,0.80588)@682 41@(0.57363,1.05021)@1621 42@(1.13909,1.02004)@1535 43@(0.94618,0.87519)@1575 44@(1.21830,0.94528)@1245 45@(0.88628,0.98275)@1280 46@(1.19890,1.06679)@630 47@(1.00479,1.09739)@554 48@(0.66335,1.17065)@2095 49@(0.74309,0.92424)@804
#links runNum=0 1-10@-95dBm@0.219 23-42@-95dBm@0.260 0-27@-96dBm@0.146 25-34@-93dBm@0.556 3-40@-90dBm@0.819 4-11@-93dBm@0.538 15-42@-93dBm@0.639 23-46@-88dBm@0.935 18-36@-96dBm@0.130 10-26@-95dBm@0.230 6-21@-92dBm@0.712 13-19@-95dBm@0.258 1-13@-91dBm@0.733 17-19@-85dBm@0.960 15-38@-95dBm@0.193 4-7@-96dBm@0.124 8-10@-94dBm@0.329 1-11@-90dBm@0.852 45-47@-89dBm@0.868 2-8@-92dBm@0.676 20-46@-89dBm@0.887 16-29@-80dBm@0.993 10-14@-96dBm@0.135 0-6@-83dBm@0.974 10-15@-76dBm@1.000 9-18@-94dBm@0.376 13-40@-93dBm@0.654 24-34@-94dBm@0.366 8-16@-92dBm@0.712 36-49@-93dBm@0.609 8-22@-79dBm@1.000 32-40@-79dBm@1.000 1-35@-93dBm@0.592 6-27@-93dBm@0.651 13-15@-96dBm@0.162 11-19@-92dBm@0.695 11-21@-85dBm@0.961 24-32@-89dBm@0.865 13-48@-95dBm@0.286 13-14@-89dBm@0.866 21-49@-85dBm@0.966 28-37@-73dBm@1.000 6-7@-77dBm@1.000 1-17@-96dBm@0.143 6-20@-93dBm@0.579 34-45@-90dBm@0.862 31-40@-90dBm@0.856 34-38@-84dBm@0.974 21-22@-89dBm@0.866 4-22@-70dBm@1.000 16-37@-96dBm@0.164 3-34@-90dBm@0.842 6-32@-83dBm@0.976 24-42@-86dBm@0.957 10-20@-93dBm@0.646 1-26@-90dBm@0.863 10-32@-92dBm@0.693 4-18@-87dBm@0.948 17-24@-95dBm@0.252 6-22@-95dBm@0.236 19-41@-86dBm@0.953 3-44@-86dBm@0.957 9-48@-95dBm@0.204 24-47@-97dBm@0.045 23-38@-87dBm@0.944 28-39@-89dBm@0.900 5-33@-83dBm@0.974 36-45@-86dBm@0.951 0-20@-91dBm@0.795 36-38@-96dBm@0.105 12-18@-91dBm@0.733 3-13@-96dBm@0.109 8-34@-95dBm@0.274 7-32@-85dBm@0.960 17-36@-95dBm@0.277 14-32@-97dBm@0.001 12-32@-84dBm@0.974 8-11@-88dBm@0.934 8-40@-85dBm@0.962 0-46@-90dBm@0.862 8-21@-93dBm@0.651 31-32@-96dBm@0.116 3-24@-92dBm@0.667 6-34@-87dBm@0.938 11-47@-90dBm@0.864 28-44@-86dBm@0.956 9-16@-94dBm@0.378 15-24@-96dBm@0.092 2-31@-88dBm@0.932 14-37@-96dBm@0.096 1-31@-94dBm@0.363 16-18@-82dBm@0.985 11-15@-90dBm@0.861 3-39@-63dBm@1.000 7-37@-82dBm@0.983 10-42@-92dBm@0.709 43-45@-84dBm@0.974 18-30@-94dBm@0.447 20-27@-84dBm@0.968 4-10@-89dBm@0.868 7-34@-86dBm@0.959 19-45@-95dBm@0.253 37-47@-93dBm@0.640 5-37@-79dBm@1.000 0-15@-90dBm@0.858 19-48@-87dBm@0.941 32-42@-87dBm@0.947 0-18@-89dBm@0.870 2-33@-93dBm@0.553 20-41@-96dBm@0.087 35-39@-91dBm@0.730 4-14@-94dBm@0.417 7-39@-85dBm@0.964 9-26@-94dBm@0.497 6-47@-92dBm@0.705 12-39@-76dBm@1.000 17-25@-85dBm@0.961 7-46@-95dBm@0.197 18-23@-92dBm@0.681 2-3@-87dBm@0.945 10-34@-92dBm@0.670 0-7@-89dBm@0.869 1-4@-91dBm@0.741 11-30@-89dBm@0.868 1-15@-94dBm@0.356 31-45@-93dBm@0.652 25-45@-89dBm@0.880 0-9@-86dBm@0.955 3-7@-91dBm@0.743 3-43@-89dBm@0.882 11-36@-83dBm@0.974 5-24@-95dBm@0.237 4-8@-87dBm@0.946 0-39@-89dBm@0.884 21-42@-95dBm@0.212 1-45@-90dBm@0.862 28-38@-85dBm@0.963 32-47@-91dBm@0.753 2-16@-96dBm@0.101 7-8@-97dBm@0.048 36-41@-85dBm@0.962 9-28@-91dBm@0.795 42-46@-92dBm@0.703 12-13@-93dBm@0.571 13-47@-86dBm@0.951 0-28@-81dBm@0.985 16-21@-94dBm@0.487 0-1@-92dBm@0.711 16-41@-96dBm@0.075 1-5@-79dBm@1.000 16-20@-82dBm@0.985 0-3@-93dBm@0.597 5-7@-96dBm@0.136 37-45@-89dBm@0.876 4-6@-91dBm@0.752 7-22@-85dBm@0.963 25-30@-87dBm@0.941 3-16@-94dBm@0.382 1-44@-86dBm@0.953 15-28@-85dBm@0.959 0-40@-91dBm@0.800 11-45@-95dBm@0.219 5-10@-87dBm@0.945 14-20@-89dBm@0.866 13-31@-95dBm@0.237 4-47@-97dBm@0.044 3-31@-84dBm@0.968 1-34@-96dBm@0.089 38-41@-95dBm@0.214 16-34@-89dBm@0.882 2-10@-90dBm@0.833 5-39@-88dBm@0.935 10-24@-88dBm@0.906 21-45@-93dBm@0.660 4-9@-85dBm@0.961 19-21@-95dBm@0.316 22-25@-94dBm@0.386 12-38@-91dBm@0.744 4-5@-93dBm@0.594 25-48@-95dBm@0.258 13-38@-89dBm@0.891 33-44@-87dBm@0.942 22-44@-96dBm@0.167 6-14@-93dBm@0.641 33-43@-91dBm@0.739 0-17@-93dBm@0.652 14-16@-88dBm@0.922 24-30@-89dBm@0.892 6-24@-93dBm@0.583 3-35@-88dBm@0.910 32-48@-96dBm@0.169 14-45@-92dBm@0.674 6-15@-78dBm@1.000 12-47@-91dBm@0.792 38-42@-81dBm@0.985 1-25@-95dBm@0.260 4-49@-92dBm@0.677 1-2@-92dBm@0.685 47-48@-92dBm@0.665 1-8@-88dBm@0.908 17-41@-92dBm@0.671 11-13@-96dBm@0.077 10-43@-90dBm@0.862 31-37@-87dBm@0.946 7-18@-84dBm@0.974 20-36@-94dBm@0.388 39-40@-84dBm@0.974 18-33@-90dBm@0.861 5-28@-90dBm@0.859 7-29@-89dBm@0.898 1-42@-93dBm@0.651 15-44@-91dBm@0.767 7-15@-96dBm@0.121 18-38@-90dBm@0.805 5-46@-92dBm@0.687 8-14@-92dBm@0.702 37-42@-84dBm@0.971 0-13@-88dBm@0.914 0-47@-83dBm@0.975 9-45@-92dBm@0.672 5-26@-93dBm@0.563 36-48@-95dBm@0.195 12-36@-95dBm@0.306 3-46@-94dBm@0.484 31-35@-90dBm@0.862 2-26@-90dBm@0.861 38-46@-86dBm@0.958 22-30@-86dBm@0.955 1-12@-71dBm@1.000 15-16@-94dBm@0.388 22-39@-96dBm@0.128 23-35@-95dBm@0.200 1-3@-80dBm@0.991 0-2@-93dBm@0.621 26-44@-94dBm@0.322 4-17@-91dBm@0.778 25-36@-91dBm@0.743 15-33@-89dBm@0.868 18-31@-93dBm@0.538 22-48@-94dBm@0.383 5-6@-81dBm@0.985 23-29@-94dBm@0.388 8-15@-87dBm@0.939 16-23@-84dBm@0.974 3-5@-93dBm@0.639 43-47@-94dBm@0.422 33-39@-95dBm@0.214 12-19@-96dBm@0.100 9-36@-95dBm@0.232 17-30@-95dBm@0.240 10-37@-86dBm@0.957 0-45@-94dBm@0.425 10-13@-88dBm@0.937 3-23@-97dBm@0.048 20-23@-78dBm@1.000 31-42@-92dBm@0.690 0-4@-92dBm@0.693 6-42@-96dBm@0.117 37-46@-91dBm@0.725 5-43@-84dBm@0.974 42-45@-89dBm@0.868 29-38@-95dBm@0.196 31-38@-95dBm@0.228 30-37@-96dBm@0.184 11-48@-91dBm@0.722 7-24@-96dBm@0.123 34-43@-90dBm@0.862 10-11@-95dBm@0.211 36-37@-97dBm@0.047 6-35@-93dBm@0.615 6-11@-87dBm@0.939 18-29@-94dBm@0.356 27-42@-91dBm@0.774 3-37@-85dBm@0.961 7-10@-73dBm@1.000 9-11@-92dBm@0.701 0-49@-92dBm@0.672 9-37@-91dBm@0.771 10-29@-89dBm@0.877 21-25@-89dBm@0.886 2-44@-96dBm@0.176 13-16@-91dBm@0.737 9-25@-83dBm@0.979 31-44@-85dBm@0.960 5-12@-86dBm@0.954 30-36@-96dBm@0.103 8-28@-83dBm@0.974 27-30@-95dBm@0.261 23-37@-93dBm@0.565 15-19@-97dBm@0.006 11-33@-94dBm@0.399 37-40@-93dBm@0.638 34-36@-91dBm@0.726 4-39@-89dBm@0.868 6-9@-92dBm@0.691 19-33@-97dBm@0.036 13-18@-97dBm@0.063 43-44@-90dBm@0.852 6-28@-75dBm@1.000 18-22@-94dBm@0.452 22-45@-81dBm@0.985 22-41@-92dBm@0.694 15-46@-85dBm@0.966 34-47@-97dBm@0.067 42-47@-90dBm@0.849 9-17@-90dBm@0.806 43-46@-95dBm@0.294 11-22@-97dBm@0.018 36-40@-93dBm@0.539 10-28@-88dBm@0.925 16-36@-91dBm@0.747 36-44@-94dBm@0.323 12-44@-94dBm@0.444 30-45@-88dBm@0.936 3-12@-86dBm@0.957 28-47@-91dBm@0.744 2-4@-93dBm@0.542 7-27@-91dBm@0.755 9-19@-92dBm@0.702 29-37@-91dBm@0.773 0-30@-88dBm@0.934 15-40@-86dBm@0.949 8-49@-96dBm@0.176
#aveChargePerCycle runNum=0 0@662.07 1@323.08 2@155.25 3@229.52 4@167.67 5@128.96 6@414.20 7@170.06 8@33.28 9@179.32 10@26.58 11@51.70 12@1.30 13@204.66 14@1.30 15@110.01 16@26.33 17@78.00 18@168.47 19@53.27 20@104.72 21@23.60 22@25.65 23@1.30 24@2.59 25@51.82 26@1.30 27@1.94 28@79.41 29@1.30 30@97.06 31@1.30 32@1.30 33@1.30 34@1.30 35@1.30 36@1.30 37@1.30 38@25.65 39@1.94 40@26.58 41@1.30 42@1.30 43@1.30 44@1.30 45@6.22 46@56.72 47@48.84 48@1.30 49@22.30