## dioPeriod = 1.0
## burstTimestamp = 20
## minRssi = -97
## numMotes = 50
## otfHousekeepingPeriod = 1.0
## sixtopNoRemoveWorstCell = 0
## simDataDir = simData
## numChans = 16
## slotframeLength = 101
## squareSide = 2.0
## cpuID = 78
## sixtopPdrThreshold = 1.5
## pkPeriod = None
## sixtopHousekeepingPeriod = 1.0
## sixtopNoHousekeeping = 0
## algorithm = otf
## pkPeriodVar = 0.05
## numCyclesPerRun = 100
## startTime = 1502276471.29
## slotDuration = 0.01
## numRuns = 1
## combinationKeys = ['algorithm', 'numMotes', 'otfThreshold']
## numPacketsBurst = 5
## otfThreshold = 1
## noInterference = 0
## gui = False


# appGenerated appReachesDagroot appRelayed aveHops aveLatency aveQueueDelay chargeConsumed collidedTxs cycle droppedAppFailedEnqueue droppedMacRetries droppedNoRoute droppedNoTxCells droppedQueueFull effectiveCollidedTxs numRxCells numTx numTxCells otfAdd otfRemove probableCollisions rplChurnParentSet rplChurnPrefParent rplChurnRank rplRxDIO rplTxDIO runNum scheduleCollisions topRxRelocatedCells topTxRelocatedBundles topTxRelocatedCells txQueueFill
             0                 0          0       0          0             0              0           0     0                       0                 0              0                0                0                    0          0     0          0      0         0                  0                 0                  0            0        0        0      0                  0                   0                     0                   0           0
             0                 0          0       0          0             0       1426.800           4     1                       0                 0              0                0                0                    1        120     0        120    120         0                  0               140                 66            5      490       50      0                  2                   0                     0                   0           0
             0                 0          0       0          0             0       4600.200           4     2                       0                 0              0                0                0                    1        129     0        129      9         0                  0                 0                 98            0      490       50      0                  2                   0                     0                   0           0
             0                 0          0       0          0             0       7773.600           4     3                       0                 0              0                0                0                    1        129     0        129      0         0                  0                 0                 98            0      490       50      0                  2                   0                     0                   0           0
             0                 0          0       0          0             0      10947.000           4     4                       0                 0              0                0                0                    1        129     0        129      0         0                  0                 0                 98            0      490       50      0                  2                   0                     0                   0           0
             0                 0          0       0          0             0      14120.400           4     5                       0                 0              0                0                0                    1        129     0        129      0         0                  0                 0                 98            0      490       50      0                  2                   0                     0                   0           0
             0                 0          0       0          0             0      17293.800           4     6                       0                 0              0                0                0                    1        129     0        129      0         0                  0                 0                 98            0      490       50      0                  2                   0                     0                   0           0
             0                 0          0       0          0             0      20467.200           4     7                       0                 0              0                0                0                    1        129     0        129      0         0                  0                 0                 98            0      490       50      0                  2                   0                     0                   0           0
             0                 0          0       0          0             0      23640.600           4     8                       0                 0              0                0                0                    1        129     0        129      0         0                  0                 0                 98            0      490       50      0                  2                   0                     0                   0           0
             0                 0          0       0          0             0      26814.000           4     9                       0                 0              0                0                0                    1        129     0        129      0         0                  0                 0                 98            0      490       50      0                  2                   0                     0                   0           0
             0                 0          0       0          0             0      29987.400           4    10                       0                 0              0                0                0                    1        129     0        129      0         0                  0                 0                 98            0      490       50      0                  2                   0                     0                   0           0
             0                 0          0       0          0             0      33160.800           4    11                       0                 0              0                0                0                    1        129     0        129      0         0                  0                 0                 98            0      490       50      0                  2                   0                     0                   0           0
             0                 0          0       0          0             0      36334.200           4    12                       0                 0              0                0                0                    1        129     0        129      0         0                  0                 0                 98            0      490       50      0                  2                   0                     0                   0           0
             0                 0          0       0          0             0      39507.600           4    13                       0                 0              0                0                0                    1        129     0        129      0         0                  0                 0                 98            0      490       50      0                  2                   0                     0                   0           0
             0                 0          0       0          0             0      42681.000           4    14                       0                 0              0                0                0                    1        129     0        129      0         0                  0                 0                 98            0      490       50      0                  2                   0                     0                   0           0
             0                 0          0       0          0             0      45854.400           4    15                       0                 0              0                0                0                    1        129     0        129      0         0                  0                 0                 98            0      490       50      0                  2                   0                     0                   0           0
             0                 0          0       0          0             0      49027.800           4    16                       0                 0              0                0                0                    1        129     0        129      0         0                  0                 0                 98            0      490       50      0                  2                   0                     0                   0           0
             0                 0          0       0          0             0      52201.200           4    17                       0                 0              0                0                0                    1        129     0        129      0         0                  0                 0                 98            0      490       50      0                  2                   0                     0                   0           0
             0                 0          0       0          0             0      55374.600           4    18                       0                 0              0                0                0                    1        129     0        129      0         0                  0                 0                 98            0      490       50      0                  2                   0                     0                   0           0
            49                 2         16   1.000      8.000       159.000      60875.220           4    19                       0                 0              0                0                0                    1        137    21        137      4         0                  0                 0                 98            0      490       50      0                  2                   0                     0                   0          47
             0                22         53   1.955     88.136      1725.517      74961.120          16    20                       0                 0              0                0                0                    6        226   110        226     32         3                  0                 2                 90           15      490       50      0                  8                   0                     0                   0          25
             0                23          9   3.174    160.000       504.875      83555.160          10    21                       0                 0              0                0                0                    4        167   110        167      7        24                  0                 6                 94           50      490       50      0                  5                   0                     0                   0           2
             0                 2          0   4.500    225.500        73.000      87651.600           8    22                       0                 0              0                0                0                    3        150    98        150      9         6                  0                12                 90           44      490       50      0                  4                   0                     0                   0           0
             0                 0          0       0          0             0      91292.400           8    23                       0                 0              0                0                0                    3        146    92        146      0         2                  0                 0                 92           28      490       50      0                  4                   0                     0                   0           0
             0                 0          0       0          0             0      94884.000           8    24                       0                 0              0                0                0                    3        144    88        144      0         1                  0                 0                 92           17      490       50      0                  4                   0                     0                   0           0
             0                 0          0       0          0             0      98401.800           8    25                       0                 0              0                0                0                    3        144    88        144      1         0                  0                 1                 99            8      490       50      0                  4                   0                     0                   0           0
             0                 0          0       0          0             0     101944.200           8    26                       0                 0              0                0                0                    3        144    88        144      0         0                  0                 0                 99            0      490       50      0                  4                   0                     0                   0           0
             0                 0          0       0          0             0     105486.600           8    27                       0                 0              0                0                0                    3        144    88        144      0         0                  0                 0                 99            0      490       50      0                  4                   0                     0                   0           0
             0                 0          0       0          0             0     109029.000           8    28                       0                 0              0                0                0                    3        144    88        144      0         0                  0                 0                 99            0      490       50      0                  4                   0                     0                   0           0
             0                 0          0       0          0             0     112571.400           8    29                       0                 0              0                0                0                    3        144    88        144      0         0                  0                 0                 99            0      490       50      0                  4                   0                     0                   0           0
             0                 0          0       0          0             0     116113.800           8    30                       0                 0              0                0                0                    3        144    88        144      0         0                  0                 0                 99            0      490       50      0                  4                   0                     0                   0           0
             0                 0          0       0          0             0     119656.200           8    31                       0                 0              0                0                0                    3        144    88        144      0         0                  0                 0                 99            0      490       50      0                  4                   0                     0                   0           0
             0                 0          0       0          0             0     123198.600           8    32                       0                 0              0                0                0                    3        144    88        144      0         0                  0                 0                 99            0      490       50      0                  4                   0                     0                   0           0
             0                 0          0       0          0             0     126741.000           8    33                       0                 0              0                0                0                    3        144    88        144      0         0                  0                 0                 99            0      490       50      0                  4                   0                     0                   0           0
             0                 0          0       0          0             0     130283.400           8    34                       0                 0              0                0                0                    3        144    88        144      0         0                  0                 0                 99            0      490       50      0                  4                   0                     0                   0           0
             0                 0          0       0          0             0     133825.800           8    35                       0                 0              0                0                0                    3        144    88        144      0         0                  0                 0                 99            0      490       50      0                  4                   0                     0                   0           0
             0                 0          0       0          0             0     137368.200           8    36                       0                 0              0                0                0                    3        144    88        144      0         0                  0                 0                 99            0      490       50      0                  4                   0                     0                   0           0
             0                 0          0       0          0             0     140910.600           8    37                       0                 0              0                0                0                    3        144    88        144      0         0                  0                 0                 99            0      490       50      0                  4                   0                     0                   0           0
             0                 0          0       0          0             0     144453.000           8    38                       0                 0              0                0                0                    3        144    88        144      0         0                  0                 0                 99            0      490       50      0                  4                   0                     0                   0           0
             0                 0          0       0          0             0     147995.400           8    39                       0                 0              0                0                0                    3        144    88        144      0         0                  0                 0                 99            0      490       50      0                  4                   0                     0                   0           0
             0                 0          0       0          0             0     151537.800           8    40                       0                 0              0                0                0                    3        144    88        144      0         0                  0                 0                 99            0      490       50      0                  4                   0                     0                   0           0
             0                 0          0       0          0             0     155080.200           8    41                       0                 0              0                0                0                    3        144    88        144      0         0                  0                 0                 99            0      490       50      0                  4                   0                     0                   0           0
             0                 0          0       0          0             0     158622.600           8    42                       0                 0              0                0                0                    3        144    88        144      0         0                  0                 0                 99            0      490       50      0                  4                   0                     0                   0           0
             0                 0          0       0          0             0     162165.000           8    43                       0                 0              0                0                0                    3        144    88        144      0         0                  0                 0                 99            0      490       50      0                  4                   0                     0                   0           0
             0                 0          0       0          0             0     165707.400           8    44                       0                 0              0                0                0                    3        144    88        144      0         0                  0                 0                 99            0      490       50      0                  4                   0                     0                   0           0
             0                 0          0       0          0             0     169249.800           8    45                       0                 0              0                0                0                    3        144    88        144      0         0                  0                 0                 99            0      490       50      0                  4                   0                     0                   0           0
             0                 0          0       0          0             0     172792.200           8    46                       0                 0              0                0                0                    3        144    88        144      0         0                  0                 0                 99            0      490       50      0                  4                   0                     0                   0           0
             0                 0          0       0          0             0     176334.600           8    47                       0                 0              0                0                0                    3        144    88        144      0         0                  0                 0                 99            0      490       50      0                  4                   0                     0                   0           0
             0                 0          0       0          0             0     179877.000           8    48                       0                 0              0                0                0                    3        144    88        144      0         0                  0                 0                 99            0      490       50      0                  4                   0                     0                   0           0
             0                 0          0       0          0             0     183419.400           8    49                       0                 0              0                0                0                    3        144    88        144      0         0                  0                 0                 99            0      490       50      0                  4                   0                     0                   0           0
             0                 0          0       0          0             0     186961.800           8    50                       0                 0              0                0                0                    3        144    88        144      0         0                  0                 0                 99            0      490       50      0                  4                   0                     0                   0           0
             0                 0          0       0          0             0     190504.200           8    51                       0                 0              0                0                0                    3        144    88        144      0         0                  0                 0                 99            0      490       50      0                  4                   0                     0                   0           0
             0                 0          0       0          0             0     194046.600           8    52                       0                 0              0                0                0                    3        144    88        144      0         0                  0                 0                 99            0      490       50      0                  4                   0                     0                   0           0
             0                 0          0       0          0             0     197589.000           8    53                       0                 0              0                0                0                    3        144    88        144      0         0                  0                 0                 99            0      490       50      0                  4                   0                     0                   0           0
             0                 0          0       0          0             0     201131.400           8    54                       0                 0              0                0                0                    3        144    88        144      0         0                  0                 0                 99            0      490       50      0                  4                   0                     0                   0           0
             0                 0          0       0          0             0     204673.800           8    55                       0                 0              0                0                0                    3        144    88        144      0         0                  0                 0                 99            0      490       50      0                  4                   0                     0                   0           0
             0                 0          0       0          0             0     208216.200           8    56                       0                 0              0                0                0                    3        144    88        144      0         0                  0                 0                 99            0      490       50      0                  4                   0                     0                   0           0
             0                 0          0       0          0             0     211758.600           8    57                       0                 0              0                0                0                    3        144    88        144      0         0                  0                 0                 99            0      490       50      0                  4                   0                     0                   0           0
             0                 0          0       0          0             0     215301.000           8    58                       0                 0              0                0                0                    3        144    88        144      0         0                  0                 0                 99            0      490       50      0                  4                   0                     0                   0           0
            49                12         42   1.417     40.250      1228.083     226596.260          12    59                       0                 0              0                0                0                    3        174   161        174     14         0                  2                 0                 99            0      490       50      0                  6                   0                     0                   0          37
             0                19         29   2.579    110.263      1530.708     237575.760           8    60                       0                 0              0                0                0                    2        175   212        175     14         9                  0                11                 95           50      490       50      0                  4                   1                     0                   0          18
             0                16          6   3.375    210.250      1001.917     244356.660           6    61                       0                 0              0                0                0                    2        156   207        156      9         8                  0                 7                103           40      490       50      0                  3                   0                     0                   0           2
             0                 2          2   4.000    300.000       254.000     248678.360           6    62                       0                 0              0                0                0                    2        151   202        151      4         3                  0                 3                101           26      490       50      0                  3                   0                     0                   0           0
             0                 0          0       0          0             0     252392.960           6    63                       0                 0              0                0                0                    2        145   189        145      0         3                  0                 0                104            3      490       50      0                  3                   0                     0                   0           0
             0                 0          0       0          0             0     255959.960           6    64                       0                 0              0                0                0                    2        145   189        145      0         0                  0                 0                103           28      490       50      0                  3                   0                     0                   0           0
             0                 0          0       0          0             0     259526.960           6    65                       0                 0              0                0                0                    2        145   189        145      0         0                  0                 0                103            0      490       50      0                  3                   0                     0                   0           0
             0                 0          0       0          0             0     263093.960           6    66                       0                 0              0                0                0                    2        145   189        145      0         0                  0                 0                103            0      490       50      0                  3                   0                     0                   0           0
             0                 0          0       0          0             0     266660.960           6    67                       0                 0              0                0                0                    2        145   189        145      0         0                  0                 0                103            0      490       50      0                  3                   0                     0                   0           0
             0                 0          0       0          0             0     270227.960           6    68                       0                 0              0                0                0                    2        145   189        145      0         0                  0                 0                103            0      490       50      0                  3                   0                     0                   0           0
             0                 0          0       0          0             0     273794.960           6    69                       0                 0              0                0                0                    2        145   189        145      0         0                  0                 0                103            0      490       50      0                  3                   0                     0                   0           0
             0                 0          0       0          0             0     277361.960           6    70                       0                 0              0                0                0                    2        145   189        145      0         0                  0                 0                103            0      490       50      0                  3                   0                     0                   0           0
             0                 0          0       0          0             0     280928.960           6    71                       0                 0              0                0                0                    2        145   189        145      0         0                  0                 0                103            0      490       50      0                  3                   0                     0                   0           0
             0                 0          0       0          0             0     284495.960           6    72                       0                 0              0                0                0                    2        145   189        145      0         0                  0                 0                103            0      490       50      0                  3                   0                     0                   0           0
             0                 0          0       0          0             0     288062.960           6    73                       0                 0              0                0                0                    2        145   189        145      0         0                  0                 0                103            0      490       50      0                  3                   0                     0                   0           0
             0                 0          0       0          0             0     291629.960           6    74                       0                 0              0                0                0                    2        145   189        145      0         0                  0                 0                103            0      490       50      0                  3                   0                     0                   0           0
             0                 0          0       0          0             0     295196.960           6    75                       0                 0              0                0                0                    2        145   189        145      0         0                  0                 0                103            0      490       50      0                  3                   0                     0                   0           0
             0                 0          0       0          0             0     298763.960           6    76                       0                 0              0                0                0                    2        145   189        145      0         0                  0                 0                103            0      490       50      0                  3                   0                     0                   0           0
             0                 0          0       0          0             0     302330.960           6    77                       0                 0              0                0                0                    2        145   189        145      0         0                  0                 0                103            0      490       50      0                  3                   0                     0                   0           0
             0                 0          0       0          0             0     305897.960           6    78                       0                 0              0                0                0                    2        145   189        145      0         0                  0                 0                103            0      490       50      0                  3                   0                     0                   0           0
             0                 0          0       0          0             0     309464.960           6    79                       0                 0              0                0                0                    2        145   189        145      0         0                  0                 0                103            0      490       50      0                  3                   0                     0                   0           0
             0                 0          0       0          0             0     313031.960           6    80                       0                 0              0                0                0                    2        145   189        145      0         0                  0                 0                103            0      490       50      0                  3                   0                     0                   0           0
             0                 0          0       0          0             0     316598.960           6    81                       0                 0              0                0                0                    2        145   189        145      0         0                  0                 0                103            0      490       50      0                  3                   0                     0                   0           0
             0                 0          0       0          0             0     320165.960           6    82                       0                 0              0                0                0                    2        145   189        145      0         0                  0                 0                103            0      490       50      0                  3                   0                     0                   0           0
             0                 0          0       0          0             0     323732.960           6    83                       0                 0              0                0                0                    2        145   189        145      0         0                  0                 0                103            0      490       50      0                  3                   0                     0                   0           0
             0                 0          0       0          0             0     327299.960           6    84                       0                 0              0                0                0                    2        145   189        145      0         0                  0                 0                103            0      490       50      0                  3                   0                     0                   0           0
             0                 0          0       0          0             0     330866.960           6    85                       0                 0              0                0                0                    2        145   189        145      0         0                  0                 0                103            0      490       50      0                  3                   0                     0                   0           0
             0                 0          0       0          0             0     334433.960           6    86                       0                 0              0                0                0                    2        145   189        145      0         0                  0                 0                103            0      490       50      0                  3                   0                     0                   0           0
             0                 0          0       0          0             0     338000.960           6    87                       0                 0              0                0                0                    2        145   189        145      0         0                  0                 0                103            0      490       50      0                  3                   0                     0                   0           0
             0                 0          0       0          0             0     341567.960           6    88                       0                 0              0                0                0                    2        145   189        145      0         0                  0                 0                103            0      490       50      0                  3                   0                     0                   0           0
             0                 0          0       0          0             0     345134.960           6    89                       0                 0              0                0                0                    2        145   189        145      0         0                  0                 0                103            0      490       50      0                  3                   0                     0                   0           0
             0                 0          0       0          0             0     348701.960           6    90                       0                 0              0                0                0                    2        145   189        145      0         0                  0                 0                103            0      490       50      0                  3                   0                     0                   0           0
             0                 0          0       0          0             0     352268.960           6    91                       0                 0              0                0                0                    2        145   189        145      0         0                  0                 0                103            0      490       50      0                  3                   0                     0                   0           0
             0                 0          0       0          0             0     355835.960           6    92                       0                 0              0                0                0                    2        145   189        145      0         0                  0                 0                103            0      490       50      0                  3                   0                     0                   0           0
             0                 0          0       0          0             0     359402.960           6    93                       0                 0              0                0                0                    2        145   189        145      0         0                  0                 0                103            0      490       50      0                  3                   0                     0                   0           0
             0                 0          0       0          0             0     362969.960           6    94                       0                 0              0                0                0                    2        145   189        145      0         0                  0                 0                103            0      490       50      0                  3                   0                     0                   0           0
             0                 0          0       0          0             0     366536.960           6    95                       0                 0              0                0                0                    2        145   189        145      0         0                  0                 0                103            0      490       50      0                  3                   0                     0                   0           0
             0                 0          0       0          0             0     370103.960           6    96                       0                 0              0                0                0                    2        145   189        145      0         0                  0                 0                103            0      490       50      0                  3                   0                     0                   0           0
             0                 0          0       0          0             0     373670.960           6    97                       0                 0              0                0                0                    2        145   189        145      0         0                  0                 0                103            0      490       50      0                  3                   0                     0                   0           0
             0                 0          0       0          0             0     377237.960           6    98                       0                 0              0                0                0                    2        145   189        145      0         0                  0                 0                103            0      490       50      0                  3                   0                     0                   0           0
             0                 0          0       0          0             0     380804.960           6    99                       0                 0              0                0                0                    2        145   189        145      0         0                  0                 0                103            0      490       50      0                  3                   0                     0                   0           0
#pos runNum=0 0@(1.00000,1.00000)@0 1@(1.10463,1.08271)@548 2@(1.20307,1.23358)@739 3@(1.02545,1.27968)@630 4@(1.07547,1.01179)@605 5@(1.23685,1.15713)@614 6@(1.22894,1.35932)@1316 7@(1.14476,1.02150)@1102 8@(1.13848,1.17281)@1401 9@(1.02536,1.38641)@1302 10@(0.89859,1.16659)@1572 11@(1.20645,1.06725)@1572 12@(1.39803,1.25641)@1507 13@(1.24158,1.16841)@1145 14@(1.11815,1.22247)@819 15@(1.27467,1.35940)@1379 16@(1.10571,0.87527)@1162 17@(1.05609,1.23134)@682 18@(1.30412,1.20794)@1172 19@(1.01586,1.19806)@630 20@(1.11251,1.00001)@1163 21@(1.35306,0.95733)@1382 22@(1.29993,1.04628)@1731 23@(0.98679,1.19556)@1483 24@(1.14555,1.30295)@1297 25@(1.19243,1.00693)@1665 26@(1.45353,0.90846)@2169 27@(1.07222,0.98485)@1467 28@(1.04756,0.98431)@542 29@(1.45061,1.05776)@1672 30@(1.00481,1.16665)@1188 31@(1.33823,1.36394)@1446 32@(1.06113,1.39296)@1346 33@(0.93877,1.27547)@1245 34@(1.12808,0.87217)@1173 35@(1.07410,1.02046)@704 36@(1.18140,1.13310)@1382 37@(0.94818,0.93709)@1156 38@(1.49164,1.27925)@1345 39@(1.06056,1.04677)@1117 40@(1.12592,0.87175)@1409 41@(1.07298,0.78042)@1893 42@(0.95156,0.92943)@1334 43@(0.78993,1.30960)@2445 44@(1.26782,0.93124)@1345 45@(1.30010,0.76128)@1802 46@(0.98209,1.20434)@1418 47@(0.81969,1.34174)@2038 48@(1.22423,0.79617)@1629 49@(1.27661,0.88152)@1833
#links runNum=0 17-21@-95dBm@0.207 1-10@-93dBm@0.527 31-33@-96dBm@0.101 0-14@-93dBm@0.631 20-26@-93dBm@0.650 33-47@-93dBm@0.639 4-11@-87dBm@0.938 24-34@-93dBm@0.558 5-11@-83dBm@0.974 2-43@-94dBm@0.351 7-44@-94dBm@0.328 40-44@-87dBm@0.946 13-21@-96dBm@0.151 1-13@-90dBm@0.861 4-7@-91dBm@0.799 1-11@-93dBm@0.549 0-27@-96dBm@0.118 3-8@-85dBm@0.963 28-40@-92dBm@0.716 14-35@-88dBm@0.934 6-12@-90dBm@0.845 20-22@-87dBm@0.946 9-47@-89dBm@0.876 31-32@-94dBm@0.438 20-39@-93dBm@0.651 8-37@-92dBm@0.666 8-24@-86dBm@0.953 18-38@-90dBm@0.807 20-28@-77dBm@1.000 27-35@-87dBm@0.943 28-32@-92dBm@0.666 13-19@-96dBm@0.138 34-39@-95dBm@0.259 7-49@-91dBm@0.733 24-46@-92dBm@0.700 23-47@-93dBm@0.591 18-29@-95dBm@0.200 7-12@-93dBm@0.652 16-27@-86dBm@0.951 11-48@-92dBm@0.699 22-36@-89dBm@0.881 7-23@-88dBm@0.937 2-15@-90dBm@0.863 33-46@-79dBm@1.000 21-26@-83dBm@0.974 10-35@-88dBm@0.932 10-27@-96dBm@0.092 1-6@-92dBm@0.688 30-31@-93dBm@0.658 18-25@-95dBm@0.236 8-49@-92dBm@0.686 17-46@-93dBm@0.661 3-47@-94dBm@0.423 11-32@-91dBm@0.739 39-43@-93dBm@0.609 21-44@-97dBm@0.074 29-36@-90dBm@0.863 9-10@-92dBm@0.680 14-19@-87dBm@0.939 11-22@-95dBm@0.219 13-24@-86dBm@0.954 9-20@-95dBm@0.202 22-44@-83dBm@0.974 37-46@-91dBm@0.739 44-49@-82dBm@0.985 16-21@-90dBm@0.850 9-43@-89dBm@0.869 19-35@-94dBm@0.358 7-25@-85dBm@0.961 6-9@-93dBm@0.606 6-23@-96dBm@0.147 14-36@-82dBm@0.985 5-31@-92dBm@0.688 34-46@-94dBm@0.388 19-20@-90dBm@0.861 5-38@-91dBm@0.747 33-43@-93dBm@0.655 1-8@-92dBm@0.671 10-23@-90dBm@0.865 18-21@-95dBm@0.283 1-31@-95dBm@0.283 9-19@-89dBm@0.868 10-31@-95dBm@0.195 11-15@-93dBm@0.660 3-6@-89dBm@0.879 36-40@-92dBm@0.690 14-39@-86dBm@0.950 36-44@-89dBm@0.896 8-39@-84dBm@0.974 13-31@-94dBm@0.439 41-45@-93dBm@0.560 22-41@-92dBm@0.709 43-47@-80dBm@0.989 9-23@-96dBm@0.178 24-38@-92dBm@0.715 2-9@-88dBm@0.916 39-44@-93dBm@0.648 20-25@-84dBm@0.974 6-21@-94dBm@0.352 40-42@-94dBm@0.516 10-37@-92dBm@0.682 5-29@-95dBm@0.195 4-14@-93dBm@0.628 17-28@-96dBm@0.167 20-35@-92dBm@0.674 5-44@-91dBm@0.744 24-36@-92dBm@0.685 25-29@-91dBm@0.763 4-40@-92dBm@0.662 22-45@-90dBm@0.865 28-29@-95dBm@0.196 17-33@-85dBm@0.962 34-40@-59dBm@1.000 14-46@-85dBm@0.960 2-3@-87dBm@0.946 2-49@-95dBm@0.203 7-39@-92dBm@0.678 31-36@-92dBm@0.716 28-36@-91dBm@0.762 7-8@-86dBm@0.957 19-42@-91dBm@0.722 13-35@-96dBm@0.081 13-16@-92dBm@0.685 45-49@-82dBm@0.984 5-24@-95dBm@0.237 24-28@-97dBm@0.017 4-8@-85dBm@0.963 29-49@-97dBm@0.053 22-25@-83dBm@0.976 5-35@-93dBm@0.539 2-24@-81dBm@0.985 5-41@-96dBm@0.084 1-16@-90dBm@0.862 36-39@-94dBm@0.325 5-27@-92dBm@0.696 19-30@-88dBm@0.935 0-28@-86dBm@0.956 10-33@-85dBm@0.964 0-1@-86dBm@0.957 16-41@-91dBm@0.781 25-43@-96dBm@0.114 13-38@-90dBm@0.865 4-15@-93dBm@0.601 18-22@-95dBm@0.294 16-34@-82dBm@0.982 5-7@-84dBm@0.969 2-12@-92dBm@0.672 24-47@-92dBm@0.696 13-14@-83dBm@0.976 34-36@-93dBm@0.599 14-22@-92dBm@0.701 11-36@-95dBm@0.230 5-22@-91dBm@0.740 4-22@-94dBm@0.429 12-38@-93dBm@0.646 26-27@-96dBm@0.183 8-21@-95dBm@0.294 13-26@-93dBm@0.597 1-4@-86dBm@0.952 1-34@-90dBm@0.864 20-38@-94dBm@0.463 7-13@-88dBm@0.909 19-33@-85dBm@0.960 4-9@-96dBm@0.116 18-35@-97dBm@0.020 0-17@-92dBm@0.707 10-17@-88dBm@0.929 37-42@-73dBm@1.000 22-26@-90dBm@0.863 9-15@-97dBm@0.014 27-30@-86dBm@0.957 0-19@-91dBm@0.799 4-5@-92dBm@0.664 39-46@-87dBm@0.941 22-39@-93dBm@0.551 9-24@-86dBm@0.958 9-42@-94dBm@0.409 20-21@-93dBm@0.542 6-31@-93dBm@0.658 11-49@-90dBm@0.853 23-36@-91dBm@0.740 5-6@-91dBm@0.746 19-27@-93dBm@0.569 0-35@-92dBm@0.712 1-2@-92dBm@0.714 1-36@-94dBm@0.348 8-17@-82dBm@0.985 37-39@-94dBm@0.486 16-40@-77dBm@1.000 25-35@-82dBm@0.985 42-49@-96dBm@0.106 15-18@-90dBm@0.823 9-14@-92dBm@0.678 16-35@-97dBm@0.040 16-45@-89dBm@0.869 8-13@-86dBm@0.958 11-23@-93dBm@0.653 13-36@-88dBm@0.936 8-33@-95dBm@0.212 20-31@-93dBm@0.558 23-35@-96dBm@0.131 7-16@-93dBm@0.602 8-14@-77dBm@1.000 13-23@-91dBm@0.729 39-42@-92dBm@0.714 35-42@-89dBm@0.900 17-39@-93dBm@0.636 21-39@-95dBm@0.196 8-10@-92dBm@0.694 3-28@-95dBm@0.315 6-33@-91dBm@0.741 23-39@-85dBm@0.959 8-19@-94dBm@0.484 25-41@-89dBm@0.866 1-27@-97dBm@0.010 14-29@-92dBm@0.673 11-37@-91dBm@0.756 36-45@-93dBm@0.652 5-18@-84dBm@0.972 22-48@-91dBm@0.791 1-3@-92dBm@0.716 14-18@-90dBm@0.812 0-5@-90dBm@0.860 24-33@-95dBm@0.240 14-38@-96dBm@0.184 5-39@-91dBm@0.761 17-18@-95dBm@0.269 13-47@-96dBm@0.184 35-40@-93dBm@0.646 19-46@-89dBm@0.868 12-46@-93dBm@0.559 7-28@-83dBm@0.978 12-15@-91dBm@0.800 48-49@-91dBm@0.725 0-2@-92dBm@0.675 23-37@-97dBm@0.030 20-41@-94dBm@0.421 3-23@-93dBm@0.630 27-41@-94dBm@0.369 6-35@-93dBm@0.605 2-28@-90dBm@0.833 3-18@-96dBm@0.177 32-42@-95dBm@0.293 31-38@-88dBm@0.934 7-48@-90dBm@0.823 21-46@-97dBm@0.002 17-24@-88dBm@0.934 1-7@-87dBm@0.948 0-4@-89dBm@0.870 6-11@-97dBm@0.059 30-41@-93dBm@0.653 14-40@-93dBm@0.530 5-46@-91dBm@0.731 4-28@-74dBm@1.000 4-20@-86dBm@0.956 16-30@-94dBm@0.367 2-4@-94dBm@0.503 18-32@-92dBm@0.704 7-20@-82dBm@0.984 9-25@-97dBm@0.056 5-12@-93dBm@0.595 31-44@-96dBm@0.157 16-17@-97dBm@0.002 3-19@-88dBm@0.937 25-46@-89dBm@0.866 29-45@-95dBm@0.270 4-39@-79dBm@1.000 0-3@-92dBm@0.708 40-41@-90dBm@0.812 2-5@-83dBm@0.978 32-36@-90dBm@0.816 26-29@-84dBm@0.974 3-9@-83dBm@0.974 23-30@-80dBm@0.993 13-39@-89dBm@0.869 25-28@-95dBm@0.205 5-21@-92dBm@0.713 26-45@-94dBm@0.400 28-37@-89dBm@0.884 23-46@-77dBm@1.000 22-33@-96dBm@0.148 23-33@-83dBm@0.976 4-48@-93dBm@0.546 3-30@-85dBm@0.960 19-25@-96dBm@0.140 4-35@-68dBm@1.000 13-22@-86dBm@0.957 25-39@-84dBm@0.974 5-36@-95dBm@0.266 38-42@-97dBm@0.026 6-39@-93dBm@0.581 20-27@-80dBm@0.990
#aveChargePerCycle runNum=0 0@429.36 1@326.55 2@130.22 3@167.94 4@345.39 5@425.53 6@31.46 7@212.02 8@26.58 9@53.03 10@1.30 11@34.49 12@2.59 13@205.06 14@206.16 15@1.94 16@169.82 17@101.34 18@78.80 19@161.90 20@104.57 21@28.64 22@15.81 23@25.40 24@1.30 25@16.98 26@1.30 27@2.59 28@157.35 29@1.94 30@20.48 31@4.63 32@1.30 33@27.22 34@1.30 35@78.68 36@59.54 37@26.05 38@10.89 39@52.47 40@21.66 41@1.30 42@1.30 43@3.24 44@10.89 45@1.30 46@2.19 47@3.24 48@1.30 49@12.22