## dioPeriod = 1.0
## burstTimestamp = 20
## minRssi = -97
## numMotes = 50
## otfHousekeepingPeriod = 1.0
## sixtopNoRemoveWorstCell = 0
## simDataDir = simData
## numChans = 16
## slotframeLength = 101
## squareSide = 2.0
## cpuID = 87
## sixtopPdrThreshold = 1.5
## pkPeriod = None
## sixtopHousekeepingPeriod = 1.0
## sixtopNoHousekeeping = 0
## algorithm = otf
## pkPeriodVar = 0.05
## numCyclesPerRun = 100
## startTime = 1502276471.28
## slotDuration = 0.01
## numRuns = 1
## combinationKeys = ['algorithm', 'numMotes', 'otfThreshold']
## numPacketsBurst = 5
## otfThreshold = 1
## noInterference = 0
## gui = False


# appGenerated appReachesDagroot appRelayed aveHops aveLatency aveQueueDelay chargeConsumed collidedTxs cycle droppedAppFailedEnqueue droppedMacRetries droppedNoRoute droppedNoTxCells droppedQueueFull effectiveCollidedTxs numRxCells numTx numTxCells otfAdd otfRemove probableCollisions rplChurnParentSet rplChurnPrefParent rplChurnRank rplRxDIO rplTxDIO runNum scheduleCollisions topRxRelocatedCells topTxRelocatedBundles topTxRelocatedCells txQueueFill
             0                 0          0       0          0             0              0           0     0                       0                 0              0                0                0                    0          0     0          0      0         0                  0                 0                  0            0        0        0      0                  0                   0                     0                   0           0
             0                 0          0       0          0             0       1574.400           8     1                       0                 0              0                0                0                    3        120     0        120    120         0                  0               147                 77            5      500       50      0                  4                   0                     0                   0           0
             0                 0          0       0          0             0       4747.800          10     2                       0                 0              0                0                0                    4        129     0        129      9         0                  0                 0                121            0      500       50      0                  5                   0                     0                   0           0
             0                 0          0       0          0             0       7921.200          10     3                       0                 0              0                0                0                    4        129     0        129      0         0                  0                 0                121            0      500       50      0                  5                   0                     0                   0           0
             0                 0          0       0          0             0      11094.600          10     4                       0                 0              0                0                0                    4        129     0        129      0         0                  0                 0                121            0      500       50      0                  5                   0                     0                   0           0
             0                 0          0       0          0             0      14268.000          10     5                       0                 0              0                0                0                    4        129     0        129      0         0                  0                 0                121            0      500       50      0                  5                   0                     0                   0           0
             0                 0          0       0          0             0      17441.400          10     6                       0                 0              0                0                0                    4        129     0        129      0         0                  0                 0                121            0      500       50      0                  5                   0                     0                   0           0
             0                 0          0       0          0             0      20614.800          10     7                       0                 0              0                0                0                    4        129     0        129      0         0                  0                 0                121            0      500       50      0                  5                   0                     0                   0           0
             0                 0          0       0          0             0      23788.200          10     8                       0                 0              0                0                0                    4        129     0        129      0         0                  0                 0                121            0      500       50      0                  5                   0                     0                   0           0
             0                 0          0       0          0             0      26961.600          10     9                       0                 0              0                0                0                    4        129     0        129      0         0                  0                 0                121            0      500       50      0                  5                   0                     0                   0           0
             0                 0          0       0          0             0      30135.000          10    10                       0                 0              0                0                0                    4        129     0        129      0         0                  0                 0                121            0      500       50      0                  5                   0                     0                   0           0
             0                 0          0       0          0             0      33308.400          10    11                       0                 0              0                0                0                    4        129     0        129      0         0                  0                 0                121            0      500       50      0                  5                   0                     0                   0           0
             0                 0          0       0          0             0      36481.800          10    12                       0                 0              0                0                0                    4        129     0        129      0         0                  0                 0                121            0      500       50      0                  5                   0                     0                   0           0
             0                 0          0       0          0             0      39655.200          10    13                       0                 0              0                0                0                    4        129     0        129      0         0                  0                 0                121            0      500       50      0                  5                   0                     0                   0           0
             0                 0          0       0          0             0      42828.600          10    14                       0                 0              0                0                0                    4        129     0        129      0         0                  0                 0                121            0      500       50      0                  5                   0                     0                   0           0
             0                 0          0       0          0             0      46002.000          10    15                       0                 0              0                0                0                    4        129     0        129      0         0                  0                 0                121            0      500       50      0                  5                   0                     0                   0           0
             0                 0          0       0          0             0      49175.400          10    16                       0                 0              0                0                0                    4        129     0        129      0         0                  0                 0                121            0      500       50      0                  5                   0                     0                   0           0
             0                 0          0       0          0             0      52348.800          10    17                       0                 0              0                0                0                    4        129     0        129      0         0                  0                 0                121            0      500       50      0                  5                   0                     0                   0           0
             0                 0          0       0          0             0      55522.200          10    18                       0                 0              0                0                0                    4        129     0        129      0         0                  0                 0                121            0      500       50      0                  5                   0                     0                   0           0
            49                 1         19   1.000     16.000       207.000      61297.280          10    19                       0                 0              0                0                0                    4        131    24        131      1         0                  0                 0                121            0      500       50      0                  5                   0                     0                   0          48
             0                18         46   1.944     81.500      1795.083      74132.740          23    20                       0                 0              0                0                0                    8        225   107        225     33         0                  2                 2                112           15      500       50      0                 12                   0                     0                   0          30
             0                29         20   3.207    171.207       732.990      85451.140          17    21                       0                 0              0                0                0                    5        184   138        184      9        23                  0                 7                112           44      500       50      0                  9                   1                     0                   0           1
             0                 1          0   5.000    229.000        48.000      89848.660          19    22                       0                 0              0                0                0                    5        154   114        154      2        11                  0                 2                112           37      500       50      0                 10                   1                     0                   0           0
             0                 0          0       0          0             0      93563.260          17    23                       0                 0              0                0                0                    5        148   103        148      2         4                  0                 3                112           25      500       50      0                  9                   0                     0                   0           0
             0                 0          0       0          0             0      97204.060          17    24                       0                 0              0                0                0                    5        148   103        148      0         0                  0                 0                112            5      500       50      0                  9                   0                     0                   0           0
             0                 0          0       0          0             0     100820.260          17    25                       0                 0              0                0                0                    5        144    95        144      0         2                  0                 0                112            0      500       50      0                  9                   0                     0                   0           0
             0                 0          0       0          0             0     104362.660          17    26                       0                 0              0                0                0                    5        144    95        144      0         0                  0                 0                112            4      500       50      0                  9                   0                     0                   0           0
             0                 0          0       0          0             0     107905.060          17    27                       0                 0              0                0                0                    5        144    95        144      0         0                  0                 0                112            0      500       50      0                  9                   0                     0                   0           0
             0                 0          0       0          0             0     111447.460          17    28                       0                 0              0                0                0                    5        144    95        144      0         0                  0                 0                112            0      500       50      0                  9                   0                     0                   0           0
             0                 0          0       0          0             0     114989.860          17    29                       0                 0              0                0                0                    5        144    95        144      0         0                  0                 0                112            0      500       50      0                  9                   0                     0                   0           0
             0                 0          0       0          0             0     118532.260          17    30                       0                 0              0                0                0                    5        144    95        144      0         0                  0                 0                112            0      500       50      0                  9                   0                     0                   0           0
             0                 0          0       0          0             0     122074.660          17    31                       0                 0              0                0                0                    5        144    95        144      0         0                  0                 0                112            0      500       50      0                  9                   0                     0                   0           0
             0                 0          0       0          0             0     125617.060          17    32                       0                 0              0                0                0                    5        144    95        144      0         0                  0                 0                112            0      500       50      0                  9                   0                     0                   0           0
             0                 0          0       0          0             0     129159.460          17    33                       0                 0              0                0                0                    5        144    95        144      0         0                  0                 0                112            0      500       50      0                  9                   0                     0                   0           0
             0                 0          0       0          0             0     132701.860          17    34                       0                 0              0                0                0                    5        144    95        144      0         0                  0                 0                112            0      500       50      0                  9                   0                     0                   0           0
             0                 0          0       0          0             0     136244.260          17    35                       0                 0              0                0                0                    5        144    95        144      0         0                  0                 0                112            0      500       50      0                  9                   0                     0                   0           0
             0                 0          0       0          0             0     139786.660          17    36                       0                 0              0                0                0                    5        144    95        144      0         0                  0                 0                112            0      500       50      0                  9                   0                     0                   0           0
             0                 0          0       0          0             0     143329.060          17    37                       0                 0              0                0                0                    5        144    95        144      0         0                  0                 0                112            0      500       50      0                  9                   0                     0                   0           0
             0                 0          0       0          0             0     146871.460          17    38                       0                 0              0                0                0                    5        144    95        144      0         0                  0                 0                112            0      500       50      0                  9                   0                     0                   0           0
             0                 0          0       0          0             0     150413.860          17    39                       0                 0              0                0                0                    5        144    95        144      0         0                  0                 0                112            0      500       50      0                  9                   0                     0                   0           0
             0                 0          0       0          0             0     153956.260          17    40                       0                 0              0                0                0                    5        144    95        144      0         0                  0                 0                112            0      500       50      0                  9                   0                     0                   0           0
             0                 0          0       0          0             0     157498.660          17    41                       0                 0              0                0                0                    5        144    95        144      0         0                  0                 0                112            0      500       50      0                  9                   0                     0                   0           0
             0                 0          0       0          0             0     161041.060          17    42                       0                 0              0                0                0                    5        144    95        144      0         0                  0                 0                112            0      500       50      0                  9                   0                     0                   0           0
             0                 0          0       0          0             0     164583.460          17    43                       0                 0              0                0                0                    5        144    95        144      0         0                  0                 0                112            0      500       50      0                  9                   0                     0                   0           0
             0                 0          0       0          0             0     168125.860          17    44                       0                 0              0                0                0                    5        144    95        144      0         0                  0                 0                112            0      500       50      0                  9                   0                     0                   0           0
             0                 0          0       0          0             0     171668.260          17    45                       0                 0              0                0                0                    5        144    95        144      0         0                  0                 0                112            0      500       50      0                  9                   0                     0                   0           0
             0                 0          0       0          0             0     175210.660          17    46                       0                 0              0                0                0                    5        144    95        144      0         0                  0                 0                112            0      500       50      0                  9                   0                     0                   0           0
             0                 0          0       0          0             0     178753.060          17    47                       0                 0              0                0                0                    5        144    95        144      0         0                  0                 0                112            0      500       50      0                  9                   0                     0                   0           0
             0                 0          0       0          0             0     182295.460          17    48                       0                 0              0                0                0                    5        144    95        144      0         0                  0                 0                112            0      500       50      0                  9                   0                     0                   0           0
             0                 0          0       0          0             0     185837.860          17    49                       0                 0              0                0                0                    5        144    95        144      0         0                  0                 0                112            0      500       50      0                  9                   0                     0                   0           0
             0                 0          0       0          0             0     189380.260          17    50                       0                 0              0                0                0                    5        144    95        144      0         0                  0                 0                112            0      500       50      0                  9                   0                     0                   0           0
             0                 0          0       0          0             0     192922.660          17    51                       0                 0              0                0                0                    5        144    95        144      0         0                  0                 0                112            0      500       50      0                  9                   0                     0                   0           0
             0                 0          0       0          0             0     196465.060          17    52                       0                 0              0                0                0                    5        144    95        144      0         0                  0                 0                112            0      500       50      0                  9                   0                     0                   0           0
             0                 0          0       0          0             0     200007.460          17    53                       0                 0              0                0                0                    5        144    95        144      0         0                  0                 0                112            0      500       50      0                  9                   0                     0                   0           0
             0                 0          0       0          0             0     203549.860          17    54                       0                 0              0                0                0                    5        144    95        144      0         0                  0                 0                112            0      500       50      0                  9                   0                     0                   0           0
             0                 0          0       0          0             0     207092.260          17    55                       0                 0              0                0                0                    5        144    95        144      0         0                  0                 0                112            0      500       50      0                  9                   0                     0                   0           0
             0                 0          0       0          0             0     210634.660          17    56                       0                 0              0                0                0                    5        144    95        144      0         0                  0                 0                112            0      500       50      0                  9                   0                     0                   0           0
             0                 0          0       0          0             0     214177.060          17    57                       0                 0              0                0                0                    5        144    95        144      0         0                  0                 0                112            0      500       50      0                  9                   0                     0                   0           0
             0                 0          0       0          0             0     217719.460          17    58                       0                 0              0                0                0                    5        144    95        144      0         0                  0                 0                112            0      500       50      0                  9                   0                     0                   0           0
            49                 9         45   1.556     39.000      1331.500     228422.360          25    59                       0                 0              0                0                0                    7        162   160        162      9         0                  1                 0                112            0      500       50      0                 13                   0                     0                   0          40
             0                26         26   2.231    112.538      1147.248     239597.780          23    60                       0                 0              0                0                0                    7        183   210        183     16         6                  0                 3                112           38      500       50      0                 12                   0                     0                   0          14
             0                12          3   3.583    199.083       433.417     245388.980          16    61                       0                 0              0                0                0                    2        150   195        150      3        17                  0                 1                111           44      500       50      0                  8                   1                     0                   0           2
             0                 2          0   4.000    295.500       112.000     249313.220          14    62                       0                 0              0                0                0                    2        148   193        148      0         1                  0                 0                111           25      500       50      0                  7                   0                     0                   0           0
             0                 0          0       0          0             0     252929.420          14    63                       0                 0              0                0                0                    2        146   189        146      0         1                  0                 0                111            4      500       50      0                  7                   0                     0                   0           0
             0                 0          0       0          0             0     256521.020          14    64                       0                 0              0                0                0                    2        146   189        146      0         0                  0                 0                111            0      500       50      0                  7                   0                     0                   0           0
             0                 0          0       0          0             0     260112.620          14    65                       0                 0              0                0                0                    2        146   189        146      0         0                  0                 0                111            0      500       50      0                  7                   0                     0                   0           0
             0                 0          0       0          0             0     263704.220          14    66                       0                 0              0                0                0                    2        146   189        146      0         0                  0                 0                111            0      500       50      0                  7                   0                     0                   0           0
             0                 0          0       0          0             0     267295.820          14    67                       0                 0              0                0                0                    2        146   189        146      0         0                  0                 0                111            0      500       50      0                  7                   0                     0                   0           0
             0                 0          0       0          0             0     270887.420          14    68                       0                 0              0                0                0                    2        146   189        146      0         0                  0                 0                111            0      500       50      0                  7                   0                     0                   0           0
             0                 0          0       0          0             0     274479.020          14    69                       0                 0              0                0                0                    2        146   189        146      0         0                  0                 0                111            0      500       50      0                  7                   0                     0                   0           0
             0                 0          0       0          0             0     278070.620          14    70                       0                 0              0                0                0                    2        146   189        146      0         0                  0                 0                111            0      500       50      0                  7                   0                     0                   0           0
             0                 0          0       0          0             0     281662.220          14    71                       0                 0              0                0                0                    2        146   189        146      0         0                  0                 0                111            0      500       50      0                  7                   0                     0                   0           0
             0                 0          0       0          0             0     285253.820          14    72                       0                 0              0                0                0                    2        146   189        146      0         0                  0                 0                111            0      500       50      0                  7                   0                     0                   0           0
             0                 0          0       0          0             0     288845.420          14    73                       0                 0              0                0                0                    2        146   189        146      0         0                  0                 0                111            0      500       50      0                  7                   0                     0                   0           0
             0                 0          0       0          0             0     292437.020          14    74                       0                 0              0                0                0                    2        146   189        146      0         0                  0                 0                111            0      500       50      0                  7                   0                     0                   0           0
             0                 0          0       0          0             0     296028.620          14    75                       0                 0              0                0                0                    2        146   189        146      0         0                  0                 0                111            0      500       50      0                  7                   0                     0                   0           0
             0                 0          0       0          0             0     299620.220          14    76                       0                 0              0                0                0                    2        146   189        146      0         0                  0                 0                111            0      500       50      0                  7                   0                     0                   0           0
             0                 0          0       0          0             0     303211.820          14    77                       0                 0              0                0                0                    2        146   189        146      0         0                  0                 0                111            0      500       50      0                  7                   0                     0                   0           0
             0                 0          0       0          0             0     306803.420          14    78                       0                 0              0                0                0                    2        146   189        146      0         0                  0                 0                111            0      500       50      0                  7                   0                     0                   0           0
             0                 0          0       0          0             0     310395.020          14    79                       0                 0              0                0                0                    2        146   189        146      0         0                  0                 0                111            0      500       50      0                  7                   0                     0                   0           0
             0                 0          0       0          0             0     313986.620          14    80                       0                 0              0                0                0                    2        146   189        146      0         0                  0                 0                111            0      500       50      0                  7                   0                     0                   0           0
             0                 0          0       0          0             0     317578.220          14    81                       0                 0              0                0                0                    2        146   189        146      0         0                  0                 0                111            0      500       50      0                  7                   0                     0                   0           0
             0                 0          0       0          0             0     321169.820          14    82                       0                 0              0                0                0                    2        146   189        146      0         0                  0                 0                111            0      500       50      0                  7                   0                     0                   0           0
             0                 0          0       0          0             0     324761.420          14    83                       0                 0              0                0                0                    2        146   189        146      0         0                  0                 0                111            0      500       50      0                  7                   0                     0                   0           0
             0                 0          0       0          0             0     328353.020          14    84                       0                 0              0                0                0                    2        146   189        146      0         0                  0                 0                111            0      500       50      0                  7                   0                     0                   0           0
             0                 0          0       0          0             0     331944.620          14    85                       0                 0              0                0                0                    2        146   189        146      0         0                  0                 0                111            0      500       50      0                  7                   0                     0                   0           0
             0                 0          0       0          0             0     335536.220          14    86                       0                 0              0                0                0                    2        146   189        146      0         0                  0                 0                111            0      500       50      0                  7                   0                     0                   0           0
             0                 0          0       0          0             0     339127.820          14    87                       0                 0              0                0                0                    2        146   189        146      0         0                  0                 0                111            0      500       50      0                  7                   0                     0                   0           0
             0                 0          0       0          0             0     342719.420          14    88                       0                 0              0                0                0                    2        146   189        146      0         0                  0                 0                111            0      500       50      0                  7                   0                     0                   0           0
             0                 0          0       0          0             0     346311.020          14    89                       0                 0              0                0                0                    2        146   189        146      0         0                  0                 0                111            0      500       50      0                  7                   0                     0                   0           0
             0                 0          0       0          0             0     349902.620          14    90                       0                 0              0                0                0                    2        146   189        146      0         0                  0                 0                111            0      500       50      0                  7                   0                     0                   0           0
             0                 0          0       0          0             0     353494.220          14    91                       0                 0              0                0                0                    2        146   189        146      0         0                  0                 0                111            0      500       50      0                  7                   0                     0                   0           0
             0                 0          0       0          0             0     357085.820          14    92                       0                 0              0                0                0                    2        146   189        146      0         0                  0                 0                111            0      500       50      0                  7                   0                     0                   0           0
             0                 0          0       0          0             0     360677.420          14    93                       0                 0              0                0                0                    2        146   189        146      0         0                  0                 0                111            0      500       50      0                  7                   0                     0                   0           0
             0                 0          0       0          0             0     364269.020          14    94                       0                 0              0                0                0                    2        146   189        146      0         0                  0                 0                111            0      500       50      0                  7                   0                     0                   0           0
             0                 0          0       0          0             0     367860.620          14    95                       0                 0              0                0                0                    2        146   189        146      0         0                  0                 0                111            0      500       50      0                  7                   0                     0                   0           0
             0                 0          0       0          0             0     371452.220          14    96                       0                 0              0                0                0                    2        146   189        146      0         0                  0                 0                111            0      500       50      0                  7                   0                     0                   0           0
             0                 0          0       0          0             0     375043.820          14    97                       0                 0              0                0                0                    2        146   189        146      0         0                  0                 0                111            0      500       50      0                  7                   0                     0                   0           0
             0                 0          0       0          0             0     378635.420          14    98                       0                 0              0                0                0                    2        146   189        146      0         0                  0                 0                111            0      500       50      0                  7                   0                     0                   0           0
             0                 0          0       0          0             0     382227.020          14    99                       0                 0              0                0                0                    2        146   189        146      0         0                  0                 0                111            0      500       50      0                  7                   0                     0                   0           0
#pos runNum=0 0@(1.00000,1.00000)@0 1@(1.21038,0.96714)@576 2@(1.17337,1.09575)@739 3@(1.06088,0.91721)@597 4@(0.91924,1.11613)@796 5@(1.17927,1.16526)@1127 6@(1.25029,1.04081)@1139 7@(1.05729,0.85887)@542 8@(1.07321,1.01184)@1600 9@(0.81632,0.84076)@1365 10@(1.11693,0.99282)@1144 11@(1.00955,0.93353)@512 12@(1.10413,0.92798)@548 13@(0.93676,0.82858)@1436 14@(1.06926,1.11923)@1134 15@(1.03180,0.91952)@1100 16@(1.25689,1.17701)@1307 17@(0.96134,0.86890)@1155 18@(0.92154,0.75514)@1237 19@(0.94292,0.75001)@832 20@(1.02542,1.04560)@512 21@(1.13230,1.23893)@1307 22@(1.13767,1.17591)@1453 23@(1.13288,1.23769)@1279 24@(0.92989,1.16199)@2076 25@(0.90236,1.11853)@1364 26@(1.00647,1.16192)@563 27@(0.84853,1.17868)@1453 28@(0.98251,1.09795)@1354 29@(1.21500,0.96945)@1088 30@(0.96697,0.89368)@1105 31@(1.13584,0.84475)@704 32@(0.91741,0.92537)@1080 33@(1.30205,1.10115)@1152 34@(1.29302,1.36111)@1507 35@(0.61585,1.01502)@1990 36@(1.48020,1.38335)@1543 37@(0.85500,0.84895)@1535 38@(1.25162,1.39962)@1838 39@(0.68240,0.84949)@1928 40@(1.22157,1.35289)@1967 41@(0.77513,1.09981)@1421 42@(0.92102,1.25036)@2419 43@(0.98712,0.71565)@625 44@(1.17261,1.07061)@1410 45@(0.75438,0.81803)@1301 46@(1.16362,0.94140)@563 47@(1.04117,1.19302)@1075 48@(1.18127,0.66291)@1453 49@(1.43221,1.13058)@1480
#links runNum=0 1-10@-87dBm@0.947 7-45@-95dBm@0.193 2-36@-93dBm@0.609 24-44@-91dBm@0.724 30-47@-96dBm@0.170 17-37@-94dBm@0.428 14-41@-90dBm@0.843 14-45@-95dBm@0.310 4-13@-90dBm@0.846 4-44@-90dBm@0.836 23-24@-93dBm@0.651 12-37@-93dBm@0.643 15-21@-97dBm@0.066 33-34@-91dBm@0.735 20-46@-87dBm@0.940 43-48@-94dBm@0.325 5-20@-95dBm@0.208 4-41@-90dBm@0.862 5-14@-95dBm@0.268 25-34@-96dBm@0.169 16-33@-87dBm@0.948 6-12@-93dBm@0.648 1-48@-92dBm@0.690 0-36@-97dBm@0.064 8-22@-94dBm@0.408 8-47@-95dBm@0.244 9-31@-92dBm@0.688 35-39@-88dBm@0.934 2-34@-92dBm@0.668 11-21@-92dBm@0.677 12-27@-91dBm@0.731 7-49@-93dBm@0.523 3-17@-87dBm@0.939 24-27@-96dBm@0.166 6-36@-92dBm@0.662 17-25@-89dBm@0.880 7-30@-82dBm@0.984 30-46@-90dBm@0.862 31-43@-90dBm@0.830 19-41@-97dBm@0.033 13-32@-82dBm@0.983 15-30@-77dBm@1.000 30-31@-95dBm@0.257 17-35@-96dBm@0.172 11-30@-85dBm@0.959 4-12@-97dBm@0.046 10-14@-91dBm@0.725 25-42@-94dBm@0.464 1-6@-80dBm@0.991 4-23@-94dBm@0.397 37-43@-92dBm@0.684 5-44@-91dBm@0.795 11-43@-88dBm@0.933 20-33@-89dBm@0.867 2-21@-88dBm@0.915 6-22@-85dBm@0.962 1-29@-64dBm@1.000 3-11@-78dBm@1.000 11-12@-80dBm@0.993 0-20@-79dBm@1.000 4-10@-96dBm@0.144 3-13@-94dBm@0.358 36-49@-97dBm@0.043 13-15@-88dBm@0.902 10-20@-82dBm@0.982 21-27@-90dBm@0.865 45-47@-94dBm@0.353 3-20@-88dBm@0.933 13-46@-94dBm@0.372 14-38@-91dBm@0.727 8-11@-91dBm@0.723 0-46@-87dBm@0.946 15-25@-94dBm@0.327 14-17@-97dBm@0.016 8-15@-93dBm@0.535 5-31@-94dBm@0.473 13-18@-87dBm@0.946 14-48@-95dBm@0.197 7-13@-91dBm@0.760 0-43@-89dBm@0.866 26-36@-95dBm@0.231 14-20@-94dBm@0.443 3-45@-91dBm@0.792 4-38@-95dBm@0.267 6-33@-92dBm@0.689 5-49@-96dBm@0.174 29-40@-93dBm@0.581 13-37@-90dBm@0.852 18-25@-95dBm@0.192 20-42@-96dBm@0.154 33-44@-93dBm@0.648 18-30@-94dBm@0.326 8-44@-86dBm@0.958 2-44@-96dBm@0.134 13-43@-95dBm@0.200 18-26@-94dBm@0.418 11-31@-92dBm@0.693 34-36@-87dBm@0.938 1-9@-96dBm@0.138 30-37@-82dBm@0.981 1-27@-93dBm@0.641 7-27@-94dBm@0.325 24-35@-92dBm@0.676 40-44@-95dBm@0.206 0-26@-88dBm@0.902 10-16@-88dBm@0.935 20-44@-95dBm@0.302 21-34@-88dBm@0.910 19-28@-94dBm@0.476 6-8@-86dBm@0.955 23-37@-95dBm@0.192 8-20@-89dBm@0.865 1-22@-92dBm@0.685 12-18@-89dBm@0.867 21-24@-87dBm@0.942 19-43@-89dBm@0.868 17-39@-92dBm@0.669 22-41@-93dBm@0.655 24-25@-88dBm@0.921 22-29@-87dBm@0.941 4-9@-94dBm@0.407 0-7@-85dBm@0.959 28-48@-97dBm@0.034 1-15@-96dBm@0.148 8-28@-94dBm@0.507 8-17@-88dBm@0.936 32-48@-92dBm@0.679 3-7@-89dBm@0.870 3-43@-92dBm@0.676 3-31@-94dBm@0.391 34-38@-78dBm@1.000 7-15@-84dBm@0.974 0-19@-93dBm@0.621 29-41@-97dBm@0.000 26-37@-95dBm@0.289 33-46@-90dBm@0.861 1-2@-83dBm@0.974 15-31@-85dBm@0.960 32-44@-90dBm@0.861 2-16@-82dBm@0.985 34-47@-91dBm@0.779 1-16@-94dBm@0.384 8-39@-97dBm@0.074 30-43@-88dBm@0.937 12-46@-91dBm@0.785 13-20@-95dBm@0.199 0-1@-89dBm@0.866 1-5@-87dBm@0.948 3-25@-96dBm@0.130 0-3@-90dBm@0.817 29-49@-94dBm@0.354 11-32@-88dBm@0.915 4-19@-96dBm@0.092 14-28@-87dBm@0.946 26-47@-74dBm@1.000 23-42@-95dBm@0.230 8-14@-94dBm@0.508 23-34@-92dBm@0.697 9-45@-80dBm@0.993 30-32@-76dBm@1.000 5-22@-91dBm@0.795 4-22@-93dBm@0.568 17-30@-95dBm@0.257 2-14@-86dBm@0.957 5-33@-84dBm@0.974 10-37@-95dBm@0.217 8-21@-94dBm@0.519 1-4@-92dBm@0.676 22-28@-86dBm@0.958 3-6@-97dBm@0.064 18-22@-97dBm@0.016 28-35@-92dBm@0.693 26-35@-95dBm@0.314 2-10@-89dBm@0.883 21-22@-79dBm@0.999 4-21@-88dBm@0.933 2-3@-91dBm@0.759 14-42@-90dBm@0.862 8-9@-91dBm@0.727 44-49@-89dBm@0.869 15-47@-94dBm@0.423 10-49@-95dBm@0.193 13-17@-90dBm@0.850 5-15@-96dBm@0.164 4-5@-93dBm@0.598 41-45@-93dBm@0.562 14-16@-87dBm@0.944 22-42@-88dBm@0.929 7-31@-92dBm@0.695 24-32@-91dBm@0.768 11-23@-93dBm@0.653 26-45@-94dBm@0.503 20-38@-93dBm@0.653 4-24@-94dBm@0.453 12-26@-91dBm@0.798 8-29@-89dBm@0.872 26-44@-93dBm@0.638 5-6@-87dBm@0.940 10-29@-87dBm@0.938 6-42@-94dBm@0.486 3-8@-81dBm@0.987 1-8@-93dBm@0.522 11-13@-88dBm@0.937 27-30@-90dBm@0.819 21-35@-96dBm@0.181 24-28@-97dBm@0.050 18-33@-96dBm@0.177 26-34@-91dBm@0.726 13-48@-95dBm@0.227 21-23@-73dBm@1.000 0-11@-78dBm@1.000 22-44@-92dBm@0.686 16-48@-95dBm@0.222 16-26@-90dBm@0.859 0-31@-91dBm@0.777 7-26@-91dBm@0.753 2-40@-93dBm@0.531 9-35@-90dBm@0.860 3-10@-91dBm@0.735 20-29@-88dBm@0.928 37-39@-92dBm@0.713 6-10@-94dBm@0.337 29-47@-96dBm@0.176 2-45@-97dBm@0.067 1-14@-87dBm@0.948 14-33@-95dBm@0.252 10-23@-94dBm@0.390 22-23@-96dBm@0.172 30-39@-95dBm@0.258 20-31@-93dBm@0.640 1-12@-82dBm@0.980 1-3@-93dBm@0.639 6-24@-92dBm@0.668 8-45@-96dBm@0.137 21-38@-95dBm@0.305 15-48@-90dBm@0.828 9-18@-87dBm@0.946 17-49@-95dBm@0.197 8-13@-92dBm@0.711 2-17@-94dBm@0.477 14-24@-86dBm@0.955 14-25@-90dBm@0.819 23-26@-89dBm@0.892 21-44@-87dBm@0.946 15-32@-85dBm@0.966 40-47@-94dBm@0.519 0-2@-93dBm@0.653 22-47@-82dBm@0.981 10-21@-95dBm@0.233 8-41@-93dBm@0.598 3-23@-91dBm@0.787 14-37@-94dBm@0.474 4-28@-84dBm@0.969 44-47@-91dBm@0.719 10-48@-92dBm@0.676 3-18@-90dBm@0.864 6-14@-93dBm@0.660 23-47@-87dBm@0.939 29-31@-88dBm@0.937 12-49@-92dBm@0.666 27-45@-96dBm@0.103 11-26@-92dBm@0.695 9-24@-96dBm@0.094 1-7@-90dBm@0.841 0-4@-92dBm@0.710 14-40@-92dBm@0.678 3-37@-94dBm@0.506 22-39@-96dBm@0.179 4-20@-90dBm@0.856 9-11@-89dBm@0.865 44-46@-94dBm@0.508 10-30@-85dBm@0.959 9-37@-77dBm@1.000 27-42@-95dBm@0.212 4-33@-94dBm@0.431 9-21@-95dBm@0.222 27-29@-96dBm@0.179 5-12@-96dBm@0.172 2-23@-97dBm@0.042 10-45@-93dBm@0.544 2-6@-87dBm@0.939 15-27@-94dBm@0.383 20-32@-95dBm@0.298 18-19@-82dBm@0.981 8-10@-95dBm@0.284 9-19@-88dBm@0.934 8-46@-83dBm@0.977 2-5@-85dBm@0.959 3-9@-92dBm@0.671 20-34@-96dBm@0.167 19-45@-94dBm@0.411 4-25@-84dBm@0.968 15-46@-91dBm@0.753 25-28@-84dBm@0.974 13-35@-92dBm@0.710 22-30@-96dBm@0.108 7-9@-88dBm@0.925 25-30@-91dBm@0.780 8-26@-97dBm@0.002 29-45@-95dBm@0.268 9-39@-85dBm@0.960 16-22@-87dBm@0.943 2-4@-89dBm@0.871 12-21@-92dBm@0.673 1-46@-92dBm@0.689 16-40@-89dBm@0.888 0-12@-83dBm@0.976 40-42@-91dBm@0.775 10-26@-93dBm@0.630
#aveChargePerCycle runNum=0 0@535.38 1@318.09 2@262.10 3@282.96 4@258.37 5@55.62 6@100.56 7@287.49 8@1.30 9@78.27 10@75.04 11@295.51 12@180.94 13@25.40 14@186.89 15@26.58 16@25.40 17@52.75 18@1.30 19@79.41 20@176.28 21@25.65 22@30.34 23@1.30 24@6.62 25@1.30 26@128.24 27@1.94 28@22.95 29@1.30 30@1.30 31@51.82 32@49.76 33@1.30 34@45.76 35@1.30 36@1.30 37@25.65 38@1.30 39@2.59 40@2.59 41@1.30 42@1.30 43@30.30 44@25.65 45@22.27 46@26.58 47@1.30 48@2.59 49@1.30