## dioPeriod = 1.0
## burstTimestamp = 20
## minRssi = -97
## numMotes = 50
## otfHousekeepingPeriod = 1.0
## sixtopNoRemoveWorstCell = 0
## simDataDir = simData
## numChans = 16
## slotframeLength = 101
## squareSide = 2.0
## cpuID = 26
## sixtopPdrThreshold = 1.5
## pkPeriod = None
## sixtopHousekeepingPeriod = 1.0
## sixtopNoHousekeeping = 0
## algorithm = otf
## pkPeriodVar = 0.05
## numCyclesPerRun = 100
## startTime = 1502276471.26
## slotDuration = 0.01
## numRuns = 1
## combinationKeys = ['algorithm', 'numMotes', 'otfThreshold']
## numPacketsBurst = 5
## otfThreshold = 1
## noInterference = 0
## gui = False


# appGenerated appReachesDagroot appRelayed aveHops aveLatency aveQueueDelay chargeConsumed collidedTxs cycle droppedAppFailedEnqueue droppedMacRetries droppedNoRoute droppedNoTxCells droppedQueueFull effectiveCollidedTxs numRxCells numTx numTxCells otfAdd otfRemove probableCollisions rplChurnParentSet rplChurnPrefParent rplChurnRank rplRxDIO rplTxDIO runNum scheduleCollisions topRxRelocatedCells topTxRelocatedBundles topTxRelocatedCells txQueueFill
             0                 0          0       0          0             0              0           0     0                       0                 0              0                0                0                    0          0     0          0      0         0                  0                 0                  0            0        0        0      0                  0                   0                     0                   0           0
             0                 0          0       0          0             0       1426.800           8     1                       0                 0              0                0                0                    2        109     0        109    109         0                  0               137                 90            5      483       50      0                  4                   0                     0                   0           0
             0                 0          0       0          0             0       4477.200          10     2                       0                 0              0                0                0                    3        125     0        125     16         0                  0                 0                122            0      483       50      0                  5                   0                     0                   0           0
             0                 0          0       0          0             0       7552.200          10     3                       0                 0              0                0                0                    3        125     0        125      0         0                  0                 0                122            0      483       50      0                  5                   0                     0                   0           0
             0                 0          0       0          0             0      10627.200          10     4                       0                 0              0                0                0                    3        125     0        125      0         0                  0                 0                122            0      483       50      0                  5                   0                     0                   0           0
             0                 0          0       0          0             0      13702.200          10     5                       0                 0              0                0                0                    3        125     0        125      0         0                  0                 0                122            0      483       50      0                  5                   0                     0                   0           0
             0                 0          0       0          0             0      16777.200          10     6                       0                 0              0                0                0                    3        125     0        125      0         0                  0                 0                122            0      483       50      0                  5                   0                     0                   0           0
             0                 0          0       0          0             0      19852.200          10     7                       0                 0              0                0                0                    3        125     0        125      0         0                  0                 0                122            0      483       50      0                  5                   0                     0                   0           0
             0                 0          0       0          0             0      22927.200          10     8                       0                 0              0                0                0                    3        125     0        125      0         0                  0                 0                122            0      483       50      0                  5                   0                     0                   0           0
             0                 0          0       0          0             0      26002.200          10     9                       0                 0              0                0                0                    3        125     0        125      0         0                  0                 0                122            0      483       50      0                  5                   0                     0                   0           0
             0                 0          0       0          0             0      29077.200          10    10                       0                 0              0                0                0                    3        125     0        125      0         0                  0                 0                122            0      483       50      0                  5                   0                     0                   0           0
             0                 0          0       0          0             0      32152.200          10    11                       0                 0              0                0                0                    3        125     0        125      0         0                  0                 0                122            0      483       50      0                  5                   0                     0                   0           0
             0                 0          0       0          0             0      35227.200          10    12                       0                 0              0                0                0                    3        125     0        125      0         0                  0                 0                122            0      483       50      0                  5                   0                     0                   0           0
             0                 0          0       0          0             0      38302.200          10    13                       0                 0              0                0                0                    3        125     0        125      0         0                  0                 0                122            0      483       50      0                  5                   0                     0                   0           0
             0                 0          0       0          0             0      41377.200          10    14                       0                 0              0                0                0                    3        125     0        125      0         0                  0                 0                122            0      483       50      0                  5                   0                     0                   0           0
             0                 0          0       0          0             0      44452.200          10    15                       0                 0              0                0                0                    3        125     0        125      0         0                  0                 0                122            0      483       50      0                  5                   0                     0                   0           0
             0                 0          0       0          0             0      47527.200          10    16                       0                 0              0                0                0                    3        125     0        125      0         0                  0                 0                122            0      483       50      0                  5                   0                     0                   0           0
             0                 0          0       0          0             0      50602.200          10    17                       0                 0              0                0                0                    3        125     0        125      0         0                  0                 0                122            0      483       50      0                  5                   0                     0                   0           0
             0                 0          0       0          0             0      53677.200          10    18                       0                 0              0                0                0                    3        125     0        125      0         0                  0                 0                122            0      483       50      0                  5                   0                     0                   0           0
            49                 1         15   1.000      8.000       160.000      58934.600          10    19                       0                 0              0                0                0                    3        139    20        139      7         0                  0                 0                122            0      483       50      0                  5                   0                     0                   0          48
             0                32         40   1.844     80.562      1593.667      72672.240          21    20                       0                 0              0                0                1                    5        192   104        192     18         4                  1                 0                136           11      483       50      0                 11                   1                     0                   0          16
             0                15          3   3.067    158.200       451.595      79474.320          10    21                       0                 0              0                0                0                    2        160   111        160      7        15                  0                 5                129           50      483       50      0                  5                   0                     0                   0           1
             0                 1          2   3.000    271.000       271.000      83392.680          10    22                       0                 0              0                0                0                    2        148    99        148      7         6                  0                 3                142           24      483       50      0                  5                   0                     0                   0           0
             0                 0          0       0          0             0      86984.280           8    23                       0                 0              0                0                0                    2        144    92        144      1         3                  0                 1                144           16      483       50      0                  4                   0                     0                   0           0
             0                 0          0       0          0             0      90428.280           8    24                       0                 0              0                0                0                    2        140    89        140      0         1                  0                 3                151           18      483       50      0                  4                   0                     0                   0           0
             0                 0          0       0          0             0      93872.280           8    25                       0                 0              0                0                0                    2        138    85        138      0         1                  0                 0                150            4      483       50      0                  4                   0                     0                   0           0
             0                 0          0       0          0             0      97267.080           8    26                       0                 0              0                0                0                    2        138    85        138      1         0                  0                 1                150            2      483       50      0                  4                   0                     0                   0           0
             0                 0          0       0          0             0     100661.880           8    27                       0                 0              0                0                0                    2        138    85        138      0         0                  0                 0                150            0      483       50      0                  4                   0                     0                   0           0
             0                 0          0       0          0             0     104056.680           8    28                       0                 0              0                0                0                    2        138    85        138      0         0                  0                 0                150            0      483       50      0                  4                   0                     0                   0           0
             0                 0          0       0          0             0     107451.480           8    29                       0                 0              0                0                0                    2        138    85        138      0         0                  0                 0                150            0      483       50      0                  4                   0                     0                   0           0
             0                 0          0       0          0             0     110846.280           8    30                       0                 0              0                0                0                    2        138    85        138      0         0                  0                 0                150            0      483       50      0                  4                   0                     0                   0           0
             0                 0          0       0          0             0     114241.080           8    31                       0                 0              0                0                0                    2        138    85        138      0         0                  0                 0                150            0      483       50      0                  4                   0                     0                   0           0
             0                 0          0       0          0             0     117635.880           8    32                       0                 0              0                0                0                    2        138    85        138      0         0                  0                 0                150            0      483       50      0                  4                   0                     0                   0           0
             0                 0          0       0          0             0     121030.680           8    33                       0                 0              0                0                0                    2        138    85        138      0         0                  0                 0                150            0      483       50      0                  4                   0                     0                   0           0
             0                 0          0       0          0             0     124425.480           8    34                       0                 0              0                0                0                    2        138    85        138      0         0                  0                 0                150            0      483       50      0                  4                   0                     0                   0           0
             0                 0          0       0          0             0     127820.280           8    35                       0                 0              0                0                0                    2        138    85        138      0         0                  0                 0                150            0      483       50      0                  4                   0                     0                   0           0
             0                 0          0       0          0             0     131215.080           8    36                       0                 0              0                0                0                    2        138    85        138      0         0                  0                 0                150            0      483       50      0                  4                   0                     0                   0           0
             0                 0          0       0          0             0     134609.880           8    37                       0                 0              0                0                0                    2        138    85        138      0         0                  0                 0                150            0      483       50      0                  4                   0                     0                   0           0
             0                 0          0       0          0             0     138004.680           8    38                       0                 0              0                0                0                    2        138    85        138      0         0                  0                 0                150            0      483       50      0                  4                   0                     0                   0           0
             0                 0          0       0          0             0     141399.480           8    39                       0                 0              0                0                0                    2        138    85        138      0         0                  0                 0                150            0      483       50      0                  4                   0                     0                   0           0
             0                 0          0       0          0             0     144794.280           8    40                       0                 0              0                0                0                    2        138    85        138      0         0                  0                 0                150            0      483       50      0                  4                   0                     0                   0           0
             0                 0          0       0          0             0     148189.080           8    41                       0                 0              0                0                0                    2        138    85        138      0         0                  0                 0                150            0      483       50      0                  4                   0                     0                   0           0
             0                 0          0       0          0             0     151583.880           8    42                       0                 0              0                0                0                    2        138    85        138      0         0                  0                 0                150            0      483       50      0                  4                   0                     0                   0           0
             0                 0          0       0          0             0     154978.680           8    43                       0                 0              0                0                0                    2        138    85        138      0         0                  0                 0                150            0      483       50      0                  4                   0                     0                   0           0
             0                 0          0       0          0             0     158373.480           8    44                       0                 0              0                0                0                    2        138    85        138      0         0                  0                 0                150            0      483       50      0                  4                   0                     0                   0           0
             0                 0          0       0          0             0     161768.280           8    45                       0                 0              0                0                0                    2        138    85        138      0         0                  0                 0                150            0      483       50      0                  4                   0                     0                   0           0
             0                 0          0       0          0             0     165163.080           8    46                       0                 0              0                0                0                    2        138    85        138      0         0                  0                 0                150            0      483       50      0                  4                   0                     0                   0           0
             0                 0          0       0          0             0     168557.880           8    47                       0                 0              0                0                0                    2        138    85        138      0         0                  0                 0                150            0      483       50      0                  4                   0                     0                   0           0
             0                 0          0       0          0             0     171952.680           8    48                       0                 0              0                0                0                    2        138    85        138      0         0                  0                 0                150            0      483       50      0                  4                   0                     0                   0           0
             0                 0          0       0          0             0     175347.480           8    49                       0                 0              0                0                0                    2        138    85        138      0         0                  0                 0                150            0      483       50      0                  4                   0                     0                   0           0
             0                 0          0       0          0             0     178742.280           8    50                       0                 0              0                0                0                    2        138    85        138      0         0                  0                 0                150            0      483       50      0                  4                   0                     0                   0           0
             0                 0          0       0          0             0     182137.080           8    51                       0                 0              0                0                0                    2        138    85        138      0         0                  0                 0                150            0      483       50      0                  4                   0                     0                   0           0
             0                 0          0       0          0             0     185531.880           8    52                       0                 0              0                0                0                    2        138    85        138      0         0                  0                 0                150            0      483       50      0                  4                   0                     0                   0           0
             0                 0          0       0          0             0     188926.680           8    53                       0                 0              0                0                0                    2        138    85        138      0         0                  0                 0                150            0      483       50      0                  4                   0                     0                   0           0
             0                 0          0       0          0             0     192321.480           8    54                       0                 0              0                0                0                    2        138    85        138      0         0                  0                 0                150            0      483       50      0                  4                   0                     0                   0           0
             0                 0          0       0          0             0     195716.280           8    55                       0                 0              0                0                0                    2        138    85        138      0         0                  0                 0                150            0      483       50      0                  4                   0                     0                   0           0
             0                 0          0       0          0             0     199111.080           8    56                       0                 0              0                0                0                    2        138    85        138      0         0                  0                 0                150            0      483       50      0                  4                   0                     0                   0           0
             0                 0          0       0          0             0     202505.880           8    57                       0                 0              0                0                0                    2        138    85        138      0         0                  0                 0                150            0      483       50      0                  4                   0                     0                   0           0
             0                 0          0       0          0             0     205900.680           8    58                       0                 0              0                0                0                    2        138    85        138      0         0                  0                 0                150            0      483       50      0                  4                   0                     0                   0           0
            49                10         42   1.300     27.300      1039.667     216125.680          12    59                       0                 0              0                0                0                    3        160   145        160     10         0                  0                 0                150            0      483       50      0                  6                   1                     0                   0          39
             0                33         24   2.424    116.485      1271.383     228194.740          10    60                       0                 0              0                0                2                    3        177   192        177     13         9                  0                 5                127           38      483       50      0                  5                   1                     0                   0           6
             0                 6          1   3.833    200.667       398.500     232753.780           8    61                       0                 0              0                0                0                    2        151   173        151      8        11                  0                10                149           42      483       50      0                  4                   0                     0                   0           0
             0                 0          0       0          0             0     236271.580           8    62                       0                 0              0                0                0                    2        143   163        143      2         3                  0                 4                150           14      483       50      0                  4                   0                     0                   0           0
             0                 0          0       0          0             0     239789.380           8    63                       0                 0              0                0                0                    2        142   161        142      1         1                  0                 1                148           21      483       50      0                  4                   0                     0                   0           0
             0                 0          0       0          0             0     243282.580           8    64                       0                 0              0                0                0                    2        142   157        142      1         1                  0                 1                149           10      483       50      0                  4                   0                     0                   0           0
             0                 0          0       0          0             0     246775.780           8    65                       0                 0              0                0                0                    2        142   157        142      0         0                  0                 0                146            2      483       50      0                  4                   0                     0                   0           0
             0                 0          0       0          0             0     250268.980           8    66                       0                 0              0                0                0                    2        142   157        142      0         0                  0                 0                144            0      483       50      0                  4                   0                     0                   0           0
             0                 0          0       0          0             0     253762.180           8    67                       0                 0              0                0                0                    2        142   157        142      0         0                  0                 0                144            0      483       50      0                  4                   0                     0                   0           0
             0                 0          0       0          0             0     257255.380           8    68                       0                 0              0                0                0                    2        142   157        142      0         0                  0                 0                144            0      483       50      0                  4                   0                     0                   0           0
             0                 0          0       0          0             0     260748.580           8    69                       0                 0              0                0                0                    2        142   157        142      0         0                  0                 0                144            0      483       50      0                  4                   0                     0                   0           0
             0                 0          0       0          0             0     264241.780           8    70                       0                 0              0                0                0                    2        142   157        142      0         0                  0                 0                144            0      483       50      0                  4                   0                     0                   0           0
             0                 0          0       0          0             0     267734.980           8    71                       0                 0              0                0                0                    2        142   157        142      0         0                  0                 0                144            0      483       50      0                  4                   0                     0                   0           0
             0                 0          0       0          0             0     271228.180           8    72                       0                 0              0                0                0                    2        142   157        142      0         0                  0                 0                144            0      483       50      0                  4                   0                     0                   0           0
             0                 0          0       0          0             0     274721.380           8    73                       0                 0              0                0                0                    2        142   157        142      0         0                  0                 0                144            0      483       50      0                  4                   0                     0                   0           0
             0                 0          0       0          0             0     278214.580           8    74                       0                 0              0                0                0                    2        142   157        142      0         0                  0                 0                144            0      483       50      0                  4                   0                     0                   0           0
             0                 0          0       0          0             0     281707.780           8    75                       0                 0              0                0                0                    2        142   157        142      0         0                  0                 0                144            0      483       50      0                  4                   0                     0                   0           0
             0                 0          0       0          0             0     285200.980           8    76                       0                 0              0                0                0                    2        142   157        142      0         0                  0                 0                144            0      483       50      0                  4                   0                     0                   0           0
             0                 0          0       0          0             0     288694.180           8    77                       0                 0              0                0                0                    2        142   157        142      0         0                  0                 0                144            0      483       50      0                  4                   0                     0                   0           0
             0                 0          0       0          0             0     292187.380           8    78                       0                 0              0                0                0                    2        142   157        142      0         0                  0                 0                144            0      483       50      0                  4                   0                     0                   0           0
             0                 0          0       0          0             0     295680.580           8    79                       0                 0              0                0                0                    2        142   157        142      0         0                  0                 0                144            0      483       50      0                  4                   0                     0                   0           0
             0                 0          0       0          0             0     299173.780           8    80                       0                 0              0                0                0                    2        142   157        142      0         0                  0                 0                144            0      483       50      0                  4                   0                     0                   0           0
             0                 0          0       0          0             0     302666.980           8    81                       0                 0              0                0                0                    2        142   157        142      0         0                  0                 0                144            0      483       50      0                  4                   0                     0                   0           0
             0                 0          0       0          0             0     306160.180           8    82                       0                 0              0                0                0                    2        142   157        142      0         0                  0                 0                144            0      483       50      0                  4                   0                     0                   0           0
             0                 0          0       0          0             0     309653.380           8    83                       0                 0              0                0                0                    2        142   157        142      0         0                  0                 0                144            0      483       50      0                  4                   0                     0                   0           0
             0                 0          0       0          0             0     313146.580           8    84                       0                 0              0                0                0                    2        142   157        142      0         0                  0                 0                144            0      483       50      0                  4                   0                     0                   0           0
             0                 0          0       0          0             0     316639.780           8    85                       0                 0              0                0                0                    2        142   157        142      0         0                  0                 0                144            0      483       50      0                  4                   0                     0                   0           0
             0                 0          0       0          0             0     320132.980           8    86                       0                 0              0                0                0                    2        142   157        142      0         0                  0                 0                144            0      483       50      0                  4                   0                     0                   0           0
             0                 0          0       0          0             0     323626.180           8    87                       0                 0              0                0                0                    2        142   157        142      0         0                  0                 0                144            0      483       50      0                  4                   0                     0                   0           0
             0                 0          0       0          0             0     327119.380           8    88                       0                 0              0                0                0                    2        142   157        142      0         0                  0                 0                144            0      483       50      0                  4                   0                     0                   0           0
             0                 0          0       0          0             0     330612.580           8    89                       0                 0              0                0                0                    2        142   157        142      0         0                  0                 0                144            0      483       50      0                  4                   0                     0                   0           0
             0                 0          0       0          0             0     334105.780           8    90                       0                 0              0                0                0                    2        142   157        142      0         0                  0                 0                144            0      483       50      0                  4                   0                     0                   0           0
             0                 0          0       0          0             0     337598.980           8    91                       0                 0              0                0                0                    2        142   157        142      0         0                  0                 0                144            0      483       50      0                  4                   0                     0                   0           0
             0                 0          0       0          0             0     341092.180           8    92                       0                 0              0                0                0                    2        142   157        142      0         0                  0                 0                144            0      483       50      0                  4                   0                     0                   0           0
             0                 0          0       0          0             0     344585.380           8    93                       0                 0              0                0                0                    2        142   157        142      0         0                  0                 0                144            0      483       50      0                  4                   0                     0                   0           0
             0                 0          0       0          0             0     348078.580           8    94                       0                 0              0                0                0                    2        142   157        142      0         0                  0                 0                144            0      483       50      0                  4                   0                     0                   0           0
             0                 0          0       0          0             0     351571.780           8    95                       0                 0              0                0                0                    2        142   157        142      0         0                  0                 0                144            0      483       50      0                  4                   0                     0                   0           0
             0                 0          0       0          0             0     355064.980           8    96                       0                 0              0                0                0                    2        142   157        142      0         0                  0                 0                144            0      483       50      0                  4                   0                     0                   0           0
             0                 0          0       0          0             0     358558.180           8    97                       0                 0              0                0                0                    2        142   157        142      0         0                  0                 0                144            0      483       50      0                  4                   0                     0                   0           0
             0                 0          0       0          0             0     362051.380           8    98                       0                 0              0                0                0                    2        142   157        142      0         0                  0                 0                144            0      483       50      0                  4                   0                     0                   0           0
             0                 0          0       0          0             0     365544.580           8    99                       0                 0              0                0                0                    2        142   157        142      0         0                  0                 0                144            0      483       50      0                  4                   0                     0                   0           0
#pos runNum=0 0@(1.00000,1.00000)@0 1@(0.91012,0.87195)@614 2@(1.03860,1.00111)@605 3@(0.98954,0.87272)@551 4@(0.96562,0.97744)@590 5@(1.12978,0.86316)@1245 6@(0.90890,1.04818)@1168 7@(0.94376,0.99969)@546 8@(1.29922,0.90810)@1418 9@(0.95268,1.14554)@1239 10@(0.91328,0.89844)@1126 11@(0.64704,0.97520)@1418 12@(0.80565,0.94421)@597 13@(0.84602,1.26621)@1418 14@(0.88197,0.95690)@1177 15@(0.82872,0.99976)@1172 16@(1.16624,1.04961)@804 17@(0.70621,1.09014)@1280 18@(0.79469,1.00658)@1629 19@(0.83152,0.90014)@1109 20@(1.00488,0.89753)@548 21@(1.28581,0.86188)@1467 22@(0.89062,0.93805)@1182 23@(1.01526,0.97900)@1172 24@(1.11640,1.21769)@1629 25@(0.95996,0.78171)@614 26@(1.15868,0.84904)@1172 27@(0.97152,0.87228)@1638 28@(1.11051,1.17205)@1706 29@(0.81901,1.21483)@1294 30@(1.07139,0.86379)@614 31@(0.82112,0.80783)@1215 32@(0.72807,0.85538)@625 33@(0.86618,0.84132)@1177 34@(0.57957,0.93653)@1188 35@(1.09121,1.08773)@1833 36@(0.71700,0.94221)@1165 37@(0.68511,1.21142)@1458 38@(0.58058,0.76419)@1877 39@(1.19561,0.92347)@1160 40@(1.34900,0.91044)@731 41@(1.11189,1.20074)@1677 42@(1.02943,1.30328)@1250 43@(1.03391,1.20358)@1109 44@(1.25520,0.90605)@1409 45@(0.99149,0.70089)@2442 46@(0.89359,0.60895)@1239 47@(1.06554,1.16672)@1899 48@(0.58265,0.76321)@1450 49@(0.65353,0.78005)@1731
#links runNum=0 24-39@-96dBm@0.112 1-10@-73dBm@1.000 31-41@-96dBm@0.185 29-43@-90dBm@0.825 0-14@-95dBm@0.224 5-25@-87dBm@0.947 1-33@-81dBm@0.988 17-36@-95dBm@0.207 30-47@-94dBm@0.390 5-11@-96dBm@0.154 8-40@-91dBm@0.717 25-44@-92dBm@0.673 4-13@-94dBm@0.452 24-28@-89dBm@0.886 1-13@-93dBm@0.657 9-43@-80dBm@0.989 9-22@-88dBm@0.917 4-7@-92dBm@0.694 6-39@-96dBm@0.090 1-11@-93dBm@0.637 0-27@-96dBm@0.092 22-34@-91dBm@0.789 5-27@-85dBm@0.961 15-17@-91dBm@0.797 6-30@-93dBm@0.622 10-15@-84dBm@0.974 3-21@-96dBm@0.133 14-41@-92dBm@0.693 6-41@-97dBm@0.049 14-31@-89dBm@0.868 11-19@-90dBm@0.865 10-31@-95dBm@0.198 0-25@-90dBm@0.863 12-36@-80dBm@0.989 17-30@-93dBm@0.540 18-34@-94dBm@0.370 12-17@-92dBm@0.664 6-8@-97dBm@0.041 6-7@-84dBm@0.970 7-11@-93dBm@0.560 26-33@-96dBm@0.109 20-22@-89dBm@0.868 10-34@-93dBm@0.611 17-44@-97dBm@0.000 17-35@-94dBm@0.356 2-6@-84dBm@0.971 4-22@-80dBm@0.993 1-6@-95dBm@0.251 18-19@-93dBm@0.653 4-23@-82dBm@0.983 20-28@-92dBm@0.671 7-10@-91dBm@0.742 11-36@-93dBm@0.654 5-40@-91dBm@0.762 6-43@-91dBm@0.722 2-40@-96dBm@0.150 15-18@-71dBm@1.000 32-34@-85dBm@0.964 26-40@-96dBm@0.158 8-18@-96dBm@0.081 16-39@-83dBm@0.977 7-44@-94dBm@0.501 0-20@-83dBm@0.974 9-20@-91dBm@0.743 12-18@-94dBm@0.495 10-20@-92dBm@0.683 21-27@-97dBm@0.014 17-42@-93dBm@0.640 9-13@-96dBm@0.156 6-13@-89dBm@0.870 7-25@-95dBm@0.279 36-39@-94dBm@0.463 8-26@-90dBm@0.856 2-37@-92dBm@0.667 1-14@-82dBm@0.984 3-24@-93dBm@0.657 28-32@-96dBm@0.189 2-18@-93dBm@0.537 23-29@-92dBm@0.684 9-16@-89dBm@0.868 32-43@-94dBm@0.395 0-16@-92dBm@0.693 14-37@-93dBm@0.656 14-29@-90dBm@0.864 3-4@-85dBm@0.961 26-30@-79dBm@1.000 13-37@-92dBm@0.681 11-15@-89dBm@0.877 16-26@-88dBm@0.934 3-6@-87dBm@0.939 7-39@-89dBm@0.870 10-14@-82dBm@0.984 19-32@-89dBm@0.868 18-23@-94dBm@0.445 39-45@-91dBm@0.744 15-22@-81dBm@0.988 1-9@-90dBm@0.863 1-27@-94dBm@0.502 2-9@-97dBm@0.035 6-21@-93dBm@0.560 10-37@-92dBm@0.676 10-16@-97dBm@0.030 9-47@-85dBm@0.960 4-14@-81dBm@0.985 5-30@-90dBm@0.863 28-39@-90dBm@0.834 1-22@-82dBm@0.981 32-35@-96dBm@0.184 6-47@-91dBm@0.734 0-33@-95dBm@0.261 12-43@-94dBm@0.471 5-13@-95dBm@0.215 7-19@-93dBm@0.542 0-7@-79dBm@0.999 6-37@-93dBm@0.626 20-25@-96dBm@0.087 1-15@-86dBm@0.957 0-32@-90dBm@0.861 12-29@-97dBm@0.060 13-29@-93dBm@0.618 23-41@-92dBm@0.663 9-34@-93dBm@0.620 2-49@-94dBm@0.415 1-4@-92dBm@0.706 12-23@-91dBm@0.795 6-14@-89dBm@0.867 13-41@-95dBm@0.234 15-20@-94dBm@0.395 41-47@-93dBm@0.543 1-2@-89dBm@0.867 31-36@-97dBm@0.002 6-22@-81dBm@0.985 2-24@-93dBm@0.638 15-24@-95dBm@0.240 16-20@-93dBm@0.659 20-31@-87dBm@0.945 10-30@-93dBm@0.533 2-35@-94dBm@0.516 20-47@-89dBm@0.867 0-1@-90dBm@0.862 25-38@-93dBm@0.595 22-31@-94dBm@0.391 3-25@-87dBm@0.941 4-15@-96dBm@0.189 0-3@-86dBm@0.957 34-35@-95dBm@0.207 16-44@-92dBm@0.692 4-39@-97dBm@0.066 2-11@-95dBm@0.200 27-33@-85dBm@0.959 24-41@-85dBm@0.962 12-48@-92dBm@0.694 16-35@-79dBm@0.996 5-31@-97dBm@0.051 30-32@-91dBm@0.725 5-22@-89dBm@0.872 31-45@-92dBm@0.690 0-40@-92dBm@0.715 21-39@-86dBm@0.957 7-9@-90dBm@0.843 5-10@-89dBm@0.878 5-8@-88dBm@0.933 4-47@-95dBm@0.294 5-16@-86dBm@0.952 3-39@-96dBm@0.188 35-43@-95dBm@0.239 31-33@-80dBm@0.992 2-10@-90dBm@0.842 33-35@-95dBm@0.213 6-34@-93dBm@0.526 2-3@-93dBm@0.594 22-25@-94dBm@0.460 4-5@-90dBm@0.861 25-35@-95dBm@0.220 7-43@-87dBm@0.940 13-17@-95dBm@0.253 48-49@-80dBm@0.993 6-27@-86dBm@0.957 0-17@-94dBm@0.434 21-30@-89dBm@0.875 17-32@-92dBm@0.668 21-41@-96dBm@0.078 35-44@-97dBm@0.027 3-35@-92dBm@0.675 8-19@-94dBm@0.474 10-38@-95dBm@0.223 26-44@-88dBm@0.934 1-25@-96dBm@0.182 25-27@-79dBm@0.996 4-49@-92dBm@0.707 11-43@-96dBm@0.152 5-35@-90dBm@0.857 21-44@-82dBm@0.982 1-8@-92dBm@0.691 18-28@-94dBm@0.500 12-19@-79dBm@1.000 16-21@-89dBm@0.869 26-39@-84dBm@0.974 9-42@-94dBm@0.517 13-36@-94dBm@0.470 24-42@-83dBm@0.974 20-36@-92dBm@0.668 11-23@-96dBm@0.183 4-29@-92dBm@0.709 28-41@-96dBm@0.166 20-24@-93dBm@0.656 3-10@-83dBm@0.976 6-9@-90dBm@0.861 9-12@-92dBm@0.710 29-35@-92dBm@0.686 10-21@-92dBm@0.695 3-46@-93dBm@0.616 14-33@-90dBm@0.862 27-37@-94dBm@0.363 0-10@-96dBm@0.172 1-12@-86dBm@0.951 1-3@-89dBm@0.882 4-31@-89dBm@0.869 8-45@-93dBm@0.581 17-38@-92dBm@0.701 6-29@-87dBm@0.939 14-38@-94dBm@0.515 20-33@-96dBm@0.138 1-21@-93dBm@0.652 35-37@-93dBm@0.632 30-39@-95dBm@0.250 3-5@-92dBm@0.697 0-28@-94dBm@0.363 17-27@-94dBm@0.447 31-38@-94dBm@0.356 33-39@-94dBm@0.369 19-25@-88dBm@0.922 0-2@-89dBm@0.867 38-49@-83dBm@0.975 1-19@-94dBm@0.488 3-23@-90dBm@0.863 18-48@-90dBm@0.829 4-28@-95dBm@0.224 3-18@-93dBm@0.537 39-47@-91dBm@0.795 0-23@-95dBm@0.278 12-13@-95dBm@0.228 12-14@-91dBm@0.771 3-41@-94dBm@0.483 1-7@-86dBm@0.952 23-36@-96dBm@0.166 0-4@-90dBm@0.852 6-11@-95dBm@0.221 18-44@-94dBm@0.492 38-48@-57dBm@1.000 8-21@-85dBm@0.960 14-40@-95dBm@0.198 20-27@-79dBm@1.000 2-13@-91dBm@0.754 14-27@-93dBm@0.550 2-4@-90dBm@0.862 23-28@-94dBm@0.444 41-43@-81dBm@0.986 10-39@-91dBm@0.718 46-49@-91dBm@0.745 2-44@-93dBm@0.651 22-48@-92dBm@0.664 4-37@-93dBm@0.661 2-23@-80dBm@0.989 12-26@-94dBm@0.369 1-23@-84dBm@0.971 24-43@-87dBm@0.942 21-26@-85dBm@0.967 4-6@-90dBm@0.847 3-27@-85dBm@0.961 19-46@-94dBm@0.468 2-5@-90dBm@0.810 11-17@-90dBm@0.839 2-32@-93dBm@0.655 7-42@-90dBm@0.821 13-47@-96dBm@0.077 18-27@-89dBm@0.868 28-35@-92dBm@0.701 5-21@-96dBm@0.126 2-8@-89dBm@0.868 10-11@-93dBm@0.656 0-30@-89dBm@0.876 16-28@-89dBm@0.866 3-12@-92dBm@0.696 4-35@-92dBm@0.701 5-19@-94dBm@0.395 25-46@-86dBm@0.959 1-46@-89dBm@0.866 19-28@-97dBm@0.004 34-48@-89dBm@0.898 0-12@-89dBm@0.888 12-38@-94dBm@0.487 6-32@-96dBm@0.172
#aveChargePerCycle runNum=0 0@486.67 1@359.05 2@344.91 3@435.11 4@295.80 5@25.65 6@119.94 7@260.32 8@25.40 9@39.41 10@155.25 11@1.94 12@204.15 13@1.30 14@99.64 15@26.58 16@100.04 17@27.47 18@1.30 19@1.30 20@232.32 21@1.30 22@27.99 23@27.47 24@3.89 25@27.99 26@1.94 27@1.30 28@1.94 29@1.30 30@93.22 31@25.40 32@52.84 33@1.30 34@25.65 35@5.19 36@1.30 37@1.94 38@3.89 39@66.12 40@1.30 41@1.30 42@1.94 43@1.94 44@1.30 45@1.30 46@26.82 47@1.30 48@1.30 49@1.94