## dioPeriod = 1.0
## burstTimestamp = 20
## minRssi = -97
## numMotes = 50
## otfHousekeepingPeriod = 1.0
## sixtopNoRemoveWorstCell = 0
## simDataDir = simData
## numChans = 16
## slotframeLength = 101
## squareSide = 2.0
## cpuID = 88
## sixtopPdrThreshold = 1.5
## pkPeriod = None
## sixtopHousekeepingPeriod = 1.0
## sixtopNoHousekeeping = 0
## algorithm = otf
## pkPeriodVar = 0.05
## numCyclesPerRun = 100
## startTime = 1502276471.33
## slotDuration = 0.01
## numRuns = 1
## combinationKeys = ['algorithm', 'numMotes', 'otfThreshold']
## numPacketsBurst = 5
## otfThreshold = 1
## noInterference = 0
## gui = False


# appGenerated appReachesDagroot appRelayed aveHops aveLatency aveQueueDelay chargeConsumed collidedTxs cycle droppedAppFailedEnqueue droppedMacRetries droppedNoRoute droppedNoTxCells droppedQueueFull effectiveCollidedTxs numRxCells numTx numTxCells otfAdd otfRemove probableCollisions rplChurnParentSet rplChurnPrefParent rplChurnRank rplRxDIO rplTxDIO runNum scheduleCollisions topRxRelocatedCells topTxRelocatedBundles topTxRelocatedCells txQueueFill
             0                 0          0       0          0             0              0           0     0                       0                 0              0                0                0                    0          0     0          0      0         0                  0                 0                  0            0        0        0      0                  0                   0                     0                   0           0
             0                 0          0       0          0             0       1599.000           2     1                       0                 0              0                0                0                    1        114     0        114    114         0                  0               135                112            4      551       50      0                  1                   0                     0                   0           0
             0                 0          0       0          0             0       4747.800           2     2                       0                 0              0                0                0                    1        129     0        129     15         0                  0                 0                156            0      551       50      0                  1                   0                     0                   0           0
             0                 0          0       0          0             0       7921.200           2     3                       0                 0              0                0                0                    1        129     0        129      0         0                  0                 0                156            0      551       50      0                  1                   0                     0                   0           0
             0                 0          0       0          0             0      11094.600           2     4                       0                 0              0                0                0                    1        129     0        129      0         0                  0                 0                156            0      551       50      0                  1                   0                     0                   0           0
             0                 0          0       0          0             0      14268.000           2     5                       0                 0              0                0                0                    1        129     0        129      0         0                  0                 0                156            0      551       50      0                  1                   0                     0                   0           0
             0                 0          0       0          0             0      17441.400           2     6                       0                 0              0                0                0                    1        129     0        129      0         0                  0                 0                156            0      551       50      0                  1                   0                     0                   0           0
             0                 0          0       0          0             0      20614.800           2     7                       0                 0              0                0                0                    1        129     0        129      0         0                  0                 0                156            0      551       50      0                  1                   0                     0                   0           0
             0                 0          0       0          0             0      23788.200           2     8                       0                 0              0                0                0                    1        129     0        129      0         0                  0                 0                156            0      551       50      0                  1                   0                     0                   0           0
             0                 0          0       0          0             0      26961.600           2     9                       0                 0              0                0                0                    1        129     0        129      0         0                  0                 0                156            0      551       50      0                  1                   0                     0                   0           0
             0                 0          0       0          0             0      30135.000           2    10                       0                 0              0                0                0                    1        129     0        129      0         0                  0                 0                156            0      551       50      0                  1                   0                     0                   0           0
             0                 0          0       0          0             0      33308.400           2    11                       0                 0              0                0                0                    1        129     0        129      0         0                  0                 0                156            0      551       50      0                  1                   0                     0                   0           0
             0                 0          0       0          0             0      36481.800           2    12                       0                 0              0                0                0                    1        129     0        129      0         0                  0                 0                156            0      551       50      0                  1                   0                     0                   0           0
             0                 0          0       0          0             0      39655.200           2    13                       0                 0              0                0                0                    1        129     0        129      0         0                  0                 0                156            0      551       50      0                  1                   0                     0                   0           0
             0                 0          0       0          0             0      42828.600           2    14                       0                 0              0                0                0                    1        129     0        129      0         0                  0                 0                156            0      551       50      0                  1                   0                     0                   0           0
             0                 0          0       0          0             0      46002.000           2    15                       0                 0              0                0                0                    1        129     0        129      0         0                  0                 0                156            0      551       50      0                  1                   0                     0                   0           0
             0                 0          0       0          0             0      49175.400           2    16                       0                 0              0                0                0                    1        129     0        129      0         0                  0                 0                156            0      551       50      0                  1                   0                     0                   0           0
             0                 0          0       0          0             0      52348.800           2    17                       0                 0              0                0                0                    1        129     0        129      0         0                  0                 0                156            0      551       50      0                  1                   0                     0                   0           0
             0                 0          0       0          0             0      55522.200           2    18                       0                 0              0                0                0                    1        129     0        129      0         0                  0                 0                156            0      551       50      0                  1                   0                     0                   0           0
            49                 2         14   1.000     12.000       195.000      60893.620           2    19                       0                 0              0                0                0                    1        135    21        135      3         0                  0                 0                156            0      551       50      0                  1                   0                     0                   0          47
             0                15         50   1.867     93.733      2077.167      74154.680          14    20                       0                 0              0                0                0                    5        216   105        216     30         3                  1                 5                128           29      551       50      0                  7                   0                     0                   0          32
             0                24         21   3.000    164.792       867.125      84919.480          11    21                       0                 0              0                0                0                    7        195   129        195     20        19                  1                14                129           53      551       50      0                  6                   2                     0                   0           8
             0                 8          2   4.250    237.125       117.533      90494.080          11    22                       0                 0              0                0                0                    6        167   119        167      3        12                  0                 2                120           44      551       50      0                  6                   0                     0                   0           0
             0                 0          0       0          0             0      94430.080           9    23                       0                 0              0                0                0                    4        150   101        150      1         6                  0                 4                150           38      551       50      0                  5                   0                     0                   0           0
             0                 0          0       0          0             0      98120.080           7    24                       0                 0              0                0                0                    3        147    95        147      1         2                  0                 0                156           23      551       50      0                  4                   0                     0                   0           0
             0                 0          0       0          0             0     101711.680           9    25                       0                 0              0                0                0                    5        147    91        147      1         1                  0                 1                156           17      551       50      0                  5                   0                     0                   0           0
             0                 0          0       0          0             0     105229.480          11    26                       0                 0              0                0                0                    5        144    89        144      1         0                  0                 4                161           13      551       50      0                  6                   0                     0                   0           0
             0                 0          0       0          0             0     108771.880          11    27                       0                 0              0                0                0                    5        144    89        144      0         0                  0                 0                161            0      551       50      0                  6                   0                     0                   0           0
             0                 0          0       0          0             0     112314.280          11    28                       0                 0              0                0                0                    5        144    89        144      0         0                  0                 0                161            0      551       50      0                  6                   0                     0                   0           0
             0                 0          0       0          0             0     115856.680          11    29                       0                 0              0                0                0                    5        144    89        144      0         0                  0                 0                161            0      551       50      0                  6                   0                     0                   0           0
             0                 0          0       0          0             0     119399.080          11    30                       0                 0              0                0                0                    5        144    89        144      0         0                  0                 0                161            0      551       50      0                  6                   0                     0                   0           0
             0                 0          0       0          0             0     122941.480          11    31                       0                 0              0                0                0                    5        144    89        144      0         0                  0                 0                161            0      551       50      0                  6                   0                     0                   0           0
             0                 0          0       0          0             0     126483.880          11    32                       0                 0              0                0                0                    5        144    89        144      0         0                  0                 0                161            0      551       50      0                  6                   0                     0                   0           0
             0                 0          0       0          0             0     130026.280          11    33                       0                 0              0                0                0                    5        144    89        144      0         0                  0                 0                161            0      551       50      0                  6                   0                     0                   0           0
             0                 0          0       0          0             0     133568.680          11    34                       0                 0              0                0                0                    5        144    89        144      0         0                  0                 0                161            0      551       50      0                  6                   0                     0                   0           0
             0                 0          0       0          0             0     137111.080          11    35                       0                 0              0                0                0                    5        144    89        144      0         0                  0                 0                161            0      551       50      0                  6                   0                     0                   0           0
             0                 0          0       0          0             0     140653.480          11    36                       0                 0              0                0                0                    5        144    89        144      0         0                  0                 0                161            0      551       50      0                  6                   0                     0                   0           0
             0                 0          0       0          0             0     144195.880          11    37                       0                 0              0                0                0                    5        144    89        144      0         0                  0                 0                161            0      551       50      0                  6                   0                     0                   0           0
             0                 0          0       0          0             0     147738.280          11    38                       0                 0              0                0                0                    5        144    89        144      0         0                  0                 0                161            0      551       50      0                  6                   0                     0                   0           0
             0                 0          0       0          0             0     151280.680          11    39                       0                 0              0                0                0                    5        144    89        144      0         0                  0                 0                161            0      551       50      0                  6                   0                     0                   0           0
             0                 0          0       0          0             0     154823.080          11    40                       0                 0              0                0                0                    5        144    89        144      0         0                  0                 0                161            0      551       50      0                  6                   0                     0                   0           0
             0                 0          0       0          0             0     158365.480          11    41                       0                 0              0                0                0                    5        144    89        144      0         0                  0                 0                161            0      551       50      0                  6                   0                     0                   0           0
             0                 0          0       0          0             0     161907.880          11    42                       0                 0              0                0                0                    5        144    89        144      0         0                  0                 0                161            0      551       50      0                  6                   0                     0                   0           0
             0                 0          0       0          0             0     165450.280          11    43                       0                 0              0                0                0                    5        144    89        144      0         0                  0                 0                161            0      551       50      0                  6                   0                     0                   0           0
             0                 0          0       0          0             0     168992.680          11    44                       0                 0              0                0                0                    5        144    89        144      0         0                  0                 0                161            0      551       50      0                  6                   0                     0                   0           0
             0                 0          0       0          0             0     172535.080          11    45                       0                 0              0                0                0                    5        144    89        144      0         0                  0                 0                161            0      551       50      0                  6                   0                     0                   0           0
             0                 0          0       0          0             0     176077.480          11    46                       0                 0              0                0                0                    5        144    89        144      0         0                  0                 0                161            0      551       50      0                  6                   0                     0                   0           0
             0                 0          0       0          0             0     179619.880          11    47                       0                 0              0                0                0                    5        144    89        144      0         0                  0                 0                161            0      551       50      0                  6                   0                     0                   0           0
             0                 0          0       0          0             0     183162.280          11    48                       0                 0              0                0                0                    5        144    89        144      0         0                  0                 0                161            0      551       50      0                  6                   0                     0                   0           0
             0                 0          0       0          0             0     186704.680          11    49                       0                 0              0                0                0                    5        144    89        144      0         0                  0                 0                161            0      551       50      0                  6                   0                     0                   0           0
             0                 0          0       0          0             0     190247.080          11    50                       0                 0              0                0                0                    5        144    89        144      0         0                  0                 0                161            0      551       50      0                  6                   0                     0                   0           0
             0                 0          0       0          0             0     193789.480          11    51                       0                 0              0                0                0                    5        144    89        144      0         0                  0                 0                161            0      551       50      0                  6                   0                     0                   0           0
             0                 0          0       0          0             0     197331.880          11    52                       0                 0              0                0                0                    5        144    89        144      0         0                  0                 0                161            0      551       50      0                  6                   0                     0                   0           0
             0                 0          0       0          0             0     200874.280          11    53                       0                 0              0                0                0                    5        144    89        144      0         0                  0                 0                161            0      551       50      0                  6                   0                     0                   0           0
             0                 0          0       0          0             0     204416.680          11    54                       0                 0              0                0                0                    5        144    89        144      0         0                  0                 0                161            0      551       50      0                  6                   0                     0                   0           0
             0                 0          0       0          0             0     207959.080          11    55                       0                 0              0                0                0                    5        144    89        144      0         0                  0                 0                161            0      551       50      0                  6                   0                     0                   0           0
             0                 0          0       0          0             0     211501.480          11    56                       0                 0              0                0                0                    5        144    89        144      0         0                  0                 0                161            0      551       50      0                  6                   0                     0                   0           0
             0                 0          0       0          0             0     215043.880          11    57                       0                 0              0                0                0                    5        144    89        144      0         0                  0                 0                161            0      551       50      0                  6                   0                     0                   0           0
             0                 0          0       0          0             0     218586.280          11    58                       0                 0              0                0                0                    5        144    89        144      0         0                  0                 0                161            0      551       50      0                  6                   0                     0                   0           0
            49                 6         47   1.500     36.833      1144.167     229780.040          21    59                       0                 0              0                0                0                   10        174   162        174     12         0                  4                 0                161            0      551       50      0                 11                   0                     0                   0          43
             0                21         27   2.286    115.238      1238.133     241880.140          22    60                       0                 0              0                0                3                   11        205   225        205     21         6                  5                 4                146           39      551       50      0                 11                   3                     0                   0          22
             0                20          4   3.150    214.300       458.617     249261.940          11    61                       0                 0              0                0                0                    7        161   188        161     13        20                  0                12                136           49      551       50      0                  6                   2                     0                   0           2
             0                 2          1   4.000    304.500       198.000     253392.720           8    62                       0                 0              0                0                0                    4        155   180        155      5         2                  0                11                161           43      551       50      0                  4                   0                     0                   0           0
             0                 0          0       0          0             0     257156.520           8    63                       0                 0              0                0                0                    4        152   169        152      1         1                  0                 1                165           20      551       50      0                  4                   0                     0                   0           0
             0                 0          0       0          0             0     260871.120           8    64                       0                 0              0                0                0                    4        150   163        150      0         1                  0                 0                164            6      551       50      0                  4                   0                     0                   0           0
             0                 0          0       0          0             0     264561.120           8    65                       0                 0              0                0                0                    4        150   163        150      0         0                  0                 0                165            6      551       50      0                  4                   0                     0                   0           0
             0                 0          0       0          0             0     268251.120           8    66                       0                 0              0                0                0                    4        150   163        150      0         0                  0                 0                165            0      551       50      0                  4                   0                     0                   0           0
             0                 0          0       0          0             0     271941.120           8    67                       0                 0              0                0                0                    4        150   163        150      0         0                  0                 0                165            0      551       50      0                  4                   0                     0                   0           0
             0                 0          0       0          0             0     275631.120           8    68                       0                 0              0                0                0                    4        150   163        150      0         0                  0                 0                165            0      551       50      0                  4                   0                     0                   0           0
             0                 0          0       0          0             0     279321.120           8    69                       0                 0              0                0                0                    4        150   163        150      0         0                  0                 0                165            0      551       50      0                  4                   0                     0                   0           0
             0                 0          0       0          0             0     283011.120           8    70                       0                 0              0                0                0                    4        150   163        150      0         0                  0                 0                165            0      551       50      0                  4                   0                     0                   0           0
             0                 0          0       0          0             0     286701.120           8    71                       0                 0              0                0                0                    4        150   163        150      0         0                  0                 0                165            0      551       50      0                  4                   0                     0                   0           0
             0                 0          0       0          0             0     290391.120           8    72                       0                 0              0                0                0                    4        150   163        150      0         0                  0                 0                165            0      551       50      0                  4                   0                     0                   0           0
             0                 0          0       0          0             0     294081.120           8    73                       0                 0              0                0                0                    4        150   163        150      0         0                  0                 0                165            0      551       50      0                  4                   0                     0                   0           0
             0                 0          0       0          0             0     297771.120           8    74                       0                 0              0                0                0                    4        150   163        150      0         0                  0                 0                165            0      551       50      0                  4                   0                     0                   0           0
             0                 0          0       0          0             0     301461.120           8    75                       0                 0              0                0                0                    4        150   163        150      0         0                  0                 0                165            0      551       50      0                  4                   0                     0                   0           0
             0                 0          0       0          0             0     305151.120           8    76                       0                 0              0                0                0                    4        150   163        150      0         0                  0                 0                165            0      551       50      0                  4                   0                     0                   0           0
             0                 0          0       0          0             0     308841.120           8    77                       0                 0              0                0                0                    4        150   163        150      0         0                  0                 0                165            0      551       50      0                  4                   0                     0                   0           0
             0                 0          0       0          0             0     312531.120           8    78                       0                 0              0                0                0                    4        150   163        150      0         0                  0                 0                165            0      551       50      0                  4                   0                     0                   0           0
             0                 0          0       0          0             0     316221.120           8    79                       0                 0              0                0                0                    4        150   163        150      0         0                  0                 0                165            0      551       50      0                  4                   0                     0                   0           0
             0                 0          0       0          0             0     319911.120           8    80                       0                 0              0                0                0                    4        150   163        150      0         0                  0                 0                165            0      551       50      0                  4                   0                     0                   0           0
             0                 0          0       0          0             0     323601.120           8    81                       0                 0              0                0                0                    4        150   163        150      0         0                  0                 0                165            0      551       50      0                  4                   0                     0                   0           0
             0                 0          0       0          0             0     327291.120           8    82                       0                 0              0                0                0                    4        150   163        150      0         0                  0                 0                165            0      551       50      0                  4                   0                     0                   0           0
             0                 0          0       0          0             0     330981.120           8    83                       0                 0              0                0                0                    4        150   163        150      0         0                  0                 0                165            0      551       50      0                  4                   0                     0                   0           0
             0                 0          0       0          0             0     334671.120           8    84                       0                 0              0                0                0                    4        150   163        150      0         0                  0                 0                165            0      551       50      0                  4                   0                     0                   0           0
             0                 0          0       0          0             0     338361.120           8    85                       0                 0              0                0                0                    4        150   163        150      0         0                  0                 0                165            0      551       50      0                  4                   0                     0                   0           0
             0                 0          0       0          0             0     342051.120           8    86                       0                 0              0                0                0                    4        150   163        150      0         0                  0                 0                165            0      551       50      0                  4                   0                     0                   0           0
             0                 0          0       0          0             0     345741.120           8    87                       0                 0              0                0                0                    4        150   163        150      0         0                  0                 0                165            0      551       50      0                  4                   0                     0                   0           0
             0                 0          0       0          0             0     349431.120           8    88                       0                 0              0                0                0                    4        150   163        150      0         0                  0                 0                165            0      551       50      0                  4                   0                     0                   0           0
             0                 0          0       0          0             0     353121.120           8    89                       0                 0              0                0                0                    4        150   163        150      0         0                  0                 0                165            0      551       50      0                  4                   0                     0                   0           0
             0                 0          0       0          0             0     356811.120           8    90                       0                 0              0                0                0                    4        150   163        150      0         0                  0                 0                165            0      551       50      0                  4                   0                     0                   0           0
             0                 0          0       0          0             0     360501.120           8    91                       0                 0              0                0                0                    4        150   163        150      0         0                  0                 0                165            0      551       50      0                  4                   0                     0                   0           0
             0                 0          0       0          0             0     364191.120           8    92                       0                 0              0                0                0                    4        150   163        150      0         0                  0                 0                165            0      551       50      0                  4                   0                     0                   0           0
             0                 0          0       0          0             0     367881.120           8    93                       0                 0              0                0                0                    4        150   163        150      0         0                  0                 0                165            0      551       50      0                  4                   0                     0                   0           0
             0                 0          0       0          0             0     371571.120           8    94                       0                 0              0                0                0                    4        150   163        150      0         0                  0                 0                165            0      551       50      0                  4                   0                     0                   0           0
             0                 0          0       0          0             0     375261.120           8    95                       0                 0              0                0                0                    4        150   163        150      0         0                  0                 0                165            0      551       50      0                  4                   0                     0                   0           0
             0                 0          0       0          0             0     378951.120           8    96                       0                 0              0                0                0                    4        150   163        150      0         0                  0                 0                165            0      551       50      0                  4                   0                     0                   0           0
             0                 0          0       0          0             0     382641.120           8    97                       0                 0              0                0                0                    4        150   163        150      0         0                  0                 0                165            0      551       50      0                  4                   0                     0                   0           0
             0                 0          0       0          0             0     386331.120           8    98                       0                 0              0                0                0                    4        150   163        150      0         0                  0                 0                165            0      551       50      0                  4                   0                     0                   0           0
             0                 0          0       0          0             0     390021.120           8    99                       0                 0              0                0                0                    4        150   163        150      0         0                  0                 0                165            0      551       50      0                  4                   0                     0                   0           0
#pos runNum=0 0@(1.00000,1.00000)@0 1@(0.92080,1.14052)@597 2@(1.02488,1.28738)@597 3@(1.09916,1.20139)@698 4@(1.09691,1.15635)@1222 5@(1.11787,1.04829)@546 6@(0.86078,1.15131)@597 7@(1.12789,1.03907)@1301 8@(1.25951,1.27404)@1450 9@(1.20848,1.33987)@1303 10@(1.16407,1.35093)@1279 11@(1.16995,1.37827)@1148 12@(1.04114,1.20603)@1474 13@(0.79252,1.16556)@938 14@(0.95305,1.35493)@1535 15@(1.11852,1.33394)@1171 16@(1.19913,1.40615)@2071 17@(1.13745,1.14761)@1151 18@(0.94099,0.88585)@1171 19@(1.37645,1.39115)@2018 20@(0.80287,1.25333)@1953 21@(1.07806,1.14003)@1785 22@(1.02254,1.49304)@1338 23@(1.11701,1.36167)@1160 24@(1.01895,1.27648)@1222 25@(1.06099,1.18992)@1237 26@(0.97566,1.37899)@1222 27@(1.16453,1.33272)@1155 28@(1.39317,1.39811)@1401 29@(1.08298,1.02231)@682 30@(1.13634,1.51260)@2005 31@(0.97295,1.33221)@665 32@(1.26887,1.30573)@1401 33@(0.79136,1.14351)@1160 34@(1.19089,1.28574)@1791 35@(1.09972,1.08761)@1261 36@(0.89808,1.12460)@1484 37@(0.81174,1.26718)@1706 38@(1.11483,1.07507)@1109 39@(1.27280,1.43009)@1871 40@(1.07542,0.98124)@1706 41@(0.60147,1.17555)@1642 42@(1.03472,1.38435)@1734 43@(0.84353,1.41932)@1450 44@(1.34348,1.38895)@1380 45@(1.35590,1.53216)@1943 46@(0.89733,1.25692)@1165 47@(1.10426,1.28980)@1165 48@(0.58464,1.19025)@1474 49@(0.95576,1.04338)@640
#links runNum=0 20-43@-86dBm@0.957 9-29@-91dBm@0.764 32-44@-88dBm@0.920 2-8@-97dBm@0.058 15-17@-94dBm@0.347 7-22@-95dBm@0.283 15-43@-97dBm@0.047 22-42@-95dBm@0.304 28-44@-91dBm@0.743 21-39@-97dBm@0.041 31-37@-95dBm@0.299 13-37@-92dBm@0.711 25-38@-84dBm@0.974 1-13@-87dBm@0.939 15-25@-96dBm@0.081 4-7@-88dBm@0.931 22-47@-89dBm@0.891 15-31@-96dBm@0.144 16-34@-95dBm@0.233 17-34@-89dBm@0.892 2-36@-97dBm@0.064 36-38@-89dBm@0.877 3-8@-86dBm@0.957 0-6@-89dBm@0.877 7-40@-81dBm@0.986 34-45@-93dBm@0.647 11-29@-96dBm@0.171 17-22@-92dBm@0.711 17-29@-86dBm@0.958 2-14@-84dBm@0.974 2-6@-89dBm@0.867 4-18@-92dBm@0.666 11-19@-93dBm@0.653 4-43@-92dBm@0.663 17-32@-88dBm@0.909 36-45@-96dBm@0.078 14-43@-87dBm@0.949 12-35@-92dBm@0.692 6-8@-93dBm@0.534 7-12@-91dBm@0.745 9-27@-80dBm@0.991 25-39@-91dBm@0.739 1-17@-88dBm@0.933 26-36@-91dBm@0.771 6-20@-93dBm@0.660 13-26@-92dBm@0.691 4-12@-80dBm@0.990 2-47@-81dBm@0.987 18-21@-92dBm@0.663 1-6@-88dBm@0.923 14-20@-86dBm@0.957 4-23@-91dBm@0.757 17-46@-91dBm@0.726 5-40@-89dBm@0.867 15-16@-93dBm@0.524 31-42@-90dBm@0.862 2-25@-90dBm@0.862 29-30@-97dBm@0.072 16-25@-89dBm@0.870 3-44@-92dBm@0.717 10-25@-87dBm@0.943 23-38@-93dBm@0.649 10-15@-89dBm@0.894 9-10@-82dBm@0.985 11-34@-89dBm@0.866 16-23@-88dBm@0.936 8-24@-92dBm@0.673 26-42@-95dBm@0.220 20-41@-91dBm@0.794 5-26@-95dBm@0.223 17-21@-82dBm@0.985 13-33@-89dBm@0.868 12-46@-90dBm@0.854 8-19@-88dBm@0.918 3-10@-95dBm@0.256 7-25@-88dBm@0.903 34-41@-96dBm@0.107 8-42@-95dBm@0.291 12-40@-88dBm@0.909 6-40@-97dBm@0.038 31-46@-97dBm@0.022 4-25@-85dBm@0.960 11-28@-92dBm@0.676 5-38@-85dBm@0.961 28-30@-93dBm@0.659 33-48@-87dBm@0.942 24-47@-91dBm@0.736 7-17@-82dBm@0.985 36-49@-88dBm@0.926 6-33@-79dBm@0.996 1-31@-90dBm@0.860 45-47@-95dBm@0.202 11-15@-77dBm@1.000 33-46@-90dBm@0.813 9-12@-91dBm@0.736 5-49@-86dBm@0.952 10-13@-93dBm@0.608 14-30@-90dBm@0.831 44-45@-86dBm@0.955 12-17@-90dBm@0.843 21-40@-84dBm@0.972 15-22@-91dBm@0.743 33-37@-93dBm@0.625 1-9@-95dBm@0.217 38-40@-94dBm@0.475 23-24@-82dBm@0.980 7-27@-97dBm@0.028 13-18@-96dBm@0.128 4-34@-95dBm@0.318 37-41@-92dBm@0.667 10-37@-96dBm@0.097 3-22@-90dBm@0.825 22-23@-90dBm@0.861 30-34@-94dBm@0.458 4-27@-92dBm@0.710 5-30@-96dBm@0.099 33-38@-96dBm@0.175 9-26@-95dBm@0.234 9-47@-87dBm@0.945 33-49@-95dBm@0.195 8-34@-95dBm@0.205 18-29@-86dBm@0.953 12-39@-91dBm@0.730 11-35@-91dBm@0.790 15-42@-85dBm@0.963 12-36@-94dBm@0.342 21-38@-88dBm@0.935 26-31@-87dBm@0.945 19-25@-95dBm@0.295 10-11@-82dBm@0.980 12-14@-88dBm@0.936 7-39@-95dBm@0.267 21-24@-88dBm@0.934 13-49@-94dBm@0.349 16-24@-88dBm@0.937 19-38@-96dBm@0.101 34-38@-95dBm@0.234 10-22@-97dBm@0.058 9-19@-88dBm@0.909 33-41@-89dBm@0.878 18-49@-96dBm@0.155 23-27@-88dBm@0.915 1-12@-93dBm@0.644 22-30@-87dBm@0.945 1-4@-90dBm@0.816 11-48@-96dBm@0.096 8-38@-89dBm@0.867 6-12@-89dBm@0.885 1-45@-95dBm@0.192 2-24@-76dBm@1.000 9-14@-91dBm@0.752 5-18@-89dBm@0.866 1-24@-90dBm@0.861 31-38@-93dBm@0.585 8-32@-87dBm@0.942 37-43@-86dBm@0.957 23-39@-96dBm@0.161 8-47@-87dBm@0.942 2-7@-91dBm@0.787 41-48@-91dBm@0.718 44-47@-95dBm@0.199 1-5@-92dBm@0.702 20-39@-96dBm@0.096 21-35@-95dBm@0.229 0-3@-92dBm@0.679 8-37@-95dBm@0.212 30-45@-90dBm@0.862 5-7@-86dBm@0.951 8-10@-84dBm@0.974 10-47@-82dBm@0.985 2-11@-87dBm@0.938 25-27@-89dBm@0.870 21-25@-96dBm@0.186 4-17@-93dBm@0.529 18-40@-94dBm@0.403 3-29@-87dBm@0.942 38-49@-91dBm@0.745 0-40@-95dBm@0.303 16-27@-87dBm@0.939 2-27@-88dBm@0.928 13-41@-90dBm@0.811 1-47@-88dBm@0.916 9-39@-87dBm@0.941 32-45@-95dBm@0.254 0-29@-91dBm@0.775 5-16@-97dBm@0.042 3-39@-96dBm@0.182 17-47@-96dBm@0.118 2-10@-91dBm@0.725 4-21@-80dBm@0.988 38-41@-95dBm@0.240 2-3@-85dBm@0.960 30-39@-96dBm@0.162 11-26@-96dBm@0.146 14-42@-82dBm@0.985 22-25@-90dBm@0.811 15-47@-95dBm@0.234 14-36@-96dBm@0.120 9-15@-84dBm@0.970 23-26@-92dBm@0.699 5-15@-89dBm@0.866 20-46@-92dBm@0.664 8-9@-83dBm@0.974 6-38@-93dBm@0.645 14-16@-91dBm@0.759 9-16@-93dBm@0.638 3-35@-86dBm@0.957 24-28@-95dBm@0.253 9-30@-89dBm@0.891 0-38@-96dBm@0.144 6-18@-90dBm@0.862 5-6@-92dBm@0.703 12-34@-94dBm@0.472 2-28@-92dBm@0.683 1-2@-89dBm@0.870 9-24@-88dBm@0.921 1-8@-92dBm@0.699 11-14@-90dBm@0.861 27-34@-87dBm@0.943 13-27@-93dBm@0.579 19-22@-97dBm@0.013 21-22@-96dBm@0.136 23-47@-92dBm@0.691 32-42@-89dBm@0.870 16-45@-89dBm@0.882 27-44@-93dBm@0.554 11-23@-78dBm@1.000 7-29@-80dBm@0.995 19-44@-81dBm@0.985 0-31@-91dBm@0.721 35-38@-67dBm@1.000 0-13@-93dBm@0.568 19-27@-92dBm@0.673 4-29@-89dBm@0.869 17-44@-94dBm@0.517 3-4@-78dBm@1.000 3-33@-94dBm@0.501 17-35@-96dBm@0.086 4-26@-93dBm@0.527 4-24@-96dBm@0.135 24-31@-89dBm@0.867 1-14@-93dBm@0.581 2-26@-89dBm@0.865 8-11@-83dBm@0.974 24-25@-94dBm@0.329 3-43@-95dBm@0.270 31-33@-96dBm@0.154 0-1@-90dBm@0.865 1-3@-93dBm@0.656 10-34@-79dBm@1.000 10-24@-88dBm@0.918 0-5@-83dBm@0.974 32-34@-88dBm@0.925 11-44@-96dBm@0.094 2-17@-92dBm@0.702 27-37@-93dBm@0.634 10-30@-92dBm@0.675 24-33@-89dBm@0.866 16-32@-84dBm@0.974 10-39@-84dBm@0.974 15-32@-88dBm@0.937 8-27@-81dBm@0.985 0-2@-90dBm@0.828 3-23@-88dBm@0.916 1-19@-95dBm@0.216 14-47@-97dBm@0.008 12-23@-92dBm@0.700 8-49@-96dBm@0.149 4-49@-97dBm@0.005 12-15@-92dBm@0.679 20-37@-73dBm@1.000 2-32@-93dBm@0.659 3-12@-90dBm@0.804 10-26@-93dBm@0.525 5-19@-97dBm@0.062 16-30@-94dBm@0.360 1-7@-91dBm@0.730 27-39@-84dBm@0.972 6-11@-93dBm@0.645 21-27@-89dBm@0.865 5-9@-90dBm@0.849 24-40@-90dBm@0.827 11-49@-95dBm@0.208 4-20@-91dBm@0.794 20-49@-92dBm@0.704 9-11@-80dBm@0.991 0-49@-89dBm@0.870 7-38@-75dBm@1.000 3-32@-86dBm@0.950 23-41@-96dBm@0.164 27-32@-92dBm@0.689 31-34@-96dBm@0.110 5-12@-97dBm@0.055 35-36@-92dBm@0.670 34-43@-93dBm@0.639 2-23@-84dBm@0.972 0-48@-97dBm@0.038 10-42@-94dBm@0.461 1-23@-94dBm@0.355 19-39@-88dBm@0.935 6-48@-92dBm@0.696 5-36@-93dBm@0.644 20-24@-88dBm@0.932 2-5@-91dBm@0.790 32-35@-91dBm@0.794 15-34@-91dBm@0.754 3-9@-86dBm@0.957 21-36@-90dBm@0.861 37-46@-79dBm@0.996 10-29@-91dBm@0.752 32-37@-95dBm@0.290 13-17@-92dBm@0.712 7-35@-75dBm@1.000 16-28@-93dBm@0.638 9-28@-92dBm@0.705 6-30@-94dBm@0.329 27-30@-94dBm@0.333 16-22@-97dBm@0.055 29-47@-90dBm@0.837 1-43@-92dBm@0.680 12-24@-86dBm@0.951 35-43@-97dBm@0.000 2-4@-88dBm@0.935 11-45@-95dBm@0.320 3-27@-90dBm@0.864 2-42@-95dBm@0.252 25-26@-88dBm@0.935 11-16@-86dBm@0.957 12-26@-94dBm@0.506 2-46@-86dBm@0.958
#aveChargePerCycle runNum=0 0@386.55 1@369.24 2@449.76 3@289.88 4@128.18 5@338.41 6@220.10 7@42.75 8@25.40 9@132.89 10@85.79 11@246.62 12@26.70 13@175.85 14@52.75 15@101.46 16@8.04 17@111.58 18@25.65 19@1.94 20@2.59 21@1.30 22@1.30 23@41.98 24@1.30 25@1.30 26@2.59 27@79.04 28@2.59 29@130.43 30@1.30 31@72.18 32@1.30 33@72.68 34@20.73 35@1.30 36@1.94 37@2.59 38@59.79 39@1.94 40@1.30 41@6.62 42@1.30 43@1.94 44@27.47 45@2.59 46@20.48 47@1.30 48@30.06 49@87.44