## dioPeriod = 1.0
## burstTimestamp = 20
## minRssi = -97
## numMotes = 50
## otfHousekeepingPeriod = 1.0
## sixtopNoRemoveWorstCell = 0
## simDataDir = simData
## numChans = 16
## slotframeLength = 101
## squareSide = 2.0
## cpuID = 65
## sixtopPdrThreshold = 1.5
## pkPeriod = None
## sixtopHousekeepingPeriod = 1.0
## sixtopNoHousekeeping = 0
## algorithm = otf
## pkPeriodVar = 0.05
## numCyclesPerRun = 100
## startTime = 1502276471.3
## slotDuration = 0.01
## numRuns = 1
## combinationKeys = ['algorithm', 'numMotes', 'otfThreshold']
## numPacketsBurst = 5
## otfThreshold = 1
## noInterference = 0
## gui = False


# appGenerated appReachesDagroot appRelayed aveHops aveLatency aveQueueDelay chargeConsumed collidedTxs cycle droppedAppFailedEnqueue droppedMacRetries droppedNoRoute droppedNoTxCells droppedQueueFull effectiveCollidedTxs numRxCells numTx numTxCells otfAdd otfRemove probableCollisions rplChurnParentSet rplChurnPrefParent rplChurnRank rplRxDIO rplTxDIO runNum scheduleCollisions topRxRelocatedCells topTxRelocatedBundles topTxRelocatedCells txQueueFill
             0                 0          0       0          0             0              0           0     0                       0                 0              0                0                0                    0          0     0          0      0         0                  0                 0                  0            0        0        0      0                  0                   0                     0                   0           0
             0                 0          0       0          0             0       1328.400           2     1                       0                 0              0                0                0                    1        121     0        121    121         0                  0               137                 67            3      460       50      0                  1                   0                     0                   0           0
             0                 0          0       0          0             0       4526.400           2     2                       0                 0              0                0                0                    1        130     0        130      9         0                  0                 0                 95            0      460       50      0                  1                   0                     0                   0           0
             0                 0          0       0          0             0       7724.400           2     3                       0                 0              0                0                0                    1        130     0        130      0         0                  0                 0                 95            0      460       50      0                  1                   0                     0                   0           0
             0                 0          0       0          0             0      10922.400           2     4                       0                 0              0                0                0                    1        130     0        130      0         0                  0                 0                 95            0      460       50      0                  1                   0                     0                   0           0
             0                 0          0       0          0             0      14120.400           2     5                       0                 0              0                0                0                    1        130     0        130      0         0                  0                 0                 95            0      460       50      0                  1                   0                     0                   0           0
             0                 0          0       0          0             0      17318.400           2     6                       0                 0              0                0                0                    1        130     0        130      0         0                  0                 0                 95            0      460       50      0                  1                   0                     0                   0           0
             0                 0          0       0          0             0      20516.400           2     7                       0                 0              0                0                0                    1        130     0        130      0         0                  0                 0                 95            0      460       50      0                  1                   0                     0                   0           0
             0                 0          0       0          0             0      23714.400           2     8                       0                 0              0                0                0                    1        130     0        130      0         0                  0                 0                 95            0      460       50      0                  1                   0                     0                   0           0
             0                 0          0       0          0             0      26912.400           2     9                       0                 0              0                0                0                    1        130     0        130      0         0                  0                 0                 95            0      460       50      0                  1                   0                     0                   0           0
             0                 0          0       0          0             0      30110.400           2    10                       0                 0              0                0                0                    1        130     0        130      0         0                  0                 0                 95            0      460       50      0                  1                   0                     0                   0           0
             0                 0          0       0          0             0      33308.400           2    11                       0                 0              0                0                0                    1        130     0        130      0         0                  0                 0                 95            0      460       50      0                  1                   0                     0                   0           0
             0                 0          0       0          0             0      36506.400           2    12                       0                 0              0                0                0                    1        130     0        130      0         0                  0                 0                 95            0      460       50      0                  1                   0                     0                   0           0
             0                 0          0       0          0             0      39704.400           2    13                       0                 0              0                0                0                    1        130     0        130      0         0                  0                 0                 95            0      460       50      0                  1                   0                     0                   0           0
             0                 0          0       0          0             0      42902.400           2    14                       0                 0              0                0                0                    1        130     0        130      0         0                  0                 0                 95            0      460       50      0                  1                   0                     0                   0           0
             0                 0          0       0          0             0      46100.400           2    15                       0                 0              0                0                0                    1        130     0        130      0         0                  0                 0                 95            0      460       50      0                  1                   0                     0                   0           0
             0                 0          0       0          0             0      49298.400           2    16                       0                 0              0                0                0                    1        130     0        130      0         0                  0                 0                 95            0      460       50      0                  1                   0                     0                   0           0
             0                 0          0       0          0             0      52496.400           2    17                       0                 0              0                0                0                    1        130     0        130      0         0                  0                 0                 95            0      460       50      0                  1                   0                     0                   0           0
             0                 0          0       0          0             0      55694.400           2    18                       0                 0              0                0                0                    1        130     0        130      0         0                  0                 0                 95            0      460       50      0                  1                   0                     0                   0           0
            49                 2         20   1.000      4.500       179.000      61777.520           4    19                       0                 0              0                0                0                    2        143    26        143      6         0                  1                 0                 95            0      460       50      0                  2                   0                     0                   0          47
             0                31         39   1.903     80.161      1554.336      75336.760          20    20                       0                 0              0                0                1                    7        211   111        211     24         2                  1                 1                103           11      460       50      0                 10                   0                     0                   0          16
             0                16          4   3.188    152.688       505.278      82735.440           2    21                       0                 0              0                0                0                    1        164   113        164      7        21                  0                 5                111           49      460       50      0                  1                   2                     0                   0           0
             0                 0          0       0          0             0      86646.840           2    22                       0                 0              0                0                0                    1        146    94        146      1         7                  0                 0                110           28      460       50      0                  1                   0                     0                   0           0
             0                 0          0       0          0             0      90213.840           2    23                       0                 0              0                0                0                    1        143    91        143      0         1                  0                 0                107           29      460       50      0                  1                   0                     0                   0           0
             0                 0          0       0          0             0      93682.440           2    24                       0                 0              0                0                0                    1        141    89        141      0         1                  0                 0                107           10      460       50      0                  1                   0                     0                   0           0
             0                 0          0       0          0             0      97151.040           2    25                       0                 0              0                0                0                    1        141    86        141      1         1                  0                 1                102            3      460       50      0                  1                   0                     0                   0           0
             0                 0          0       0          0             0     100595.040           2    26                       0                 0              0                0                0                    1        142    85        142      1         0                  0                 2                 99           10      460       50      0                  1                   0                     0                   0           0
             0                 0          0       0          0             0     104063.640           2    27                       0                 0              0                0                0                    1        141    84        141      0         0                  0                 1                 99            0      460       50      0                  1                   0                     0                   0           0
             0                 0          0       0          0             0     107532.240           2    28                       0                 0              0                0                0                    1        141    84        141      0         0                  0                 0                 99            0      460       50      0                  1                   0                     0                   0           0
             0                 0          0       0          0             0     111000.840           2    29                       0                 0              0                0                0                    1        141    84        141      0         0                  0                 0                 99            0      460       50      0                  1                   0                     0                   0           0
             0                 0          0       0          0             0     114469.440           2    30                       0                 0              0                0                0                    1        141    84        141      0         0                  0                 0                 99            0      460       50      0                  1                   0                     0                   0           0
             0                 0          0       0          0             0     117938.040           2    31                       0                 0              0                0                0                    1        141    84        141      0         0                  0                 0                 99            0      460       50      0                  1                   0                     0                   0           0
             0                 0          0       0          0             0     121406.640           2    32                       0                 0              0                0                0                    1        141    84        141      0         0                  0                 0                 99            0      460       50      0                  1                   0                     0                   0           0
             0                 0          0       0          0             0     124875.240           2    33                       0                 0              0                0                0                    1        141    84        141      0         0                  0                 0                 99            0      460       50      0                  1                   0                     0                   0           0
             0                 0          0       0          0             0     128343.840           2    34                       0                 0              0                0                0                    1        141    84        141      0         0                  0                 0                 99            0      460       50      0                  1                   0                     0                   0           0
             0                 0          0       0          0             0     131812.440           2    35                       0                 0              0                0                0                    1        141    84        141      0         0                  0                 0                 99            0      460       50      0                  1                   0                     0                   0           0
             0                 0          0       0          0             0     135281.040           2    36                       0                 0              0                0                0                    1        141    84        141      0         0                  0                 0                 99            0      460       50      0                  1                   0                     0                   0           0
             0                 0          0       0          0             0     138749.640           2    37                       0                 0              0                0                0                    1        141    84        141      0         0                  0                 0                 99            0      460       50      0                  1                   0                     0                   0           0
             0                 0          0       0          0             0     142218.240           2    38                       0                 0              0                0                0                    1        141    84        141      0         0                  0                 0                 99            0      460       50      0                  1                   0                     0                   0           0
             0                 0          0       0          0             0     145686.840           2    39                       0                 0              0                0                0                    1        141    84        141      0         0                  0                 0                 99            0      460       50      0                  1                   0                     0                   0           0
             0                 0          0       0          0             0     149155.440           2    40                       0                 0              0                0                0                    1        141    84        141      0         0                  0                 0                 99            0      460       50      0                  1                   0                     0                   0           0
             0                 0          0       0          0             0     152624.040           2    41                       0                 0              0                0                0                    1        141    84        141      0         0                  0                 0                 99            0      460       50      0                  1                   0                     0                   0           0
             0                 0          0       0          0             0     156092.640           2    42                       0                 0              0                0                0                    1        141    84        141      0         0                  0                 0                 99            0      460       50      0                  1                   0                     0                   0           0
             0                 0          0       0          0             0     159561.240           2    43                       0                 0              0                0                0                    1        141    84        141      0         0                  0                 0                 99            0      460       50      0                  1                   0                     0                   0           0
             0                 0          0       0          0             0     163029.840           2    44                       0                 0              0                0                0                    1        141    84        141      0         0                  0                 0                 99            0      460       50      0                  1                   0                     0                   0           0
             0                 0          0       0          0             0     166498.440           2    45                       0                 0              0                0                0                    1        141    84        141      0         0                  0                 0                 99            0      460       50      0                  1                   0                     0                   0           0
             0                 0          0       0          0             0     169967.040           2    46                       0                 0              0                0                0                    1        141    84        141      0         0                  0                 0                 99            0      460       50      0                  1                   0                     0                   0           0
             0                 0          0       0          0             0     173435.640           2    47                       0                 0              0                0                0                    1        141    84        141      0         0                  0                 0                 99            0      460       50      0                  1                   0                     0                   0           0
             0                 0          0       0          0             0     176904.240           2    48                       0                 0              0                0                0                    1        141    84        141      0         0                  0                 0                 99            0      460       50      0                  1                   0                     0                   0           0
             0                 0          0       0          0             0     180372.840           2    49                       0                 0              0                0                0                    1        141    84        141      0         0                  0                 0                 99            0      460       50      0                  1                   0                     0                   0           0
             0                 0          0       0          0             0     183841.440           2    50                       0                 0              0                0                0                    1        141    84        141      0         0                  0                 0                 99            0      460       50      0                  1                   0                     0                   0           0
             0                 0          0       0          0             0     187310.040           2    51                       0                 0              0                0                0                    1        141    84        141      0         0                  0                 0                 99            0      460       50      0                  1                   0                     0                   0           0
             0                 0          0       0          0             0     190778.640           2    52                       0                 0              0                0                0                    1        141    84        141      0         0                  0                 0                 99            0      460       50      0                  1                   0                     0                   0           0
             0                 0          0       0          0             0     194247.240           2    53                       0                 0              0                0                0                    1        141    84        141      0         0                  0                 0                 99            0      460       50      0                  1                   0                     0                   0           0
             0                 0          0       0          0             0     197715.840           2    54                       0                 0              0                0                0                    1        141    84        141      0         0                  0                 0                 99            0      460       50      0                  1                   0                     0                   0           0
             0                 0          0       0          0             0     201184.440           2    55                       0                 0              0                0                0                    1        141    84        141      0         0                  0                 0                 99            0      460       50      0                  1                   0                     0                   0           0
             0                 0          0       0          0             0     204653.040           2    56                       0                 0              0                0                0                    1        141    84        141      0         0                  0                 0                 99            0      460       50      0                  1                   0                     0                   0           0
             0                 0          0       0          0             0     208121.640           2    57                       0                 0              0                0                0                    1        141    84        141      0         0                  0                 0                 99            0      460       50      0                  1                   0                     0                   0           0
             0                 0          0       0          0             0     211590.240           2    58                       0                 0              0                0                0                    1        141    84        141      0         0                  0                 0                 99            0      460       50      0                  1                   0                     0                   0           0
            49                10         48   1.300     42.600      1266.833     222647.600           6    59                       0                 0              0                0                0                    2        171   152        171     14         0                  1                 0                 99            0      460       50      0                  3                   0                     0                   0          39
             0                22         30   2.636    119.455      1141.417     234636.780           8    60                       0                 0              0                0                0                    3        185   200        185     20        15                  1                 4                114           39      460       50      0                  4                   1                     0                   0          17
             0                15          7   3.667    199.667       310.895     241238.840           6    61                       0                 0              0                0                0                    2        155   181        155      6        12                  0                 9                142           43      460       50      0                  3                   2                     0                   0           2
             0                 2          0   4.000    287.500       135.000     244990.880           2    62                       0                 0              0                0                0                    1        145   161        145      6         4                  0                 9                105           33      460       50      0                  1                   0                     0                   0           0
             0                 0          0       0          0             0     248607.080           4    63                       0                 0              0                0                0                    3        149   161        149      3         0                  0                 4                106           26      460       50      0                  2                   0                     0                   0           0
             0                 0          0       0          0             0     252223.280           4    64                       0                 0              0                0                0                    3        147   161        147      0         0                  0                 1                106            0      460       50      0                  2                   0                     0                   0           0
             0                 0          0       0          0             0     255839.480           4    65                       0                 0              0                0                0                    3        147   161        147      0         0                  0                 0                106            0      460       50      0                  2                   0                     0                   0           0
             0                 0          0       0          0             0     259455.680           4    66                       0                 0              0                0                0                    3        147   161        147      0         0                  0                 0                106            0      460       50      0                  2                   0                     0                   0           0
             0                 0          0       0          0             0     263071.880           4    67                       0                 0              0                0                0                    3        147   161        147      0         0                  0                 0                106            0      460       50      0                  2                   0                     0                   0           0
             0                 0          0       0          0             0     266688.080           4    68                       0                 0              0                0                0                    3        147   161        147      0         0                  0                 0                106            0      460       50      0                  2                   0                     0                   0           0
             0                 0          0       0          0             0     270304.280           4    69                       0                 0              0                0                0                    3        147   161        147      0         0                  0                 0                106            0      460       50      0                  2                   0                     0                   0           0
             0                 0          0       0          0             0     273920.480           4    70                       0                 0              0                0                0                    3        147   161        147      0         0                  0                 0                106            0      460       50      0                  2                   0                     0                   0           0
             0                 0          0       0          0             0     277536.680           4    71                       0                 0              0                0                0                    3        147   161        147      0         0                  0                 0                106            0      460       50      0                  2                   0                     0                   0           0
             0                 0          0       0          0             0     281152.880           4    72                       0                 0              0                0                0                    3        147   161        147      0         0                  0                 0                106            0      460       50      0                  2                   0                     0                   0           0
             0                 0          0       0          0             0     284769.080           4    73                       0                 0              0                0                0                    3        147   161        147      0         0                  0                 0                106            0      460       50      0                  2                   0                     0                   0           0
             0                 0          0       0          0             0     288385.280           4    74                       0                 0              0                0                0                    3        147   161        147      0         0                  0                 0                106            0      460       50      0                  2                   0                     0                   0           0
             0                 0          0       0          0             0     292001.480           4    75                       0                 0              0                0                0                    3        147   161        147      0         0                  0                 0                106            0      460       50      0                  2                   0                     0                   0           0
             0                 0          0       0          0             0     295617.680           4    76                       0                 0              0                0                0                    3        147   161        147      0         0                  0                 0                106            0      460       50      0                  2                   0                     0                   0           0
             0                 0          0       0          0             0     299233.880           4    77                       0                 0              0                0                0                    3        147   161        147      0         0                  0                 0                106            0      460       50      0                  2                   0                     0                   0           0
             0                 0          0       0          0             0     302850.080           4    78                       0                 0              0                0                0                    3        147   161        147      0         0                  0                 0                106            0      460       50      0                  2                   0                     0                   0           0
             0                 0          0       0          0             0     306466.280           4    79                       0                 0              0                0                0                    3        147   161        147      0         0                  0                 0                106            0      460       50      0                  2                   0                     0                   0           0
             0                 0          0       0          0             0     310082.480           4    80                       0                 0              0                0                0                    3        147   161        147      0         0                  0                 0                106            0      460       50      0                  2                   0                     0                   0           0
             0                 0          0       0          0             0     313698.680           4    81                       0                 0              0                0                0                    3        147   161        147      0         0                  0                 0                106            0      460       50      0                  2                   0                     0                   0           0
             0                 0          0       0          0             0     317314.880           4    82                       0                 0              0                0                0                    3        147   161        147      0         0                  0                 0                106            0      460       50      0                  2                   0                     0                   0           0
             0                 0          0       0          0             0     320931.080           4    83                       0                 0              0                0                0                    3        147   161        147      0         0                  0                 0                106            0      460       50      0                  2                   0                     0                   0           0
             0                 0          0       0          0             0     324547.280           4    84                       0                 0              0                0                0                    3        147   161        147      0         0                  0                 0                106            0      460       50      0                  2                   0                     0                   0           0
             0                 0          0       0          0             0     328163.480           4    85                       0                 0              0                0                0                    3        147   161        147      0         0                  0                 0                106            0      460       50      0                  2                   0                     0                   0           0
             0                 0          0       0          0             0     331779.680           4    86                       0                 0              0                0                0                    3        147   161        147      0         0                  0                 0                106            0      460       50      0                  2                   0                     0                   0           0
             0                 0          0       0          0             0     335395.880           4    87                       0                 0              0                0                0                    3        147   161        147      0         0                  0                 0                106            0      460       50      0                  2                   0                     0                   0           0
             0                 0          0       0          0             0     339012.080           4    88                       0                 0              0                0                0                    3        147   161        147      0         0                  0                 0                106            0      460       50      0                  2                   0                     0                   0           0
             0                 0          0       0          0             0     342628.280           4    89                       0                 0              0                0                0                    3        147   161        147      0         0                  0                 0                106            0      460       50      0                  2                   0                     0                   0           0
             0                 0          0       0          0             0     346244.480           4    90                       0                 0              0                0                0                    3        147   161        147      0         0                  0                 0                106            0      460       50      0                  2                   0                     0                   0           0
             0                 0          0       0          0             0     349860.680           4    91                       0                 0              0                0                0                    3        147   161        147      0         0                  0                 0                106            0      460       50      0                  2                   0                     0                   0           0
             0                 0          0       0          0             0     353476.880           4    92                       0                 0              0                0                0                    3        147   161        147      0         0                  0                 0                106            0      460       50      0                  2                   0                     0                   0           0
             0                 0          0       0          0             0     357093.080           4    93                       0                 0              0                0                0                    3        147   161        147      0         0                  0                 0                106            0      460       50      0                  2                   0                     0                   0           0
             0                 0          0       0          0             0     360709.280           4    94                       0                 0              0                0                0                    3        147   161        147      0         0                  0                 0                106            0      460       50      0                  2                   0                     0                   0           0
             0                 0          0       0          0             0     364325.480           4    95                       0                 0              0                0                0                    3        147   161        147      0         0                  0                 0                106            0      460       50      0                  2                   0                     0                   0           0
             0                 0          0       0          0             0     367941.680           4    96                       0                 0              0                0                0                    3        147   161        147      0         0                  0                 0                106            0      460       50      0                  2                   0                     0                   0           0
             0                 0          0       0          0             0     371557.880           4    97                       0                 0              0                0                0                    3        147   161        147      0         0                  0                 0                106            0      460       50      0                  2                   0                     0                   0           0
             0                 0          0       0          0             0     375174.080           4    98                       0                 0              0                0                0                    3        147   161        147      0         0                  0                 0                106            0      460       50      0                  2                   0                     0                   0           0
             0                 0          0       0          0             0     378790.280           4    99                       0                 0              0                0                0                    3        147   161        147      0         0                  0                 0                106            0      460       50      0                  2                   0                     0                   0           0
#pos runNum=0 0@(1.00000,1.00000)@0 1@(1.17551,0.98143)@1024 2@(0.81975,0.81230)@580 3@(0.94540,0.94336)@542 4@(0.88896,0.85137)@682 5@(1.08751,0.78269)@614 6@(0.85907,0.93314)@625 7@(1.00226,1.12791)@551 8@(1.11318,1.06608)@682 9@(1.00700,1.14515)@544 10@(1.02672,0.81162)@548 11@(1.14502,0.88987)@568 12@(1.20549,1.15334)@1566 13@(1.13605,0.73475)@853 14@(1.20516,1.16797)@1109 15@(1.04841,1.17885)@1056 16@(1.34956,1.08890)@1587 17@(0.75663,0.76699)@877 18@(0.70888,0.96965)@1096 19@(0.87083,0.87196)@1205 20@(0.77758,0.66650)@1681 21@(0.89785,0.83237)@1279 22@(0.91694,1.25985)@1480 23@(0.86919,0.96645)@1246 24@(0.98391,0.96603)@554 25@(1.29699,1.11770)@1255 26@(0.91778,1.27829)@1307 27@(1.10594,0.76560)@1126 28@(1.37246,0.88944)@1486 29@(0.87491,1.18163)@1119 30@(0.83102,1.16243)@1273 31@(0.73333,0.60510)@1205 32@(1.15492,1.01688)@1408 33@(0.68577,1.27941)@2043 34@(1.01445,0.95372)@1112 35@(1.08389,1.05593)@1167 36@(0.98144,0.60834)@1384 37@(1.05539,1.06367)@1535 38@(1.07091,1.14086)@1112 39@(0.76921,1.00212)@1224 40@(0.63026,1.00320)@1205 41@(1.24196,0.78423)@1587 42@(0.84164,1.21763)@1114 43@(1.24544,0.75497)@1557 44@(0.60582,0.98182)@1983 45@(0.59745,0.91668)@1319 46@(1.19623,0.90384)@1592 47@(1.52056,1.00216)@2155 48@(0.60059,0.99543)@1659 49@(1.15504,1.08385)@1250
#links runNum=0 1-33@-97dBm@0.027 29-45@-97dBm@0.073 0-27@-96dBm@0.157 29-44@-91dBm@0.761 9-29@-85dBm@0.961 7-36@-96dBm@0.126 8-37@-89dBm@0.866 33-40@-95dBm@0.252 27-41@-83dBm@0.975 40-42@-94dBm@0.430 12-22@-95dBm@0.224 26-42@-84dBm@0.974 17-23@-89dBm@0.866 21-27@-89dBm@0.892 23-34@-84dBm@0.973 21-26@-96dBm@0.109 7-30@-93dBm@0.629 7-29@-87dBm@0.945 13-28@-90dBm@0.864 19-29@-97dBm@0.034 1-11@-84dBm@0.970 25-36@-96dBm@0.133 2-36@-91dBm@0.742 5-27@-75dBm@1.000 24-35@-94dBm@0.457 0-6@-89dBm@0.871 3-25@-93dBm@0.646 41-43@-89dBm@0.887 0-8@-91dBm@0.739 22-48@-93dBm@0.651 18-21@-95dBm@0.268 14-20@-97dBm@0.002 2-34@-95dBm@0.199 36-41@-93dBm@0.587 29-42@-96dBm@0.108 27-36@-89dBm@0.869 25-49@-93dBm@0.644 26-33@-88dBm@0.935 21-46@-95dBm@0.207 7-12@-87dBm@0.938 19-41@-95dBm@0.194 6-20@-95dBm@0.196 7-19@-96dBm@0.089 11-27@-87dBm@0.942 21-30@-95dBm@0.197 34-38@-95dBm@0.234 10-27@-84dBm@0.973 9-43@-96dBm@0.159 24-44@-97dBm@0.044 14-15@-92dBm@0.677 4-23@-90dBm@0.846 21-44@-91dBm@0.785 14-25@-81dBm@0.988 9-22@-88dBm@0.935 10-23@-92dBm@0.709 4-18@-91dBm@0.734 10-36@-93dBm@0.641 19-23@-97dBm@0.043 21-23@-96dBm@0.144 3-11@-88dBm@0.919 39-44@-97dBm@0.062 3-13@-90dBm@0.863 6-47@-97dBm@0.060 7-32@-90dBm@0.837 12-16@-92dBm@0.674 27-32@-93dBm@0.536 44-45@-77dBm@1.000 7-25@-91dBm@0.738 12-28@-91dBm@0.786 23-24@-86dBm@0.953 3-24@-75dBm@1.000 4-21@-93dBm@0.623 1-41@-87dBm@0.947 0-24@-83dBm@0.974 12-35@-90dBm@0.822 6-33@-96dBm@0.182 3-4@-87dBm@0.947 35-49@-87dBm@0.939 5-17@-90dBm@0.805 1-34@-94dBm@0.433 7-37@-91dBm@0.747 46-49@-96dBm@0.172 7-20@-97dBm@0.031 13-31@-96dBm@0.092 14-22@-90dBm@0.855 14-26@-93dBm@0.554 11-42@-97dBm@0.041 7-14@-87dBm@0.946 6-25@-95dBm@0.251 10-37@-92dBm@0.715 3-22@-93dBm@0.568 42-44@-95dBm@0.289 2-19@-90dBm@0.830 19-24@-88dBm@0.913 9-26@-87dBm@0.943 28-46@-91dBm@0.754 4-40@-91dBm@0.726 13-36@-87dBm@0.944 28-29@-96dBm@0.188 15-42@-96dBm@0.157 23-32@-90dBm@0.846 22-37@-90dBm@0.863 5-13@-83dBm@0.979 2-3@-87dBm@0.942 0-7@-84dBm@0.974 1-15@-93dBm@0.648 14-33@-95dBm@0.267 40-45@-93dBm@0.539 0-9@-87dBm@0.947 24-29@-92dBm@0.678 32-47@-92dBm@0.665 3-7@-93dBm@0.544 21-41@-93dBm@0.660 5-24@-89dBm@0.867 20-21@-93dBm@0.553 4-8@-91dBm@0.742 10-28@-93dBm@0.547 5-35@-93dBm@0.654 38-45@-96dBm@0.154 10-18@-93dBm@0.554 8-16@-92dBm@0.715 2-15@-94dBm@0.459 1-16@-88dBm@0.933 28-43@-93dBm@0.644 27-34@-93dBm@0.575 4-42@-94dBm@0.480 16-47@-87dBm@0.941 0-1@-94dBm@0.503 17-20@-93dBm@0.657 1-5@-87dBm@0.942 17-49@-95dBm@0.209 0-3@-88dBm@0.913 24-37@-93dBm@0.605 8-10@-89dBm@0.875 7-17@-94dBm@0.375 13-27@-80dBm@0.995 27-46@-89dBm@0.884 15-46@-90dBm@0.838 30-48@-93dBm@0.639 3-36@-91dBm@0.760 23-30@-89dBm@0.869 13-43@-92dBm@0.703 9-40@-93dBm@0.646 37-39@-90dBm@0.839 8-18@-96dBm@0.088 1-21@-91dBm@0.722 4-19@-86dBm@0.957 11-12@-92dBm@0.683 29-38@-89dBm@0.886 39-42@-91dBm@0.741 9-38@-86dBm@0.957 3-6@-93dBm@0.541 22-38@-95dBm@0.205 8-12@-97dBm@0.032 12-29@-96dBm@0.111 6-45@-92dBm@0.700 6-15@-93dBm@0.604 11-16@-92dBm@0.670 7-16@-92dBm@0.712 25-35@-88dBm@0.902 23-49@-96dBm@0.150 9-15@-75dBm@1.000 26-34@-92dBm@0.694 4-36@-92dBm@0.676 0-17@-92dBm@0.686 35-37@-89dBm@0.896 27-42@-94dBm@0.329 18-45@-94dBm@0.337 13-34@-97dBm@0.029 3-35@-89dBm@0.866 2-45@-91dBm@0.792 8-29@-94dBm@0.514 1-25@-93dBm@0.653 32-38@-97dBm@0.021 34-46@-93dBm@0.651 4-49@-95dBm@0.273 1-2@-93dBm@0.652 14-21@-94dBm@0.327 5-46@-93dBm@0.657 7-9@-72dBm@1.000 14-49@-91dBm@0.726 2-31@-89dBm@0.867 17-31@-89dBm@0.879 26-39@-91dBm@0.721 9-42@-90dBm@0.831 0-11@-87dBm@0.945 4-9@-90dBm@0.831 22-33@-88dBm@0.925 12-41@-92dBm@0.674 17-21@-90dBm@0.861 0-13@-93dBm@0.643 2-41@-94dBm@0.375 2-40@-90dBm@0.864 18-19@-93dBm@0.655 6-10@-92dBm@0.664 10-21@-91dBm@0.727 9-23@-96dBm@0.150 0-10@-86dBm@0.950 20-31@-79dBm@1.000 19-20@-92dBm@0.715 32-49@-82dBm@0.984 1-3@-90dBm@0.865 12-14@-67dBm@1.000 0-5@-91dBm@0.803 14-38@-84dBm@0.968 5-6@-94dBm@0.507 2-17@-91dBm@0.756 10-32@-91dBm@0.767 30-38@-94dBm@0.425 3-5@-90dBm@0.861 24-39@-90dBm@0.847 21-31@-90dBm@0.828 17-39@-90dBm@0.822 0-2@-91dBm@0.802 11-35@-86dBm@0.958 3-23@-91dBm@0.728 0-4@-91dBm@0.746 15-21@-94dBm@0.456 21-24@-85dBm@0.960 25-47@-93dBm@0.608 3-18@-88dBm@0.914 24-41@-95dBm@0.294 4-37@-93dBm@0.606 15-26@-93dBm@0.610 3-30@-91dBm@0.719 1-32@-90dBm@0.861 24-49@-93dBm@0.661 1-7@-90dBm@0.863 18-40@-95dBm@0.320 6-35@-95dBm@0.289 30-33@-91dBm@0.722 24-38@-87dBm@0.940 19-35@-96dBm@0.096 20-45@-93dBm@0.597 18-20@-92dBm@0.681 2-13@-94dBm@0.495 15-38@-89dBm@0.884 20-27@-93dBm@0.565 0-49@-97dBm@0.018 5-23@-93dBm@0.567 39-40@-95dBm@0.242 4-10@-89dBm@0.895 40-48@-96dBm@0.144 23-29@-93dBm@0.524 11-33@-96dBm@0.144 30-42@-76dBm@1.000 33-49@-96dBm@0.087 24-34@-85dBm@0.961 0-32@-95dBm@0.305 22-46@-94dBm@0.345 22-34@-92dBm@0.688 8-17@-97dBm@0.033 9-14@-87dBm@0.939 4-6@-95dBm@0.213 43-46@-96dBm@0.141 7-45@-94dBm@0.342 7-8@-90dBm@0.865 13-49@-93dBm@0.654 3-39@-89dBm@0.870 24-42@-91dBm@0.774 8-35@-77dBm@1.000 20-41@-94dBm@0.475 7-42@-86dBm@0.956 9-17@-94dBm@0.325 15-23@-95dBm@0.285 12-23@-95dBm@0.204 18-48@-88dBm@0.933 30-44@-94dBm@0.392 3-12@-94dBm@0.519 26-30@-93dBm@0.538 22-25@-94dBm@0.482 2-4@-85dBm@0.960 23-37@-96dBm@0.112 17-40@-97dBm@0.052 1-46@-86dBm@0.957 40-44@-80dBm@0.993 12-13@-96dBm@0.173 8-26@-90dBm@0.861 8-49@-88dBm@0.933
#aveChargePerCycle runNum=0 0@517.18 1@180.02 2@282.64 3@495.73 4@203.71 5@149.87 6@52.32 7@327.80 8@152.78 9@239.60 10@155.43 11@49.76 12@1.30 13@81.11 14@98.23 15@78.27 16@26.05 17@82.04 18@53.40 19@25.65 20@1.30 21@26.58 22@51.85 23@1.94 24@153.78 25@28.52 26@26.82 27@26.82 28@20.48 29@25.40 30@49.51 31@1.30 32@27.22 33@1.30 34@1.30 35@1.30 36@1.94 37@1.30 38@1.30 39@2.59 40@27.87 41@11.78 42@25.40 43@5.97 44@1.94 45@3.89 46@1.30 47@1.30 48@1.94 49@1.30