## dioPeriod = 1.0
## burstTimestamp = 20
## minRssi = -97
## numMotes = 50
## otfHousekeepingPeriod = 1.0
## sixtopNoRemoveWorstCell = 0
## simDataDir = simData
## numChans = 16
## slotframeLength = 101
## squareSide = 2.0
## cpuID = 68
## sixtopPdrThreshold = 1.5
## pkPeriod = None
## sixtopHousekeepingPeriod = 1.0
## sixtopNoHousekeeping = 0
## algorithm = otf
## pkPeriodVar = 0.05
## numCyclesPerRun = 100
## startTime = 1502276471.31
## slotDuration = 0.01
## numRuns = 1
## combinationKeys = ['algorithm', 'numMotes', 'otfThreshold']
## numPacketsBurst = 5
## otfThreshold = 1
## noInterference = 0
## gui = False


# appGenerated appReachesDagroot appRelayed aveHops aveLatency aveQueueDelay chargeConsumed collidedTxs cycle droppedAppFailedEnqueue droppedMacRetries droppedNoRoute droppedNoTxCells droppedQueueFull effectiveCollidedTxs numRxCells numTx numTxCells otfAdd otfRemove probableCollisions rplChurnParentSet rplChurnPrefParent rplChurnRank rplRxDIO rplTxDIO runNum scheduleCollisions topRxRelocatedCells topTxRelocatedBundles topTxRelocatedCells txQueueFill
             0                 0          0       0          0             0              0           0     0                       0                 0              0                0                0                    0          0     0          0      0         0                  0                 0                  0            0        0        0      0                  0                   0                     0                   0           0
             0                 0          0       0          0             0       1451.400           2     1                       0                 0              0                0                0                    1        109     0        109    109         0                  0               133                 88            9      475       50      0                  1                   0                     0                   0           0
             0                 0          0       0          0             0       4305.000           2     2                       0                 0              0                0                0                    1        116     0        116      7         0                  0                 0                121            0      475       50      0                  1                   0                     0                   0           0
             0                 0          0       0          0             0       7158.600           2     3                       0                 0              0                0                0                    1        116     0        116      0         0                  0                 0                121            0      475       50      0                  1                   0                     0                   0           0
             0                 0          0       0          0             0      10012.200           2     4                       0                 0              0                0                0                    1        116     0        116      0         0                  0                 0                121            0      475       50      0                  1                   0                     0                   0           0
             0                 0          0       0          0             0      12865.800           2     5                       0                 0              0                0                0                    1        116     0        116      0         0                  0                 0                121            0      475       50      0                  1                   0                     0                   0           0
             0                 0          0       0          0             0      15719.400           2     6                       0                 0              0                0                0                    1        116     0        116      0         0                  0                 0                121            0      475       50      0                  1                   0                     0                   0           0
             0                 0          0       0          0             0      18573.000           2     7                       0                 0              0                0                0                    1        116     0        116      0         0                  0                 0                121            0      475       50      0                  1                   0                     0                   0           0
             0                 0          0       0          0             0      21426.600           2     8                       0                 0              0                0                0                    1        116     0        116      0         0                  0                 0                121            0      475       50      0                  1                   0                     0                   0           0
             0                 0          0       0          0             0      24280.200           2     9                       0                 0              0                0                0                    1        116     0        116      0         0                  0                 0                121            0      475       50      0                  1                   0                     0                   0           0
             0                 0          0       0          0             0      27133.800           2    10                       0                 0              0                0                0                    1        116     0        116      0         0                  0                 0                121            0      475       50      0                  1                   0                     0                   0           0
             0                 0          0       0          0             0      29987.400           2    11                       0                 0              0                0                0                    1        116     0        116      0         0                  0                 0                121            0      475       50      0                  1                   0                     0                   0           0
             0                 0          0       0          0             0      32841.000           2    12                       0                 0              0                0                0                    1        116     0        116      0         0                  0                 0                121            0      475       50      0                  1                   0                     0                   0           0
             0                 0          0       0          0             0      35694.600           2    13                       0                 0              0                0                0                    1        116     0        116      0         0                  0                 0                121            0      475       50      0                  1                   0                     0                   0           0
             0                 0          0       0          0             0      38548.200           2    14                       0                 0              0                0                0                    1        116     0        116      0         0                  0                 0                121            0      475       50      0                  1                   0                     0                   0           0
             0                 0          0       0          0             0      41401.800           2    15                       0                 0              0                0                0                    1        116     0        116      0         0                  0                 0                121            0      475       50      0                  1                   0                     0                   0           0
             0                 0          0       0          0             0      44255.400           2    16                       0                 0              0                0                0                    1        116     0        116      0         0                  0                 0                121            0      475       50      0                  1                   0                     0                   0           0
             0                 0          0       0          0             0      47109.000           2    17                       0                 0              0                0                0                    1        116     0        116      0         0                  0                 0                121            0      475       50      0                  1                   0                     0                   0           0
             0                 0          0       0          0             0      49962.600           2    18                       0                 0              0                0                0                    1        116     0        116      0         0                  0                 0                121            0      475       50      0                  1                   0                     0                   0           0
            49                 3         15   1.000     13.333       208.000      55208.240           4    19                       0                 0              0                0                0                    1        127    22        127      4         0                  1                 0                121            0      475       50      0                  2                   0                     0                   0          46
             0                25         45   1.920     79.240      1830.450      68601.160          16    20                       0                 0              0                0                0                    2        217   108        217     34         0                  0                11                111           23      475       50      0                  8                   0                     0                   0          21
             0                20          7   3.050    151.250       806.467      76468.640           9    21                       0                 0              0                0                0                    3        154   107        154      8        25                  0                14                 97           47      475       50      0                  5                   0                     0                   0           1
             0                 1          1   5.000    249.000        32.000      80294.480           5    22                       0                 0              0                0                0                    3        142    91        142      9         8                  0                10                105           38      475       50      0                  3                   0                     0                   0           0
             0                 0          0       0          0             0      83689.280           5    23                       0                 0              0                0                0                    3        141    85        141      5         4                  0                 2                111           15      475       50      0                  3                   0                     0                   0           0
             0                 0          0       0          0             0      87157.880           5    24                       0                 0              0                0                0                    3        140    81        140      2         1                  0                 2                107            8      475       50      0                  3                   0                     0                   0           0
             0                 0          0       0          0             0      90601.880           5    25                       0                 0              0                0                0                    3        144    81        144      2         0                  0                 2                106            4      475       50      0                  3                   0                     0                   0           0
             0                 0          0       0          0             0      94070.480           5    26                       0                 0              0                0                0                    3        141    81        141      0         0                  0                 2                106            0      475       50      0                  3                   0                     0                   0           0
             0                 0          0       0          0             0      97539.080           5    27                       0                 0              0                0                0                    3        141    81        141      0         0                  0                 0                106            0      475       50      0                  3                   0                     0                   0           0
             0                 0          0       0          0             0     101007.680           5    28                       0                 0              0                0                0                    3        141    81        141      0         0                  0                 0                106            0      475       50      0                  3                   0                     0                   0           0
             0                 0          0       0          0             0     104476.280           5    29                       0                 0              0                0                0                    3        141    81        141      0         0                  0                 0                106            0      475       50      0                  3                   0                     0                   0           0
             0                 0          0       0          0             0     107944.880           5    30                       0                 0              0                0                0                    3        141    81        141      0         0                  0                 0                106            0      475       50      0                  3                   0                     0                   0           0
             0                 0          0       0          0             0     111413.480           5    31                       0                 0              0                0                0                    3        141    81        141      0         0                  0                 0                106            0      475       50      0                  3                   0                     0                   0           0
             0                 0          0       0          0             0     114882.080           5    32                       0                 0              0                0                0                    3        141    81        141      0         0                  0                 0                106            0      475       50      0                  3                   0                     0                   0           0
             0                 0          0       0          0             0     118350.680           5    33                       0                 0              0                0                0                    3        141    81        141      0         0                  0                 0                106            0      475       50      0                  3                   0                     0                   0           0
             0                 0          0       0          0             0     121819.280           5    34                       0                 0              0                0                0                    3        141    81        141      0         0                  0                 0                106            0      475       50      0                  3                   0                     0                   0           0
             0                 0          0       0          0             0     125287.880           5    35                       0                 0              0                0                0                    3        141    81        141      0         0                  0                 0                106            0      475       50      0                  3                   0                     0                   0           0
             0                 0          0       0          0             0     128756.480           5    36                       0                 0              0                0                0                    3        141    81        141      0         0                  0                 0                106            0      475       50      0                  3                   0                     0                   0           0
             0                 0          0       0          0             0     132225.080           5    37                       0                 0              0                0                0                    3        141    81        141      0         0                  0                 0                106            0      475       50      0                  3                   0                     0                   0           0
             0                 0          0       0          0             0     135693.680           5    38                       0                 0              0                0                0                    3        141    81        141      0         0                  0                 0                106            0      475       50      0                  3                   0                     0                   0           0
             0                 0          0       0          0             0     139162.280           5    39                       0                 0              0                0                0                    3        141    81        141      0         0                  0                 0                106            0      475       50      0                  3                   0                     0                   0           0
             0                 0          0       0          0             0     142630.880           5    40                       0                 0              0                0                0                    3        141    81        141      0         0                  0                 0                106            0      475       50      0                  3                   0                     0                   0           0
             0                 0          0       0          0             0     146099.480           5    41                       0                 0              0                0                0                    3        141    81        141      0         0                  0                 0                106            0      475       50      0                  3                   0                     0                   0           0
             0                 0          0       0          0             0     149568.080           5    42                       0                 0              0                0                0                    3        141    81        141      0         0                  0                 0                106            0      475       50      0                  3                   0                     0                   0           0
             0                 0          0       0          0             0     153036.680           5    43                       0                 0              0                0                0                    3        141    81        141      0         0                  0                 0                106            0      475       50      0                  3                   0                     0                   0           0
             0                 0          0       0          0             0     156505.280           5    44                       0                 0              0                0                0                    3        141    81        141      0         0                  0                 0                106            0      475       50      0                  3                   0                     0                   0           0
             0                 0          0       0          0             0     159973.880           5    45                       0                 0              0                0                0                    3        141    81        141      0         0                  0                 0                106            0      475       50      0                  3                   0                     0                   0           0
             0                 0          0       0          0             0     163442.480           5    46                       0                 0              0                0                0                    3        141    81        141      0         0                  0                 0                106            0      475       50      0                  3                   0                     0                   0           0
             0                 0          0       0          0             0     166911.080           5    47                       0                 0              0                0                0                    3        141    81        141      0         0                  0                 0                106            0      475       50      0                  3                   0                     0                   0           0
             0                 0          0       0          0             0     170379.680           5    48                       0                 0              0                0                0                    3        141    81        141      0         0                  0                 0                106            0      475       50      0                  3                   0                     0                   0           0
             0                 0          0       0          0             0     173848.280           5    49                       0                 0              0                0                0                    3        141    81        141      0         0                  0                 0                106            0      475       50      0                  3                   0                     0                   0           0
             0                 0          0       0          0             0     177316.880           5    50                       0                 0              0                0                0                    3        141    81        141      0         0                  0                 0                106            0      475       50      0                  3                   0                     0                   0           0
             0                 0          0       0          0             0     180785.480           5    51                       0                 0              0                0                0                    3        141    81        141      0         0                  0                 0                106            0      475       50      0                  3                   0                     0                   0           0
             0                 0          0       0          0             0     184254.080           5    52                       0                 0              0                0                0                    3        141    81        141      0         0                  0                 0                106            0      475       50      0                  3                   0                     0                   0           0
             0                 0          0       0          0             0     187722.680           5    53                       0                 0              0                0                0                    3        141    81        141      0         0                  0                 0                106            0      475       50      0                  3                   0                     0                   0           0
             0                 0          0       0          0             0     191191.280           5    54                       0                 0              0                0                0                    3        141    81        141      0         0                  0                 0                106            0      475       50      0                  3                   0                     0                   0           0
             0                 0          0       0          0             0     194659.880           5    55                       0                 0              0                0                0                    3        141    81        141      0         0                  0                 0                106            0      475       50      0                  3                   0                     0                   0           0
             0                 0          0       0          0             0     198128.480           5    56                       0                 0              0                0                0                    3        141    81        141      0         0                  0                 0                106            0      475       50      0                  3                   0                     0                   0           0
             0                 0          0       0          0             0     201597.080           5    57                       0                 0              0                0                0                    3        141    81        141      0         0                  0                 0                106            0      475       50      0                  3                   0                     0                   0           0
             0                 0          0       0          0             0     205065.680           5    58                       0                 0              0                0                0                    3        141    81        141      0         0                  0                 0                106            0      475       50      0                  3                   0                     0                   0           0
            49                 7         46   1.429     41.714      1304.500     215845.920           9    59                       0                 0              0                0                0                    3        169   148        169     12         0                  3                 0                106            0      475       50      0                  5                   0                     0                   0          42
             0                26         27   2.346    112.269      1443.028     227070.860           7    60                       0                 0              0                0                2                    4        177   203        177     10         9                  0                 2                 96           37      475       50      0                  4                   0                     0                   0          16
             0                14          3   2.929    201.357       410.550     233060.380           5    61                       0                 0              0                0                0                    3        151   194        151      6         9                  0                10                 96           40      475       50      0                  3                   0                     0                   0           2
             0                 2          0   6.500    269.000        55.000     237074.040          11    62                       0                 0              0                0                0                    7        150   184        150      5         3                  0                 8                 97           17      475       50      0                  6                   0                     0                   0           0
             0                 0          0       0          0             0     240641.040           7    63                       0                 0              0                0                0                    4        145   181        145      2         0                  0                 5                107            9      475       50      0                  4                   0                     0                   0           0
             0                 0          0       0          0             0     244060.440           7    64                       0                 0              0                0                0                    4        137   172        137      0         2                  0                 2                107            0      475       50      0                  4                   0                     0                   0           0
             0                 0          0       0          0             0     247430.640           7    65                       0                 0              0                0                0                    4        137   172        137      0         0                  0                 2                107           10      475       50      0                  4                   0                     0                   0           0
             0                 0          0       0          0             0     250800.840           7    66                       0                 0              0                0                0                    4        137   172        137      0         0                  0                 0                107            0      475       50      0                  4                   0                     0                   0           0
             0                 0          0       0          0             0     254171.040           7    67                       0                 0              0                0                0                    4        137   172        137      0         0                  0                 0                107            0      475       50      0                  4                   0                     0                   0           0
             0                 0          0       0          0             0     257541.240           7    68                       0                 0              0                0                0                    4        137   172        137      0         0                  0                 0                107            0      475       50      0                  4                   0                     0                   0           0
             0                 0          0       0          0             0     260911.440           7    69                       0                 0              0                0                0                    4        137   172        137      0         0                  0                 0                107            0      475       50      0                  4                   0                     0                   0           0
             0                 0          0       0          0             0     264281.640           7    70                       0                 0              0                0                0                    4        137   172        137      0         0                  0                 0                107            0      475       50      0                  4                   0                     0                   0           0
             0                 0          0       0          0             0     267651.840           7    71                       0                 0              0                0                0                    4        137   172        137      0         0                  0                 0                107            0      475       50      0                  4                   0                     0                   0           0
             0                 0          0       0          0             0     271022.040           7    72                       0                 0              0                0                0                    4        137   172        137      0         0                  0                 0                107            0      475       50      0                  4                   0                     0                   0           0
             0                 0          0       0          0             0     274392.240           7    73                       0                 0              0                0                0                    4        137   172        137      0         0                  0                 0                107            0      475       50      0                  4                   0                     0                   0           0
             0                 0          0       0          0             0     277762.440           7    74                       0                 0              0                0                0                    4        137   172        137      0         0                  0                 0                107            0      475       50      0                  4                   0                     0                   0           0
             0                 0          0       0          0             0     281132.640           7    75                       0                 0              0                0                0                    4        137   172        137      0         0                  0                 0                107            0      475       50      0                  4                   0                     0                   0           0
             0                 0          0       0          0             0     284502.840           7    76                       0                 0              0                0                0                    4        137   172        137      0         0                  0                 0                107            0      475       50      0                  4                   0                     0                   0           0
             0                 0          0       0          0             0     287873.040           7    77                       0                 0              0                0                0                    4        137   172        137      0         0                  0                 0                107            0      475       50      0                  4                   0                     0                   0           0
             0                 0          0       0          0             0     291243.240           7    78                       0                 0              0                0                0                    4        137   172        137      0         0                  0                 0                107            0      475       50      0                  4                   0                     0                   0           0
             0                 0          0       0          0             0     294613.440           7    79                       0                 0              0                0                0                    4        137   172        137      0         0                  0                 0                107            0      475       50      0                  4                   0                     0                   0           0
             0                 0          0       0          0             0     297983.640           7    80                       0                 0              0                0                0                    4        137   172        137      0         0                  0                 0                107            0      475       50      0                  4                   0                     0                   0           0
             0                 0          0       0          0             0     301353.840           7    81                       0                 0              0                0                0                    4        137   172        137      0         0                  0                 0                107            0      475       50      0                  4                   0                     0                   0           0
             0                 0          0       0          0             0     304724.040           7    82                       0                 0              0                0                0                    4        137   172        137      0         0                  0                 0                107            0      475       50      0                  4                   0                     0                   0           0
             0                 0          0       0          0             0     308094.240           7    83                       0                 0              0                0                0                    4        137   172        137      0         0                  0                 0                107            0      475       50      0                  4                   0                     0                   0           0
             0                 0          0       0          0             0     311464.440           7    84                       0                 0              0                0                0                    4        137   172        137      0         0                  0                 0                107            0      475       50      0                  4                   0                     0                   0           0
             0                 0          0       0          0             0     314834.640           7    85                       0                 0              0                0                0                    4        137   172        137      0         0                  0                 0                107            0      475       50      0                  4                   0                     0                   0           0
             0                 0          0       0          0             0     318204.840           7    86                       0                 0              0                0                0                    4        137   172        137      0         0                  0                 0                107            0      475       50      0                  4                   0                     0                   0           0
             0                 0          0       0          0             0     321575.040           7    87                       0                 0              0                0                0                    4        137   172        137      0         0                  0                 0                107            0      475       50      0                  4                   0                     0                   0           0
             0                 0          0       0          0             0     324945.240           7    88                       0                 0              0                0                0                    4        137   172        137      0         0                  0                 0                107            0      475       50      0                  4                   0                     0                   0           0
             0                 0          0       0          0             0     328315.440           7    89                       0                 0              0                0                0                    4        137   172        137      0         0                  0                 0                107            0      475       50      0                  4                   0                     0                   0           0
             0                 0          0       0          0             0     331685.640           7    90                       0                 0              0                0                0                    4        137   172        137      0         0                  0                 0                107            0      475       50      0                  4                   0                     0                   0           0
             0                 0          0       0          0             0     335055.840           7    91                       0                 0              0                0                0                    4        137   172        137      0         0                  0                 0                107            0      475       50      0                  4                   0                     0                   0           0
             0                 0          0       0          0             0     338426.040           7    92                       0                 0              0                0                0                    4        137   172        137      0         0                  0                 0                107            0      475       50      0                  4                   0                     0                   0           0
             0                 0          0       0          0             0     341796.240           7    93                       0                 0              0                0                0                    4        137   172        137      0         0                  0                 0                107            0      475       50      0                  4                   0                     0                   0           0
             0                 0          0       0          0             0     345166.440           7    94                       0                 0              0                0                0                    4        137   172        137      0         0                  0                 0                107            0      475       50      0                  4                   0                     0                   0           0
             0                 0          0       0          0             0     348536.640           7    95                       0                 0              0                0                0                    4        137   172        137      0         0                  0                 0                107            0      475       50      0                  4                   0                     0                   0           0
             0                 0          0       0          0             0     351906.840           7    96                       0                 0              0                0                0                    4        137   172        137      0         0                  0                 0                107            0      475       50      0                  4                   0                     0                   0           0
             0                 0          0       0          0             0     355277.040           7    97                       0                 0              0                0                0                    4        137   172        137      0         0                  0                 0                107            0      475       50      0                  4                   0                     0                   0           0
             0                 0          0       0          0             0     358647.240           7    98                       0                 0              0                0                0                    4        137   172        137      0         0                  0                 0                107            0      475       50      0                  4                   0                     0                   0           0
             0                 0          0       0          0             0     362017.440           7    99                       0                 0              0                0                0                    4        137   172        137      0         0                  0                 0                107            0      475       50      0                  4                   0                     0                   0           0
#pos runNum=0 0@(1.00000,1.00000)@0 1@(1.13356,1.21571)@877 2@(1.04328,1.03453)@548 3@(0.96629,0.95417)@551 4@(1.02573,1.08299)@1440 5@(1.03987,1.02897)@551 6@(0.93775,1.06995)@551 7@(1.10478,0.88083)@1730 8@(0.82970,0.92470)@614 9@(0.99153,0.90165)@1280 10@(1.38339,0.91541)@1352 11@(1.02722,0.83567)@548 12@(0.98830,0.72269)@597 13@(0.84994,0.89400)@1165 14@(1.10394,0.82214)@590 15@(1.05786,0.82732)@1173 16@(1.17917,0.87772)@1162 17@(1.03749,0.67309)@1233 18@(1.03791,0.70908)@1153 19@(0.76724,0.87034)@1156 20@(0.87111,0.61372)@1211 21@(0.95776,0.67039)@1155 22@(0.95088,0.76264)@1099 23@(0.82278,0.98679)@1168 24@(0.86376,0.54702)@1796 25@(0.87357,0.70172)@1920 26@(0.89203,0.82965)@1418 27@(0.72173,0.71929)@1418 28@(0.57320,0.88652)@1860 29@(1.00139,0.72951)@1109 30@(0.57548,0.76453)@1318 31@(1.09193,0.55801)@1272 32@(1.00601,0.77175)@1450 33@(0.66334,0.87239)@1489 34@(0.99875,0.68268)@1450 35@(0.98621,1.09470)@558 36@(1.14288,0.92922)@614 37@(0.84445,1.09810)@853 38@(0.78457,0.51982)@1450 39@(1.29484,0.98062)@1394 40@(1.12734,0.89945)@1674 41@(0.88526,0.81106)@1114 42@(1.11350,1.05644)@568 43@(0.77888,0.84550)@630 44@(0.85075,1.26618)@1176 45@(0.90000,0.51562)@1774 46@(0.92719,0.58831)@2015 47@(0.91540,1.12149)@1126 48@(1.30755,0.59018)@2635 49@(1.03492,0.80643)@1109
#links runNum=0 36-47@-97dBm@0.038 3-40@-85dBm@0.961 13-39@-95dBm@0.207 6-19@-90dBm@0.812 21-46@-82dBm@0.981 8-43@-91dBm@0.765 4-11@-91dBm@0.782 11-17@-96dBm@0.170 9-49@-91dBm@0.784 1-20@-96dBm@0.084 2-43@-95dBm@0.226 4-13@-91dBm@0.742 14-15@-76dBm@1.000 19-39@-96dBm@0.169 35-47@-80dBm@0.991 15-25@-94dBm@0.410 12-20@-89dBm@0.882 16-49@-96dBm@0.139 16-48@-96dBm@0.093 21-29@-94dBm@0.441 0-14@-89dBm@0.876 11-24@-96dBm@0.075 8-30@-91dBm@0.732 0-6@-82dBm@0.985 9-18@-93dBm@0.546 17-24@-87dBm@0.938 27-34@-92dBm@0.699 14-41@-87dBm@0.940 0-36@-90dBm@0.865 22-48@-94dBm@0.333 17-21@-84dBm@0.974 20-28@-96dBm@0.081 21-34@-83dBm@0.977 9-19@-96dBm@0.118 34-35@-93dBm@0.622 27-44@-97dBm@0.029 13-19@-90dBm@0.841 12-27@-91dBm@0.728 7-49@-92dBm@0.672 12-38@-92dBm@0.674 16-46@-92dBm@0.684 4-14@-89dBm@0.879 19-23@-86dBm@0.957 8-13@-87dBm@0.945 23-43@-91dBm@0.724 21-24@-94dBm@0.496 9-10@-93dBm@0.641 14-21@-91dBm@0.749 15-35@-92dBm@0.680 31-34@-92dBm@0.661 29-42@-95dBm@0.287 2-6@-90dBm@0.818 5-11@-94dBm@0.422 1-6@-93dBm@0.624 17-40@-96dBm@0.171 39-41@-95dBm@0.194 24-46@-87dBm@0.939 0-37@-92dBm@0.693 20-29@-93dBm@0.659 17-46@-95dBm@0.212 25-29@-95dBm@0.194 0-47@-96dBm@0.152 1-29@-95dBm@0.232 11-26@-84dBm@0.971 14-19@-97dBm@0.042 38-45@-87dBm@0.948 6-13@-90dBm@0.843 9-20@-92dBm@0.708 0-22@-97dBm@0.072 32-49@-75dBm@1.000 9-13@-88dBm@0.921 3-33@-92dBm@0.682 12-32@-92dBm@0.696 7-21@-91dBm@0.800 2-15@-90dBm@0.863 4-32@-96dBm@0.168 4-47@-86dBm@0.955 19-36@-95dBm@0.213 28-47@-95dBm@0.274 28-34@-94dBm@0.382 12-34@-92dBm@0.677 0-43@-90dBm@0.864 15-42@-92dBm@0.667 21-33@-95dBm@0.247 19-30@-89dBm@0.881 7-17@-88dBm@0.936 16-18@-89dBm@0.866 3-4@-85dBm@0.967 8-12@-97dBm@0.008 5-17@-91dBm@0.722 20-25@-81dBm@0.987 20-24@-87dBm@0.942 15-49@-76dBm@1.000 18-22@-81dBm@0.988 15-17@-87dBm@0.942 14-39@-91dBm@0.744 16-43@-93dBm@0.596 15-22@-85dBm@0.967 34-48@-92dBm@0.704 14-26@-97dBm@0.031 2-9@-88dBm@0.933 23-33@-92dBm@0.695 4-34@-93dBm@0.654 42-49@-90dBm@0.818 2-10@-93dBm@0.651 3-22@-95dBm@0.256 2-19@-96dBm@0.169 18-24@-92dBm@0.664 24-32@-96dBm@0.176 9-26@-94dBm@0.449 34-40@-95dBm@0.271 4-40@-95dBm@0.203 19-43@-81dBm@0.988 28-30@-87dBm@0.939 7-46@-97dBm@0.045 5-13@-91dBm@0.804 35-37@-92dBm@0.707 17-29@-88dBm@0.937 16-42@-86dBm@0.958 25-28@-93dBm@0.641 23-47@-94dBm@0.321 27-30@-95dBm@0.291 19-34@-94dBm@0.475 40-48@-92dBm@0.700 0-9@-94dBm@0.441 11-20@-92dBm@0.680 16-40@-96dBm@0.158 13-24@-96dBm@0.156 26-41@-70dBm@1.000 1-4@-86dBm@0.958 1-42@-92dBm@0.663 18-43@-96dBm@0.125 34-43@-95dBm@0.295 4-8@-93dBm@0.528 15-20@-94dBm@0.452 37-41@-91dBm@0.776 1-2@-92dBm@0.681 35-43@-95dBm@0.261 2-16@-90dBm@0.862 3-19@-90dBm@0.862 12-14@-96dBm@0.086 5-42@-84dBm@0.972 2-35@-86dBm@0.958 0-46@-95dBm@0.251 2-7@-87dBm@0.939 26-40@-89dBm@0.869 29-32@-97dBm@0.021 23-44@-89dBm@0.866 10-36@-90dBm@0.863 23-27@-90dBm@0.857 6-9@-89dBm@0.869 12-21@-80dBm@0.989 32-39@-92dBm@0.685 5-7@-87dBm@0.942 29-34@-96dBm@0.172 19-47@-91dBm@0.775 35-42@-93dBm@0.661 10-18@-97dBm@0.034 35-49@-91dBm@0.719 11-22@-84dBm@0.974 13-43@-83dBm@0.977 0-49@-96dBm@0.145 26-28@-92dBm@0.682 2-47@-96dBm@0.169 0-8@-90dBm@0.861 11-15@-85dBm@0.961 36-40@-88dBm@0.937 0-29@-97dBm@0.001 6-17@-96dBm@0.144 20-21@-91dBm@0.766 4-44@-93dBm@0.655 12-29@-75dBm@1.000 2-3@-92dBm@0.696 25-27@-85dBm@0.960 26-32@-83dBm@0.974 42-44@-92dBm@0.685 26-37@-92dBm@0.710 24-45@-86dBm@0.956 8-9@-93dBm@0.646 7-43@-96dBm@0.130 29-39@-96dBm@0.174 9-15@-87dBm@0.944 31-49@-93dBm@0.533 6-27@-96dBm@0.169 7-16@-84dBm@0.974 23-36@-95dBm@0.230 8-23@-88dBm@0.926 13-34@-91dBm@0.721 11-23@-93dBm@0.650 19-28@-91dBm@0.726 10-47@-95dBm@0.194 8-19@-95dBm@0.298 26-27@-92dBm@0.688 5-6@-83dBm@0.974 29-38@-93dBm@0.626 0-35@-85dBm@0.959 19-22@-90dBm@0.808 5-35@-90dBm@0.818 11-49@-91dBm@0.761 14-49@-89dBm@0.880 13-21@-97dBm@0.033 8-36@-94dBm@0.463 24-38@-89dBm@0.869 7-18@-94dBm@0.519 18-33@-95dBm@0.269 20-45@-84dBm@0.973 46-48@-92dBm@0.695 0-11@-87dBm@0.949 34-41@-97dBm@0.046 35-40@-93dBm@0.641 14-31@-91dBm@0.721 8-27@-91dBm@0.743 13-23@-91dBm@0.768 41-47@-95dBm@0.270 11-18@-84dBm@0.971 2-40@-93dBm@0.526 21-43@-93dBm@0.561 5-49@-87dBm@0.941 1-40@-94dBm@0.339 29-46@-96dBm@0.142 10-40@-92dBm@0.666 7-9@-89dBm@0.866 18-34@-77dBm@1.000 5-37@-93dBm@0.650 32-42@-95dBm@0.300 6-44@-90dBm@0.821 20-46@-83dBm@0.978 11-37@-92dBm@0.666 6-35@-76dBm@1.000 9-34@-89dBm@0.881 22-32@-76dBm@1.000 2-36@-88dBm@0.937 1-3@-91dBm@0.718 0-2@-81dBm@0.985 0-5@-81dBm@0.985 30-41@-96dBm@0.145 31-48@-92dBm@0.683 19-33@-85dBm@0.959 17-49@-89dBm@0.870 11-44@-94dBm@0.378 7-31@-95dBm@0.223 32-46@-87dBm@0.948 3-5@-91dBm@0.730 13-25@-87dBm@0.940 10-39@-91dBm@0.738 9-36@-94dBm@0.497 28-43@-92dBm@0.717 33-42@-95dBm@0.192 6-16@-91dBm@0.765 4-28@-96dBm@0.123 20-27@-86dBm@0.951 6-42@-92dBm@0.716 25-41@-86dBm@0.957 9-25@-89dBm@0.867 12-49@-90dBm@0.849 0-1@-94dBm@0.512 3-41@-85dBm@0.966 1-7@-93dBm@0.642 0-42@-88dBm@0.921 18-21@-86dBm@0.957 6-11@-95dBm@0.234 14-40@-95dBm@0.288 18-20@-94dBm@0.500 21-49@-87dBm@0.948 7-10@-90dBm@0.861 15-31@-93dBm@0.652 9-11@-85dBm@0.961 4-35@-91dBm@0.726 5-23@-96dBm@0.131 30-46@-96dBm@0.158 26-43@-84dBm@0.971 20-30@-96dBm@0.076 5-12@-92dBm@0.695 0-32@-96dBm@0.139 8-44@-94dBm@0.341 1-23@-96dBm@0.189 22-29@-96dBm@0.180 4-6@-94dBm@0.425 0-3@-86dBm@0.956 2-5@-76dBm@1.000 40-47@-93dBm@0.657 3-9@-86dBm@0.950 22-41@-82dBm@0.981 39-47@-96dBm@0.103 7-42@-87dBm@0.946 14-34@-94dBm@0.426 9-43@-97dBm@0.012 9-35@-88dBm@0.935 19-26@-90dBm@0.845 35-38@-97dBm@0.042 21-31@-93dBm@0.655 8-26@-92dBm@0.673 3-12@-91dBm@0.743 9-29@-93dBm@0.618 2-4@-92dBm@0.714 7-14@-89dBm@0.867 3-27@-95dBm@0.220 6-8@-90dBm@0.865 22-38@-93dBm@0.523 23-38@-95dBm@0.273 0-12@-89dBm@0.866 15-40@-83dBm@0.979 8-49@-92dBm@0.670
#aveChargePerCycle runNum=0 0@540.06 1@51.82 2@367.23 3@211.81 4@1.30 5@267.46 6@154.15 7@1.30 8@175.27 9@81.04 10@26.68 11@279.56 12@184.97 13@53.67 14@127.91 15@73.62 16@25.40 17@27.47 18@61.24 19@78.52 20@51.85 21@122.15 22@143.13 23@55.22 24@5.97 25@1.30 26@1.30 27@1.94 28@1.30 29@27.07 30@26.58 31@27.59 32@1.30 33@3.89 34@27.47 35@28.24 36@29.81 37@49.76 38@26.82 39@8.68 40@1.94 41@27.47 42@36.70 43@94.21 44@1.30 45@1.30 46@1.30 47@1.30 48@2.59 49@20.24