## dioPeriod = 1.0
## burstTimestamp = 20
## minRssi = -97
## numMotes = 50
## otfHousekeepingPeriod = 1.0
## sixtopNoRemoveWorstCell = 0
## simDataDir = simData
## numChans = 16
## slotframeLength = 101
## squareSide = 2.0
## cpuID = 91
## sixtopPdrThreshold = 1.5
## pkPeriod = None
## sixtopHousekeepingPeriod = 1.0
## sixtopNoHousekeeping = 0
## algorithm = otf
## pkPeriodVar = 0.05
## numCyclesPerRun = 100
## startTime = 1502276471.34
## slotDuration = 0.01
## numRuns = 1
## combinationKeys = ['algorithm', 'numMotes', 'otfThreshold']
## numPacketsBurst = 5
## otfThreshold = 1
## noInterference = 0
## gui = False


# appGenerated appReachesDagroot appRelayed aveHops aveLatency aveQueueDelay chargeConsumed collidedTxs cycle droppedAppFailedEnqueue droppedMacRetries droppedNoRoute droppedNoTxCells droppedQueueFull effectiveCollidedTxs numRxCells numTx numTxCells otfAdd otfRemove probableCollisions rplChurnParentSet rplChurnPrefParent rplChurnRank rplRxDIO rplTxDIO runNum scheduleCollisions topRxRelocatedCells topTxRelocatedBundles topTxRelocatedCells txQueueFill
             0                 0          0       0          0             0              0           0     0                       0                 0              0                0                0                    0          0     0          0      0         0                  0                 0                  0            0        0        0      0                  0                   0                     0                   0           0
             0                 0          0       0          0             0       1525.200           6     1                       0                 0              0                0                0                    2        118     0        118    118         0                  0               140                100            2      510       50      0                  3                   0                     0                   0           0
             0                 0          0       0          0             0       4723.200          10     2                       0                 0              0                0                0                    3        130     0        130     12         0                  0                 0                155            0      510       50      0                  5                   0                     0                   0           0
             0                 0          0       0          0             0       7921.200          10     3                       0                 0              0                0                0                    3        130     0        130      0         0                  0                 0                155            0      510       50      0                  5                   0                     0                   0           0
             0                 0          0       0          0             0      11119.200          10     4                       0                 0              0                0                0                    3        130     0        130      0         0                  0                 0                155            0      510       50      0                  5                   0                     0                   0           0
             0                 0          0       0          0             0      14317.200          10     5                       0                 0              0                0                0                    3        130     0        130      0         0                  0                 0                155            0      510       50      0                  5                   0                     0                   0           0
             0                 0          0       0          0             0      17515.200          10     6                       0                 0              0                0                0                    3        130     0        130      0         0                  0                 0                155            0      510       50      0                  5                   0                     0                   0           0
             0                 0          0       0          0             0      20713.200          10     7                       0                 0              0                0                0                    3        130     0        130      0         0                  0                 0                155            0      510       50      0                  5                   0                     0                   0           0
             0                 0          0       0          0             0      23911.200          10     8                       0                 0              0                0                0                    3        130     0        130      0         0                  0                 0                155            0      510       50      0                  5                   0                     0                   0           0
             0                 0          0       0          0             0      27109.200          10     9                       0                 0              0                0                0                    3        130     0        130      0         0                  0                 0                155            0      510       50      0                  5                   0                     0                   0           0
             0                 0          0       0          0             0      30307.200          10    10                       0                 0              0                0                0                    3        130     0        130      0         0                  0                 0                155            0      510       50      0                  5                   0                     0                   0           0
             0                 0          0       0          0             0      33505.200          10    11                       0                 0              0                0                0                    3        130     0        130      0         0                  0                 0                155            0      510       50      0                  5                   0                     0                   0           0
             0                 0          0       0          0             0      36703.200          10    12                       0                 0              0                0                0                    3        130     0        130      0         0                  0                 0                155            0      510       50      0                  5                   0                     0                   0           0
             0                 0          0       0          0             0      39901.200          10    13                       0                 0              0                0                0                    3        130     0        130      0         0                  0                 0                155            0      510       50      0                  5                   0                     0                   0           0
             0                 0          0       0          0             0      43099.200          10    14                       0                 0              0                0                0                    3        130     0        130      0         0                  0                 0                155            0      510       50      0                  5                   0                     0                   0           0
             0                 0          0       0          0             0      46297.200          10    15                       0                 0              0                0                0                    3        130     0        130      0         0                  0                 0                155            0      510       50      0                  5                   0                     0                   0           0
             0                 0          0       0          0             0      49495.200          10    16                       0                 0              0                0                0                    3        130     0        130      0         0                  0                 0                155            0      510       50      0                  5                   0                     0                   0           0
             0                 0          0       0          0             0      52693.200          10    17                       0                 0              0                0                0                    3        130     0        130      0         0                  0                 0                155            0      510       50      0                  5                   0                     0                   0           0
             0                 0          0       0          0             0      55891.200          10    18                       0                 0              0                0                0                    3        130     0        130      0         0                  0                 0                155            0      510       50      0                  5                   0                     0                   0           0
            49                 4         18   1.250     12.250       195.500      62209.000          12    19                       0                 0              0                0                0                    3        136    30        136      3         0                  0                 0                155            0      510       50      0                  6                   0                     0                   0          45
             0                21         43   2.095     77.143      1747.917      74597.360          22    20                       0                 0              0                0                0                    9        205   104        205     24         2                  2                 6                169           19      510       50      0                 11                   0                     0                   0          24
             0                23          7   2.739    156.652       697.800      83265.640          18    21                       0                 0              0                0                0                    7        162   114        162      7        21                  0                 2                156           45      510       50      0                  9                   2                     0                   0           1
             0                 1          0   5.000    235.000        25.000      87121.960          12    22                       0                 0              0                0                0                    4        151   104        151      5         6                  0                 4                159           31      510       50      0                  6                   0                     0                   0           0
             0                 0          0       0          0             0      90738.160          12    23                       0                 0              0                0                0                    4        147    99        147      0         2                  0                 0                155           20      510       50      0                  6                   0                     0                   0           0
             0                 0          0       0          0             0      94354.360          12    24                       0                 0              0                0                0                    4        145    96        145      0         1                  0                 0                155            6      510       50      0                  6                   0                     0                   0           0
             0                 0          0       0          0             0      97921.360          12    25                       0                 0              0                0                0                    4        145    96        145      0         0                  0                 0                155           10      510       50      0                  6                   0                     0                   0           0
             0                 0          0       0          0             0     101488.360          12    26                       0                 0              0                0                0                    4        145    96        145      0         0                  0                 0                155            0      510       50      0                  6                   0                     0                   0           0
             0                 0          0       0          0             0     105055.360          12    27                       0                 0              0                0                0                    4        145    96        145      0         0                  0                 0                155            0      510       50      0                  6                   0                     0                   0           0
             0                 0          0       0          0             0     108622.360          12    28                       0                 0              0                0                0                    4        145    96        145      0         0                  0                 0                155            0      510       50      0                  6                   0                     0                   0           0
             0                 0          0       0          0             0     112189.360          12    29                       0                 0              0                0                0                    4        145    96        145      0         0                  0                 0                155            0      510       50      0                  6                   0                     0                   0           0
             0                 0          0       0          0             0     115756.360          12    30                       0                 0              0                0                0                    4        145    96        145      0         0                  0                 0                155            0      510       50      0                  6                   0                     0                   0           0
             0                 0          0       0          0             0     119323.360          12    31                       0                 0              0                0                0                    4        145    96        145      0         0                  0                 0                155            0      510       50      0                  6                   0                     0                   0           0
             0                 0          0       0          0             0     122890.360          12    32                       0                 0              0                0                0                    4        145    96        145      0         0                  0                 0                155            0      510       50      0                  6                   0                     0                   0           0
             0                 0          0       0          0             0     126457.360          12    33                       0                 0              0                0                0                    4        145    96        145      0         0                  0                 0                155            0      510       50      0                  6                   0                     0                   0           0
             0                 0          0       0          0             0     130024.360          12    34                       0                 0              0                0                0                    4        145    96        145      0         0                  0                 0                155            0      510       50      0                  6                   0                     0                   0           0
             0                 0          0       0          0             0     133591.360          12    35                       0                 0              0                0                0                    4        145    96        145      0         0                  0                 0                155            0      510       50      0                  6                   0                     0                   0           0
             0                 0          0       0          0             0     137158.360          12    36                       0                 0              0                0                0                    4        145    96        145      0         0                  0                 0                155            0      510       50      0                  6                   0                     0                   0           0
             0                 0          0       0          0             0     140725.360          12    37                       0                 0              0                0                0                    4        145    96        145      0         0                  0                 0                155            0      510       50      0                  6                   0                     0                   0           0
             0                 0          0       0          0             0     144292.360          12    38                       0                 0              0                0                0                    4        145    96        145      0         0                  0                 0                155            0      510       50      0                  6                   0                     0                   0           0
             0                 0          0       0          0             0     147859.360          12    39                       0                 0              0                0                0                    4        145    96        145      0         0                  0                 0                155            0      510       50      0                  6                   0                     0                   0           0
             0                 0          0       0          0             0     151426.360          12    40                       0                 0              0                0                0                    4        145    96        145      0         0                  0                 0                155            0      510       50      0                  6                   0                     0                   0           0
             0                 0          0       0          0             0     154993.360          12    41                       0                 0              0                0                0                    4        145    96        145      0         0                  0                 0                155            0      510       50      0                  6                   0                     0                   0           0
             0                 0          0       0          0             0     158560.360          12    42                       0                 0              0                0                0                    4        145    96        145      0         0                  0                 0                155            0      510       50      0                  6                   0                     0                   0           0
             0                 0          0       0          0             0     162127.360          12    43                       0                 0              0                0                0                    4        145    96        145      0         0                  0                 0                155            0      510       50      0                  6                   0                     0                   0           0
             0                 0          0       0          0             0     165694.360          12    44                       0                 0              0                0                0                    4        145    96        145      0         0                  0                 0                155            0      510       50      0                  6                   0                     0                   0           0
             0                 0          0       0          0             0     169261.360          12    45                       0                 0              0                0                0                    4        145    96        145      0         0                  0                 0                155            0      510       50      0                  6                   0                     0                   0           0
             0                 0          0       0          0             0     172828.360          12    46                       0                 0              0                0                0                    4        145    96        145      0         0                  0                 0                155            0      510       50      0                  6                   0                     0                   0           0
             0                 0          0       0          0             0     176395.360          12    47                       0                 0              0                0                0                    4        145    96        145      0         0                  0                 0                155            0      510       50      0                  6                   0                     0                   0           0
             0                 0          0       0          0             0     179962.360          12    48                       0                 0              0                0                0                    4        145    96        145      0         0                  0                 0                155            0      510       50      0                  6                   0                     0                   0           0
             0                 0          0       0          0             0     183529.360          12    49                       0                 0              0                0                0                    4        145    96        145      0         0                  0                 0                155            0      510       50      0                  6                   0                     0                   0           0
             0                 0          0       0          0             0     187096.360          12    50                       0                 0              0                0                0                    4        145    96        145      0         0                  0                 0                155            0      510       50      0                  6                   0                     0                   0           0
             0                 0          0       0          0             0     190663.360          12    51                       0                 0              0                0                0                    4        145    96        145      0         0                  0                 0                155            0      510       50      0                  6                   0                     0                   0           0
             0                 0          0       0          0             0     194230.360          12    52                       0                 0              0                0                0                    4        145    96        145      0         0                  0                 0                155            0      510       50      0                  6                   0                     0                   0           0
             0                 0          0       0          0             0     197797.360          12    53                       0                 0              0                0                0                    4        145    96        145      0         0                  0                 0                155            0      510       50      0                  6                   0                     0                   0           0
             0                 0          0       0          0             0     201364.360          12    54                       0                 0              0                0                0                    4        145    96        145      0         0                  0                 0                155            0      510       50      0                  6                   0                     0                   0           0
             0                 0          0       0          0             0     204931.360          12    55                       0                 0              0                0                0                    4        145    96        145      0         0                  0                 0                155            0      510       50      0                  6                   0                     0                   0           0
             0                 0          0       0          0             0     208498.360          12    56                       0                 0              0                0                0                    4        145    96        145      0         0                  0                 0                155            0      510       50      0                  6                   0                     0                   0           0
             0                 0          0       0          0             0     212065.360          12    57                       0                 0              0                0                0                    4        145    96        145      0         0                  0                 0                155            0      510       50      0                  6                   0                     0                   0           0
             0                 0          0       0          0             0     215632.360          12    58                       0                 0              0                0                0                    4        145    96        145      0         0                  0                 0                155            0      510       50      0                  6                   0                     0                   0           0
            49                10         40   1.400     33.700      1096.250     226166.280          12    59                       0                 0              0                0                0                    4        160   162        160      6         0                  0                 0                155            0      510       50      0                  6                   0                     0                   0          39
             0                24         27   2.333     99.292      1362.717     237995.780          19    60                       0                 0              0                0                0                    7        190   218        190     16         5                  4                 3                151           42      510       50      0                 10                   0                     0                   0          15
             0                15          2   3.200    195.067       306.643     244021.220          12    61                       0                 0              0                0                0                    2        158   207        158      0        13                  0                 1                154           45      510       50      0                  6                   1                     0                   0           0
             0                 0          0       0          0             0     247686.620           8    62                       0                 0              0                0                0                    1        150   182        150      6         4                  0                 5                143           41      510       50      0                  4                   0                     0                   0           0
             0                 0          0       0          0             0     251376.620           8    63                       0                 0              0                0                0                    1        149   179        149      1         1                  0                 0                151           13      510       50      0                  4                   0                     0                   0           0
             0                 0          0       0          0             0     254992.820           8    64                       0                 0              0                0                0                    1        147   172        147      0         1                  0                 0                151            3      510       50      0                  4                   0                     0                   0           0
             0                 0          0       0          0             0     258609.020           8    65                       0                 0              0                0                0                    1        147   172        147      0         0                  0                 0                151           10      510       50      0                  4                   0                     0                   0           0
             0                 0          0       0          0             0     262225.220           8    66                       0                 0              0                0                0                    1        147   172        147      0         0                  0                 0                151            0      510       50      0                  4                   0                     0                   0           0
             0                 0          0       0          0             0     265841.420           8    67                       0                 0              0                0                0                    1        147   172        147      0         0                  0                 0                151            0      510       50      0                  4                   0                     0                   0           0
             0                 0          0       0          0             0     269457.620           8    68                       0                 0              0                0                0                    1        147   172        147      0         0                  0                 0                151            0      510       50      0                  4                   0                     0                   0           0
             0                 0          0       0          0             0     273073.820           8    69                       0                 0              0                0                0                    1        147   172        147      0         0                  0                 0                151            0      510       50      0                  4                   0                     0                   0           0
             0                 0          0       0          0             0     276690.020           8    70                       0                 0              0                0                0                    1        147   172        147      0         0                  0                 0                151            0      510       50      0                  4                   0                     0                   0           0
             0                 0          0       0          0             0     280306.220           8    71                       0                 0              0                0                0                    1        147   172        147      0         0                  0                 0                151            0      510       50      0                  4                   0                     0                   0           0
             0                 0          0       0          0             0     283922.420           8    72                       0                 0              0                0                0                    1        147   172        147      0         0                  0                 0                151            0      510       50      0                  4                   0                     0                   0           0
             0                 0          0       0          0             0     287538.620           8    73                       0                 0              0                0                0                    1        147   172        147      0         0                  0                 0                151            0      510       50      0                  4                   0                     0                   0           0
             0                 0          0       0          0             0     291154.820           8    74                       0                 0              0                0                0                    1        147   172        147      0         0                  0                 0                151            0      510       50      0                  4                   0                     0                   0           0
             0                 0          0       0          0             0     294771.020           8    75                       0                 0              0                0                0                    1        147   172        147      0         0                  0                 0                151            0      510       50      0                  4                   0                     0                   0           0
             0                 0          0       0          0             0     298387.220           8    76                       0                 0              0                0                0                    1        147   172        147      0         0                  0                 0                151            0      510       50      0                  4                   0                     0                   0           0
             0                 0          0       0          0             0     302003.420           8    77                       0                 0              0                0                0                    1        147   172        147      0         0                  0                 0                151            0      510       50      0                  4                   0                     0                   0           0
             0                 0          0       0          0             0     305619.620           8    78                       0                 0              0                0                0                    1        147   172        147      0         0                  0                 0                151            0      510       50      0                  4                   0                     0                   0           0
             0                 0          0       0          0             0     309235.820           8    79                       0                 0              0                0                0                    1        147   172        147      0         0                  0                 0                151            0      510       50      0                  4                   0                     0                   0           0
             0                 0          0       0          0             0     312852.020           8    80                       0                 0              0                0                0                    1        147   172        147      0         0                  0                 0                151            0      510       50      0                  4                   0                     0                   0           0
             0                 0          0       0          0             0     316468.220           8    81                       0                 0              0                0                0                    1        147   172        147      0         0                  0                 0                151            0      510       50      0                  4                   0                     0                   0           0
             0                 0          0       0          0             0     320084.420           8    82                       0                 0              0                0                0                    1        147   172        147      0         0                  0                 0                151            0      510       50      0                  4                   0                     0                   0           0
             0                 0          0       0          0             0     323700.620           8    83                       0                 0              0                0                0                    1        147   172        147      0         0                  0                 0                151            0      510       50      0                  4                   0                     0                   0           0
             0                 0          0       0          0             0     327316.820           8    84                       0                 0              0                0                0                    1        147   172        147      0         0                  0                 0                151            0      510       50      0                  4                   0                     0                   0           0
             0                 0          0       0          0             0     330933.020           8    85                       0                 0              0                0                0                    1        147   172        147      0         0                  0                 0                151            0      510       50      0                  4                   0                     0                   0           0
             0                 0          0       0          0             0     334549.220           8    86                       0                 0              0                0                0                    1        147   172        147      0         0                  0                 0                151            0      510       50      0                  4                   0                     0                   0           0
             0                 0          0       0          0             0     338165.420           8    87                       0                 0              0                0                0                    1        147   172        147      0         0                  0                 0                151            0      510       50      0                  4                   0                     0                   0           0
             0                 0          0       0          0             0     341781.620           8    88                       0                 0              0                0                0                    1        147   172        147      0         0                  0                 0                151            0      510       50      0                  4                   0                     0                   0           0
             0                 0          0       0          0             0     345397.820           8    89                       0                 0              0                0                0                    1        147   172        147      0         0                  0                 0                151            0      510       50      0                  4                   0                     0                   0           0
             0                 0          0       0          0             0     349014.020           8    90                       0                 0              0                0                0                    1        147   172        147      0         0                  0                 0                151            0      510       50      0                  4                   0                     0                   0           0
             0                 0          0       0          0             0     352630.220           8    91                       0                 0              0                0                0                    1        147   172        147      0         0                  0                 0                151            0      510       50      0                  4                   0                     0                   0           0
             0                 0          0       0          0             0     356246.420           8    92                       0                 0              0                0                0                    1        147   172        147      0         0                  0                 0                151            0      510       50      0                  4                   0                     0                   0           0
             0                 0          0       0          0             0     359862.620           8    93                       0                 0              0                0                0                    1        147   172        147      0         0                  0                 0                151            0      510       50      0                  4                   0                     0                   0           0
             0                 0          0       0          0             0     363478.820           8    94                       0                 0              0                0                0                    1        147   172        147      0         0                  0                 0                151            0      510       50      0                  4                   0                     0                   0           0
             0                 0          0       0          0             0     367095.020           8    95                       0                 0              0                0                0                    1        147   172        147      0         0                  0                 0                151            0      510       50      0                  4                   0                     0                   0           0
             0                 0          0       0          0             0     370711.220           8    96                       0                 0              0                0                0                    1        147   172        147      0         0                  0                 0                151            0      510       50      0                  4                   0                     0                   0           0
             0                 0          0       0          0             0     374327.420           8    97                       0                 0              0                0                0                    1        147   172        147      0         0                  0                 0                151            0      510       50      0                  4                   0                     0                   0           0
             0                 0          0       0          0             0     377943.620           8    98                       0                 0              0                0                0                    1        147   172        147      0         0                  0                 0                151            0      510       50      0                  4                   0                     0                   0           0
             0                 0          0       0          0             0     381559.820           8    99                       0                 0              0                0                0                    1        147   172        147      0         0                  0                 0                151            0      510       50      0                  4                   0                     0                   0           0
#pos runNum=0 0@(1.00000,1.00000)@0 1@(1.00495,1.25120)@625 2@(1.06219,1.20154)@548 3@(0.91321,1.14284)@739 4@(1.02994,1.28811)@590 5@(1.20600,1.08135)@605 6@(0.96819,1.10217)@731 7@(0.98419,1.28854)@877 8@(1.05964,1.08173)@1482 9@(0.84050,0.86928)@548 10@(1.23765,0.86805)@1572 11@(0.98723,1.23200)@1706 12@(1.00755,1.29269)@1364 13@(1.07629,1.00930)@551 14@(0.85058,1.06507)@614 15@(0.92103,1.20904)@1543 16@(0.91150,1.35195)@1193 17@(1.26375,1.19770)@1188 18@(1.00684,1.34377)@1478 19@(1.17484,0.96190)@1329 20@(1.00243,1.02736)@512 21@(1.11490,1.20418)@625 22@(1.04227,1.48186)@2250 23@(1.16521,0.99908)@1371 24@(0.71926,1.33534)@1425 25@(1.16772,0.92811)@1252 26@(0.90052,0.88022)@1608 27@(0.89911,1.19650)@1252 28@(0.60155,1.20816)@1543 29@(0.91779,0.90942)@1865 30@(0.88148,1.58402)@1467 31@(0.97465,1.41087)@1329 32@(1.07229,1.26180)@1250 33@(1.10869,1.10960)@1470 34@(1.04835,1.31728)@1250 35@(0.82049,0.90996)@1060 36@(1.02970,1.02831)@1188 37@(1.15960,1.27635)@1106 38@(1.22213,1.38235)@1230 39@(0.75421,1.11016)@625 40@(0.80095,1.48255)@1478 41@(1.20586,1.07883)@1117 42@(0.97374,1.11592)@1173 43@(0.79609,0.71993)@1355 44@(0.96547,1.26831)@1111 45@(0.78262,0.92981)@1543 46@(1.35431,1.13278)@1355 47@(1.02057,0.96863)@512 48@(1.21765,1.52654)@1890 49@(1.37674,1.08578)@1309
#links runNum=0 40-44@-91dBm@0.801 14-15@-96dBm@0.182 27-29@-93dBm@0.639 12-22@-87dBm@0.943 0-14@-90dBm@0.829 32-38@-94dBm@0.509 17-41@-94dBm@0.451 7-47@-93dBm@0.647 13-29@-95dBm@0.197 14-41@-96dBm@0.188 6-21@-91dBm@0.744 4-13@-91dBm@0.740 21-34@-88dBm@0.923 14-36@-88dBm@0.924 16-40@-93dBm@0.546 29-35@-90dBm@0.830 4-7@-88dBm@0.930 6-26@-91dBm@0.759 7-41@-96dBm@0.151 1-11@-76dBm@1.000 18-24@-91dBm@0.723 2-36@-89dBm@0.873 31-33@-91dBm@0.791 11-16@-92dBm@0.713 0-39@-90dBm@0.840 22-48@-87dBm@0.939 13-41@-85dBm@0.960 27-42@-87dBm@0.939 3-25@-92dBm@0.712 29-43@-91dBm@0.803 2-27@-91dBm@0.750 2-25@-91dBm@0.778 5-45@-94dBm@0.349 19-25@-94dBm@0.441 6-8@-90dBm@0.833 2-34@-87dBm@0.949 13-19@-90dBm@0.860 27-34@-90dBm@0.864 19-32@-93dBm@0.620 4-14@-89dBm@0.866 21-45@-95dBm@0.313 7-12@-95dBm@0.216 12-30@-93dBm@0.644 1-17@-95dBm@0.306 13-23@-81dBm@0.987 1-34@-89dBm@0.869 4-30@-93dBm@0.637 12-34@-82dBm@0.980 31-44@-89dBm@0.894 3-34@-95dBm@0.201 25-47@-87dBm@0.942 15-30@-95dBm@0.203 9-26@-94dBm@0.351 23-34@-92dBm@0.698 19-34@-94dBm@0.508 8-45@-93dBm@0.647 20-21@-91dBm@0.798 0-34@-97dBm@0.038 0-47@-77dBm@1.000 9-10@-94dBm@0.346 14-19@-93dBm@0.653 7-44@-83dBm@0.977 0-20@-69dBm@1.000 8-9@-92dBm@0.670 12-18@-83dBm@0.978 7-32@-92dBm@0.666 18-37@-93dBm@0.654 13-46@-93dBm@0.608 17-38@-87dBm@0.939 4-32@-88dBm@0.937 34-38@-90dBm@0.861 16-18@-94dBm@0.484 8-47@-84dBm@0.968 3-24@-89dBm@0.869 4-21@-84dBm@0.969 31-41@-97dBm@0.007 24-32@-94dBm@0.374 3-45@-93dBm@0.641 39-43@-93dBm@0.638 21-26@-95dBm@0.200 4-38@-90dBm@0.861 18-32@-88dBm@0.927 10-23@-95dBm@0.205 5-49@-91dBm@0.778 9-14@-92dBm@0.704 36-47@-77dBm@1.000 10-33@-92dBm@0.664 16-37@-96dBm@0.123 3-6@-82dBm@0.985 20-41@-94dBm@0.424 7-37@-94dBm@0.506 13-17@-93dBm@0.522 2-44@-86dBm@0.953 11-45@-95dBm@0.228 25-34@-93dBm@0.650 1-9@-97dBm@0.058 13-33@-91dBm@0.787 11-14@-87dBm@0.943 4-34@-87dBm@0.949 8-12@-87dBm@0.940 6-36@-80dBm@0.989 10-29@-90dBm@0.809 4-27@-89dBm@0.866 8-20@-93dBm@0.654 1-22@-97dBm@0.005 32-33@-88dBm@0.937 10-41@-96dBm@0.185 26-33@-96dBm@0.166 12-39@-94dBm@0.361 15-42@-81dBm@0.985 25-46@-90dBm@0.864 5-13@-94dBm@0.469 6-15@-94dBm@0.505 27-38@-94dBm@0.356 0-7@-93dBm@0.550 14-23@-91dBm@0.740 15-18@-86dBm@0.954 32-48@-90dBm@0.863 13-43@-92dBm@0.667 0-9@-87dBm@0.946 12-15@-88dBm@0.935 3-7@-92dBm@0.705 19-20@-87dBm@0.940 23-41@-88dBm@0.915 1-4@-83dBm@0.974 7-8@-90dBm@0.820 4-36@-94dBm@0.396 0-6@-92dBm@0.715 19-23@-93dBm@0.641 3-28@-91dBm@0.760 8-38@-94dBm@0.324 33-39@-94dBm@0.472 2-24@-93dBm@0.659 5-41@-58dBm@1.000 1-16@-88dBm@0.935 35-45@-82dBm@0.984 39-48@-96dBm@0.099 6-12@-92dBm@0.710 2-37@-84dBm@0.973 22-33@-95dBm@0.268 2-7@-85dBm@0.960 12-16@-97dBm@0.010 1-5@-91dBm@0.721 23-37@-94dBm@0.484 13-38@-97dBm@0.016 11-46@-97dBm@0.003 4-15@-93dBm@0.659 46-49@-94dBm@0.421 14-35@-91dBm@0.775 25-29@-97dBm@0.063 8-10@-93dBm@0.524 18-30@-92dBm@0.699 2-11@-86dBm@0.958 16-47@-96dBm@0.180 29-44@-97dBm@0.010 3-16@-89dBm@0.871 6-23@-89dBm@0.869 3-29@-93dBm@0.566 7-36@-93dBm@0.617 8-18@-93dBm@0.558 8-16@-93dBm@0.531 13-20@-93dBm@0.659 5-10@-91dBm@0.749 22-23@-97dBm@0.003 15-33@-89dBm@0.894 7-11@-84dBm@0.974 5-16@-93dBm@0.542 31-48@-91dBm@0.781 3-39@-95dBm@0.198 11-32@-93dBm@0.639 2-10@-93dBm@0.545 2-18@-96dBm@0.141 15-27@-94dBm@0.440 2-3@-90dBm@0.861 14-42@-94dBm@0.359 7-16@-91dBm@0.730 10-17@-92dBm@0.682 26-42@-91dBm@0.788 31-36@-96dBm@0.164 24-28@-88dBm@0.935 6-14@-90dBm@0.816 4-5@-90dBm@0.811 26-27@-93dBm@0.659 7-31@-95dBm@0.197 20-42@-84dBm@0.973 16-30@-92dBm@0.673 8-39@-92dBm@0.662 4-16@-85dBm@0.960 0-21@-90dBm@0.862 5-6@-96dBm@0.181 15-41@-92dBm@0.701 35-47@-88dBm@0.910 6-42@-81dBm@0.985 1-2@-93dBm@0.658 18-20@-91dBm@0.739 42-48@-97dBm@0.042 14-27@-93dBm@0.646 8-36@-80dBm@0.993 15-40@-96dBm@0.173 32-47@-91dBm@0.793 29-34@-97dBm@0.008 21-49@-93dBm@0.641 39-40@-92dBm@0.684 0-11@-95dBm@0.315 25-26@-91dBm@0.755 19-44@-96dBm@0.174 27-32@-95dBm@0.312 6-34@-94dBm@0.405 0-13@-79dBm@0.998 33-47@-89dBm@0.876 4-29@-95dBm@0.251 9-35@-76dBm@1.000 3-33@-91dBm@0.781 0-3@-93dBm@0.651 8-48@-96dBm@0.188 8-22@-93dBm@0.636 8-19@-87dBm@0.939 1-27@-97dBm@0.027 6-44@-94dBm@0.499 22-42@-92dBm@0.707 17-32@-93dBm@0.579 21-31@-91dBm@0.720 1-3@-88dBm@0.933 6-16@-96dBm@0.150 0-5@-89dBm@0.887 30-34@-92dBm@0.671 18-31@-93dBm@0.554 1-21@-89dBm@0.895 2-17@-90dBm@0.815 16-32@-92dBm@0.666 18-48@-92dBm@0.692 0-2@-87dBm@0.942 10-13@-95dBm@0.219 1-19@-91dBm@0.770 22-32@-90dBm@0.823 20-43@-96dBm@0.163 0-4@-90dBm@0.861 34-48@-94dBm@0.516 24-27@-92dBm@0.688 3-18@-91dBm@0.733 22-44@-94dBm@0.374 13-32@-91dBm@0.763 2-32@-79dBm@1.000 44-47@-90dBm@0.858 0-1@-90dBm@0.848 1-32@-89dBm@0.866 33-38@-94dBm@0.392 1-7@-78dBm@1.000 12-32@-79dBm@0.996 12-31@-89dBm@0.885 13-18@-94dBm@0.414 27-40@-92dBm@0.694 3-15@-91dBm@0.720 25-41@-89dBm@0.896 20-24@-94dBm@0.521 13-25@-90dBm@0.858 6-9@-93dBm@0.660 12-33@-95dBm@0.320 11-44@-94dBm@0.420 2-42@-90dBm@0.861 3-32@-92dBm@0.685 20-26@-89dBm@0.868 4-33@-95dBm@0.229 21-39@-93dBm@0.550 1-18@-94dBm@0.452 25-37@-94dBm@0.346 24-31@-96dBm@0.159 31-47@-93dBm@0.574 6-37@-95dBm@0.205 35-41@-97dBm@0.058 2-6@-84dBm@0.974 3-19@-96dBm@0.129 14-28@-90dBm@0.805 6-48@-96dBm@0.085 8-13@-89dBm@0.892 3-14@-83dBm@0.974 26-34@-96dBm@0.188 2-5@-93dBm@0.615 41-46@-87dBm@0.944 18-22@-91dBm@0.731 37-44@-96dBm@0.096 21-36@-95dBm@0.225 36-43@-92dBm@0.667 26-29@-82dBm@0.985 34-42@-87dBm@0.943 16-36@-91dBm@0.746 27-35@-94dBm@0.490 20-36@-75dBm@1.000 3-12@-90dBm@0.864 2-4@-86dBm@0.959 17-49@-93dBm@0.657 9-36@-90dBm@0.837 5-8@-93dBm@0.555 28-35@-95dBm@0.306 20-47@-91dBm@0.779 12-44@-91dBm@0.745 24-45@-96dBm@0.154
#aveChargePerCycle runNum=0 0@569.58 1@205.02 2@496.20 3@281.99 4@252.40 5@128.68 6@219.68 7@58.07 8@27.75 9@166.69 10@26.82 11@1.30 12@29.83 13@307.09 14@133.00 15@1.94 16@51.58 17@42.54 18@49.90 19@1.30 20@198.74 21@61.17 22@1.94 23@1.30 24@28.12 25@26.05 26@28.12 27@27.75 28@1.94 29@1.94 30@1.94 31@1.30 32@77.38 33@1.30 34@51.58 35@26.82 36@25.65 37@1.30 38@12.31 39@50.93 40@1.94 41@27.22 42@1.30 43@3.24 44@26.58 45@1.94 46@1.30 47@71.78 48@1.30 49@1.30