## dioPeriod = 1.0
## burstTimestamp = 20
## minRssi = -97
## numMotes = 50
## otfHousekeepingPeriod = 1.0
## sixtopNoRemoveWorstCell = 0
## simDataDir = simData
## numChans = 16
## slotframeLength = 101
## squareSide = 2.0
## cpuID = 14
## sixtopPdrThreshold = 1.5
## pkPeriod = None
## sixtopHousekeepingPeriod = 1.0
## sixtopNoHousekeeping = 0
## algorithm = otf
## pkPeriodVar = 0.05
## numCyclesPerRun = 100
## startTime = 1502276471.29
## slotDuration = 0.01
## numRuns = 1
## combinationKeys = ['algorithm', 'numMotes', 'otfThreshold']
## numPacketsBurst = 5
## otfThreshold = 1
## noInterference = 0
## gui = False


# appGenerated appReachesDagroot appRelayed aveHops aveLatency aveQueueDelay chargeConsumed collidedTxs cycle droppedAppFailedEnqueue droppedMacRetries droppedNoRoute droppedNoTxCells droppedQueueFull effectiveCollidedTxs numRxCells numTx numTxCells otfAdd otfRemove probableCollisions rplChurnParentSet rplChurnPrefParent rplChurnRank rplRxDIO rplTxDIO runNum scheduleCollisions topRxRelocatedCells topTxRelocatedBundles topTxRelocatedCells txQueueFill
             0                 0          0       0          0             0              0           0     0                       0                 0              0                0                0                    0          0     0          0      0         0                  0                 0                  0            0        0        0      0                  0                   0                     0                   0           0
             0                 0          0       0          0             0       1205.400          13     1                       0                 0              0                0                0                    4        106     0        106    106         0                  0               128                 81            5      471       50      0                  7                   0                     0                   0           0
             0                 0          0       0          0             0       4108.200          13     2                       0                 0              0                0                0                    4        118     0        118     12         0                  0                 0                112            0      471       50      0                  7                   0                     0                   0           0
             0                 0          0       0          0             0       7011.000          13     3                       0                 0              0                0                0                    4        118     0        118      0         0                  0                 0                112            0      471       50      0                  7                   0                     0                   0           0
             0                 0          0       0          0             0       9913.800          13     4                       0                 0              0                0                0                    4        118     0        118      0         0                  0                 0                112            0      471       50      0                  7                   0                     0                   0           0
             0                 0          0       0          0             0      12816.600          13     5                       0                 0              0                0                0                    4        118     0        118      0         0                  0                 0                112            0      471       50      0                  7                   0                     0                   0           0
             0                 0          0       0          0             0      15719.400          13     6                       0                 0              0                0                0                    4        118     0        118      0         0                  0                 0                112            0      471       50      0                  7                   0                     0                   0           0
             0                 0          0       0          0             0      18622.200          13     7                       0                 0              0                0                0                    4        118     0        118      0         0                  0                 0                112            0      471       50      0                  7                   0                     0                   0           0
             0                 0          0       0          0             0      21525.000          13     8                       0                 0              0                0                0                    4        118     0        118      0         0                  0                 0                112            0      471       50      0                  7                   0                     0                   0           0
             0                 0          0       0          0             0      24427.800          13     9                       0                 0              0                0                0                    4        118     0        118      0         0                  0                 0                112            0      471       50      0                  7                   0                     0                   0           0
             0                 0          0       0          0             0      27330.600          13    10                       0                 0              0                0                0                    4        118     0        118      0         0                  0                 0                112            0      471       50      0                  7                   0                     0                   0           0
             0                 0          0       0          0             0      30233.400          13    11                       0                 0              0                0                0                    4        118     0        118      0         0                  0                 0                112            0      471       50      0                  7                   0                     0                   0           0
             0                 0          0       0          0             0      33136.200          13    12                       0                 0              0                0                0                    4        118     0        118      0         0                  0                 0                112            0      471       50      0                  7                   0                     0                   0           0
             0                 0          0       0          0             0      36039.000          13    13                       0                 0              0                0                0                    4        118     0        118      0         0                  0                 0                112            0      471       50      0                  7                   0                     0                   0           0
             0                 0          0       0          0             0      38941.800          13    14                       0                 0              0                0                0                    4        118     0        118      0         0                  0                 0                112            0      471       50      0                  7                   0                     0                   0           0
             0                 0          0       0          0             0      41844.600          13    15                       0                 0              0                0                0                    4        118     0        118      0         0                  0                 0                112            0      471       50      0                  7                   0                     0                   0           0
             0                 0          0       0          0             0      44747.400          13    16                       0                 0              0                0                0                    4        118     0        118      0         0                  0                 0                112            0      471       50      0                  7                   0                     0                   0           0
             0                 0          0       0          0             0      47650.200          13    17                       0                 0              0                0                0                    4        118     0        118      0         0                  0                 0                112            0      471       50      0                  7                   0                     0                   0           0
             0                 0          0       0          0             0      50553.000          13    18                       0                 0              0                0                0                    4        118     0        118      0         0                  0                 0                112            0      471       50      0                  7                   0                     0                   0           0
            49                 0         17       0          0       141.000      55884.960          13    19                       0                 0              0                0                0                    4        126    23        126      4         0                  2                 0                112            0      471       50      0                  7                   0                     0                   0          49
             0                23         51   2.000     81.304      1848.254      70745.600          25    20                       0                 0              0                0                0                    6        231   122        231     35         3                  2                 4                113            9      471       50      0                 13                   0                     0                   0          26
             0                23         17   3.043    167.043       710.773      81510.520          13    21                       0                 0              0                0                0                    6        174   126        174     16        29                  0                13                131           52      471       50      0                  7                   0                     0                   0           3
             0                 3          0   6.000    244.000        57.500      85681.520          13    22                       0                 0              0                0                0                    6        160    93        160     20         5                  0                28                101           50      471       50      0                  7                   0                     0                   0           0
             0                 0          0       0          0             0      89273.120          11    23                       0                 0              0                0                0                    4        146    86        146     10         4                  0                20                101           40      471       50      0                  6                   0                     0                   0           0
             0                 0          0       0          0             0      92815.520          11    24                       0                 0              0                0                0                    4        146    79        146      2         2                  0                 1                101            7      471       50      0                  6                   0                     0                   0           0
             0                 0          0       0          0             0      96382.520          13    25                       0                 0              0                0                0                    5        149    78        149      4         0                  0                 7                101           16      471       50      0                  7                   0                     0                   0           0
             0                 0          0       0          0             0      99826.520          11    26                       0                 0              0                0                0                    4        140    78        140      0         0                  0                 4                100            0      471       50      0                  6                   0                     0                   0           0
             0                 0          0       0          0             0     103270.520          11    27                       0                 0              0                0                0                    4        140    78        140      0         0                  0                 0                100            0      471       50      0                  6                   0                     0                   0           0
             0                 0          0       0          0             0     106714.520          11    28                       0                 0              0                0                0                    4        140    78        140      0         0                  0                 0                100            0      471       50      0                  6                   0                     0                   0           0
             0                 0          0       0          0             0     110158.520          11    29                       0                 0              0                0                0                    4        140    78        140      0         0                  0                 0                100            0      471       50      0                  6                   0                     0                   0           0
             0                 0          0       0          0             0     113602.520          11    30                       0                 0              0                0                0                    4        140    78        140      0         0                  0                 0                100            0      471       50      0                  6                   0                     0                   0           0
             0                 0          0       0          0             0     117046.520          11    31                       0                 0              0                0                0                    4        140    78        140      0         0                  0                 0                100            0      471       50      0                  6                   0                     0                   0           0
             0                 0          0       0          0             0     120490.520          11    32                       0                 0              0                0                0                    4        140    78        140      0         0                  0                 0                100            0      471       50      0                  6                   0                     0                   0           0
             0                 0          0       0          0             0     123934.520          11    33                       0                 0              0                0                0                    4        140    78        140      0         0                  0                 0                100            0      471       50      0                  6                   0                     0                   0           0
             0                 0          0       0          0             0     127378.520          11    34                       0                 0              0                0                0                    4        140    78        140      0         0                  0                 0                100            0      471       50      0                  6                   0                     0                   0           0
             0                 0          0       0          0             0     130822.520          11    35                       0                 0              0                0                0                    4        140    78        140      0         0                  0                 0                100            0      471       50      0                  6                   0                     0                   0           0
             0                 0          0       0          0             0     134266.520          11    36                       0                 0              0                0                0                    4        140    78        140      0         0                  0                 0                100            0      471       50      0                  6                   0                     0                   0           0
             0                 0          0       0          0             0     137710.520          11    37                       0                 0              0                0                0                    4        140    78        140      0         0                  0                 0                100            0      471       50      0                  6                   0                     0                   0           0
             0                 0          0       0          0             0     141154.520          11    38                       0                 0              0                0                0                    4        140    78        140      0         0                  0                 0                100            0      471       50      0                  6                   0                     0                   0           0
             0                 0          0       0          0             0     144598.520          11    39                       0                 0              0                0                0                    4        140    78        140      0         0                  0                 0                100            0      471       50      0                  6                   0                     0                   0           0
             0                 0          0       0          0             0     148042.520          11    40                       0                 0              0                0                0                    4        140    78        140      0         0                  0                 0                100            0      471       50      0                  6                   0                     0                   0           0
             0                 0          0       0          0             0     151486.520          11    41                       0                 0              0                0                0                    4        140    78        140      0         0                  0                 0                100            0      471       50      0                  6                   0                     0                   0           0
             0                 0          0       0          0             0     154930.520          11    42                       0                 0              0                0                0                    4        140    78        140      0         0                  0                 0                100            0      471       50      0                  6                   0                     0                   0           0
             0                 0          0       0          0             0     158374.520          11    43                       0                 0              0                0                0                    4        140    78        140      0         0                  0                 0                100            0      471       50      0                  6                   0                     0                   0           0
             0                 0          0       0          0             0     161818.520          11    44                       0                 0              0                0                0                    4        140    78        140      0         0                  0                 0                100            0      471       50      0                  6                   0                     0                   0           0
             0                 0          0       0          0             0     165262.520          11    45                       0                 0              0                0                0                    4        140    78        140      0         0                  0                 0                100            0      471       50      0                  6                   0                     0                   0           0
             0                 0          0       0          0             0     168706.520          11    46                       0                 0              0                0                0                    4        140    78        140      0         0                  0                 0                100            0      471       50      0                  6                   0                     0                   0           0
             0                 0          0       0          0             0     172150.520          11    47                       0                 0              0                0                0                    4        140    78        140      0         0                  0                 0                100            0      471       50      0                  6                   0                     0                   0           0
             0                 0          0       0          0             0     175594.520          11    48                       0                 0              0                0                0                    4        140    78        140      0         0                  0                 0                100            0      471       50      0                  6                   0                     0                   0           0
             0                 0          0       0          0             0     179038.520          11    49                       0                 0              0                0                0                    4        140    78        140      0         0                  0                 0                100            0      471       50      0                  6                   0                     0                   0           0
             0                 0          0       0          0             0     182482.520          11    50                       0                 0              0                0                0                    4        140    78        140      0         0                  0                 0                100            0      471       50      0                  6                   0                     0                   0           0
             0                 0          0       0          0             0     185926.520          11    51                       0                 0              0                0                0                    4        140    78        140      0         0                  0                 0                100            0      471       50      0                  6                   0                     0                   0           0
             0                 0          0       0          0             0     189370.520          11    52                       0                 0              0                0                0                    4        140    78        140      0         0                  0                 0                100            0      471       50      0                  6                   0                     0                   0           0
             0                 0          0       0          0             0     192814.520          11    53                       0                 0              0                0                0                    4        140    78        140      0         0                  0                 0                100            0      471       50      0                  6                   0                     0                   0           0
             0                 0          0       0          0             0     196258.520          11    54                       0                 0              0                0                0                    4        140    78        140      0         0                  0                 0                100            0      471       50      0                  6                   0                     0                   0           0
             0                 0          0       0          0             0     199702.520          11    55                       0                 0              0                0                0                    4        140    78        140      0         0                  0                 0                100            0      471       50      0                  6                   0                     0                   0           0
             0                 0          0       0          0             0     203146.520          11    56                       0                 0              0                0                0                    4        140    78        140      0         0                  0                 0                100            0      471       50      0                  6                   0                     0                   0           0
             0                 0          0       0          0             0     206590.520          11    57                       0                 0              0                0                0                    4        140    78        140      0         0                  0                 0                100            0      471       50      0                  6                   0                     0                   0           0
             0                 0          0       0          0             0     210034.520          11    58                       0                 0              0                0                0                    4        140    78        140      0         0                  0                 0                100            0      471       50      0                  6                   0                     0                   0           0
            49                 6         47   1.667     29.500      1062.167     221163.460          17    59                       0                 0              0                0                0                    7        176   150        176     16         0                  1                 0                100            0      471       50      0                  9                   0                     0                   0          43
             0                18         37   2.556    117.111      1548.494     234245.860          22    60                       0                 0              0                0                2                    9        220   213        220     22         7                  2                11                108           55      471       50      0                 12                   3                     0                   0          25
             0                18          9   3.111    207.556       585.803     242520.980          15    61                       0                 0              0                0                1                    5        178   198        178     14        20                  0                19                 95           49      471       50      0                  8                   0                     0                   0           7
             0                 7          3   4.714    296.000       123.833     248256.460          14    62                       0                 0              0                0                0                    6        162   172        162      6        10                  0                 5                111           32      471       50      0                  8                   0                     0                   0           0
             0                 0          0       0          0             0     252044.860          11    63                       0                 0              0                0                0                    5        153   156        153      2         2                  0                 4                109           31      471       50      0                  6                   0                     0                   0           0
             0                 0          0       0          0             0     255808.660          11    64                       0                 0              0                0                0                    5        152   152        152      2         1                  0                 2                114           25      471       50      0                  6                   0                     0                   0           0
             0                 0          0       0          0             0     259474.060          11    65                       0                 0              0                0                0                    5        149   150        149      0         1                  0                 1                114            7      471       50      0                  6                   0                     0                   0           0
             0                 0          0       0          0             0     263139.460          11    66                       0                 0              0                0                0                    5        149   150        149      0         0                  0                 0                113            9      471       50      0                  6                   0                     0                   0           0
             0                 0          0       0          0             0     266804.860          11    67                       0                 0              0                0                0                    5        149   150        149      1         0                  0                 1                114            0      471       50      0                  6                   0                     0                   0           0
             0                 0          0       0          0             0     270470.260          11    68                       0                 0              0                0                0                    5        149   150        149      0         0                  0                 0                114            0      471       50      0                  6                   0                     0                   0           0
             0                 0          0       0          0             0     274135.660          11    69                       0                 0              0                0                0                    5        149   150        149      0         0                  0                 0                114            0      471       50      0                  6                   0                     0                   0           0
             0                 0          0       0          0             0     277801.060          11    70                       0                 0              0                0                0                    5        149   150        149      0         0                  0                 0                114            0      471       50      0                  6                   0                     0                   0           0
             0                 0          0       0          0             0     281466.460          11    71                       0                 0              0                0                0                    5        149   150        149      0         0                  0                 0                114            0      471       50      0                  6                   0                     0                   0           0
             0                 0          0       0          0             0     285131.860          11    72                       0                 0              0                0                0                    5        149   150        149      0         0                  0                 0                114            0      471       50      0                  6                   0                     0                   0           0
             0                 0          0       0          0             0     288797.260          11    73                       0                 0              0                0                0                    5        149   150        149      0         0                  0                 0                114            0      471       50      0                  6                   0                     0                   0           0
             0                 0          0       0          0             0     292462.660          11    74                       0                 0              0                0                0                    5        149   150        149      0         0                  0                 0                114            0      471       50      0                  6                   0                     0                   0           0
             0                 0          0       0          0             0     296128.060          11    75                       0                 0              0                0                0                    5        149   150        149      0         0                  0                 0                114            0      471       50      0                  6                   0                     0                   0           0
             0                 0          0       0          0             0     299793.460          11    76                       0                 0              0                0                0                    5        149   150        149      0         0                  0                 0                114            0      471       50      0                  6                   0                     0                   0           0
             0                 0          0       0          0             0     303458.860          11    77                       0                 0              0                0                0                    5        149   150        149      0         0                  0                 0                114            0      471       50      0                  6                   0                     0                   0           0
             0                 0          0       0          0             0     307124.260          11    78                       0                 0              0                0                0                    5        149   150        149      0         0                  0                 0                114            0      471       50      0                  6                   0                     0                   0           0
             0                 0          0       0          0             0     310789.660          11    79                       0                 0              0                0                0                    5        149   150        149      0         0                  0                 0                114            0      471       50      0                  6                   0                     0                   0           0
             0                 0          0       0          0             0     314455.060          11    80                       0                 0              0                0                0                    5        149   150        149      0         0                  0                 0                114            0      471       50      0                  6                   0                     0                   0           0
             0                 0          0       0          0             0     318120.460          11    81                       0                 0              0                0                0                    5        149   150        149      0         0                  0                 0                114            0      471       50      0                  6                   0                     0                   0           0
             0                 0          0       0          0             0     321785.860          11    82                       0                 0              0                0                0                    5        149   150        149      0         0                  0                 0                114            0      471       50      0                  6                   0                     0                   0           0
             0                 0          0       0          0             0     325451.260          11    83                       0                 0              0                0                0                    5        149   150        149      0         0                  0                 0                114            0      471       50      0                  6                   0                     0                   0           0
             0                 0          0       0          0             0     329116.660          11    84                       0                 0              0                0                0                    5        149   150        149      0         0                  0                 0                114            0      471       50      0                  6                   0                     0                   0           0
             0                 0          0       0          0             0     332782.060          11    85                       0                 0              0                0                0                    5        149   150        149      0         0                  0                 0                114            0      471       50      0                  6                   0                     0                   0           0
             0                 0          0       0          0             0     336447.460          11    86                       0                 0              0                0                0                    5        149   150        149      0         0                  0                 0                114            0      471       50      0                  6                   0                     0                   0           0
             0                 0          0       0          0             0     340112.860          11    87                       0                 0              0                0                0                    5        149   150        149      0         0                  0                 0                114            0      471       50      0                  6                   0                     0                   0           0
             0                 0          0       0          0             0     343778.260          11    88                       0                 0              0                0                0                    5        149   150        149      0         0                  0                 0                114            0      471       50      0                  6                   0                     0                   0           0
             0                 0          0       0          0             0     347443.660          11    89                       0                 0              0                0                0                    5        149   150        149      0         0                  0                 0                114            0      471       50      0                  6                   0                     0                   0           0
             0                 0          0       0          0             0     351109.060          11    90                       0                 0              0                0                0                    5        149   150        149      0         0                  0                 0                114            0      471       50      0                  6                   0                     0                   0           0
             0                 0          0       0          0             0     354774.460          11    91                       0                 0              0                0                0                    5        149   150        149      0         0                  0                 0                114            0      471       50      0                  6                   0                     0                   0           0
             0                 0          0       0          0             0     358439.860          11    92                       0                 0              0                0                0                    5        149   150        149      0         0                  0                 0                114            0      471       50      0                  6                   0                     0                   0           0
             0                 0          0       0          0             0     362105.260          11    93                       0                 0              0                0                0                    5        149   150        149      0         0                  0                 0                114            0      471       50      0                  6                   0                     0                   0           0
             0                 0          0       0          0             0     365770.660          11    94                       0                 0              0                0                0                    5        149   150        149      0         0                  0                 0                114            0      471       50      0                  6                   0                     0                   0           0
             0                 0          0       0          0             0     369436.060          11    95                       0                 0              0                0                0                    5        149   150        149      0         0                  0                 0                114            0      471       50      0                  6                   0                     0                   0           0
             0                 0          0       0          0             0     373101.460          11    96                       0                 0              0                0                0                    5        149   150        149      0         0                  0                 0                114            0      471       50      0                  6                   0                     0                   0           0
             0                 0          0       0          0             0     376766.860          11    97                       0                 0              0                0                0                    5        149   150        149      0         0                  0                 0                114            0      471       50      0                  6                   0                     0                   0           0
             0                 0          0       0          0             0     380432.260          11    98                       0                 0              0                0                0                    5        149   150        149      0         0                  0                 0                114            0      471       50      0                  6                   0                     0                   0           0
             0                 0          0       0          0             0     384097.660          11    99                       0                 0              0                0                0                    5        149   150        149      0         0                  0                 0                114            0      471       50      0                  6                   0                     0                   0           0
#pos runNum=0 0@(1.00000,1.00000)@0 1@(1.40258,0.89933)@832 2@(1.20431,0.75961)@768 3@(1.41178,1.06786)@739 4@(1.21622,0.84724)@853 5@(1.16194,0.76874)@1326 6@(1.24536,0.72384)@1446 7@(1.37267,0.69787)@1395 8@(1.39224,1.03497)@658 9@(1.40220,0.74536)@1536 10@(1.45244,0.84840)@1706 11@(1.46640,0.98593)@1685 12@(1.19448,0.65772)@1331 13@(1.33347,0.96391)@1462 14@(1.51602,0.94007)@1557 15@(1.58495,0.80349)@1340 16@(1.54812,0.73706)@1457 17@(1.20909,0.81204)@1536 18@(1.39954,1.03767)@1507 19@(1.37236,1.11469)@1856 20@(1.47985,1.15244)@1364 21@(1.32954,1.08751)@1429 22@(1.12064,0.95690)@665 23@(1.44094,1.07996)@1293 24@(1.24147,0.93873)@2150 25@(1.38314,1.08742)@1861 26@(1.58542,0.76245)@2104 27@(1.15044,1.19227)@1636 28@(1.31945,1.09839)@1297 29@(1.59032,0.93708)@1209 30@(1.29267,1.13849)@2410 31@(1.49776,0.92691)@2069 32@(1.31936,0.87689)@1411 33@(1.29688,1.30738)@2623 34@(1.48075,1.14763)@1979 35@(1.68081,0.76979)@1903 36@(1.38089,0.47386)@1770 37@(1.51726,1.10051)@1221 38@(1.14638,0.67331)@2030 39@(1.10060,1.29899)@1543 40@(1.01053,0.94570)@1223 41@(1.63781,0.79499)@1472 42@(1.50937,1.01083)@1621 43@(1.11341,1.28918)@2065 44@(1.26987,0.74049)@1958 45@(1.83688,0.73294)@1954 46@(1.30899,0.65528)@1536 47@(1.41744,0.92072)@1709 48@(1.74779,0.88889)@2751 49@(1.64934,1.12902)@1865
#links runNum=0 14-18@-96dBm@0.103 1-10@-97dBm@0.002 2-8@-92dBm@0.689 11-18@-93dBm@0.646 10-13@-91dBm@0.755 7-47@-89dBm@0.868 17-20@-96dBm@0.076 14-41@-88dBm@0.909 18-29@-91dBm@0.783 10-31@-96dBm@0.136 8-15@-91dBm@0.745 4-13@-96dBm@0.101 23-28@-91dBm@0.769 18-41@-91dBm@0.769 19-48@-94dBm@0.381 11-43@-94dBm@0.483 4-7@-89dBm@0.893 19-28@-84dBm@0.974 13-32@-84dBm@0.970 1-11@-93dBm@0.655 2-36@-97dBm@0.052 3-8@-76dBm@1.000 31-46@-96dBm@0.140 6-12@-83dBm@0.974 19-22@-96dBm@0.116 26-46@-95dBm@0.198 3-25@-97dBm@0.007 8-37@-87dBm@0.949 22-40@-86dBm@0.958 0-8@-92dBm@0.679 16-26@-80dBm@0.989 19-20@-82dBm@0.984 7-45@-95dBm@0.204 10-14@-84dBm@0.974 8-29@-88dBm@0.937 13-19@-94dBm@0.466 17-30@-96dBm@0.125 32-42@-89dBm@0.868 16-46@-96dBm@0.179 18-20@-84dBm@0.969 4-14@-91dBm@0.793 6-7@-84dBm@0.974 18-40@-96dBm@0.176 14-32@-87dBm@0.945 1-17@-91dBm@0.755 36-48@-96dBm@0.076 15-35@-88dBm@0.931 17-24@-85dBm@0.964 6-19@-96dBm@0.169 2-6@-97dBm@0.048 8-18@-86dBm@0.958 34-37@-89dBm@0.869 1-6@-89dBm@0.885 4-23@-95dBm@0.213 23-37@-86dBm@0.952 4-20@-95dBm@0.243 14-25@-96dBm@0.158 1-26@-95dBm@0.280 12-40@-95dBm@0.258 36-44@-93dBm@0.636 25-44@-91dBm@0.720 9-10@-84dBm@0.970 15-23@-92dBm@0.695 10-47@-92dBm@0.664 3-11@-87dBm@0.940 5-10@-95dBm@0.226 13-25@-97dBm@0.005 18-32@-88dBm@0.915 13-15@-91dBm@0.761 19-25@-71dBm@1.000 23-34@-93dBm@0.658 3-20@-90dBm@0.859 18-37@-84dBm@0.973 9-44@-84dBm@0.974 7-21@-96dBm@0.162 13-46@-94dBm@0.500 16-48@-94dBm@0.354 4-32@-88dBm@0.937 21-26@-94dBm@0.331 9-45@-96dBm@0.138 39-40@-92dBm@0.712 10-24@-89dBm@0.866 11-28@-90dBm@0.845 5-38@-92dBm@0.706 15-16@-85dBm@0.961 12-19@-95dBm@0.267 9-32@-87dBm@0.940 11-42@-78dBm@1.000 22-30@-96dBm@0.154 29-31@-84dBm@0.968 5-17@-93dBm@0.641 12-38@-87dBm@0.948 20-25@-84dBm@0.973 9-26@-86dBm@0.958 20-49@-95dBm@0.319 27-40@-95dBm@0.208 26-44@-91dBm@0.777 10-32@-93dBm@0.616 19-34@-87dBm@0.938 35-38@-95dBm@0.227 1-9@-91dBm@0.729 9-23@-96dBm@0.188 6-24@-91dBm@0.789 0-15@-96dBm@0.084 26-48@-89dBm@0.897 14-27@-96dBm@0.191 4-34@-94dBm@0.451 10-37@-96dBm@0.122 16-31@-97dBm@0.050 11-34@-93dBm@0.544 14-15@-90dBm@0.857 4-27@-93dBm@0.528 11-33@-93dBm@0.636 1-22@-91dBm@0.739 15-24@-92dBm@0.677 17-22@-85dBm@0.961 0-22@-91dBm@0.757 10-46@-94dBm@0.340 7-46@-79dBm@0.997 44-49@-97dBm@0.063 20-26@-93dBm@0.636 14-46@-97dBm@0.033 15-26@-94dBm@0.477 4-9@-93dBm@0.592 8-20@-93dBm@0.638 44-47@-90dBm@0.863 23-47@-95dBm@0.233 24-34@-95dBm@0.193 18-44@-95dBm@0.194 11-47@-94dBm@0.498 7-36@-96dBm@0.183 29-38@-97dBm@0.064 21-34@-95dBm@0.219 8-11@-85dBm@0.962 1-4@-94dBm@0.512 20-38@-96dBm@0.160 6-41@-94dBm@0.380 29-32@-92dBm@0.673 33-43@-91dBm@0.758 3-28@-80dBm@0.988 6-38@-95dBm@0.288 9-14@-96dBm@0.190 1-16@-90dBm@0.860 12-46@-87dBm@0.939 27-30@-94dBm@0.425 13-20@-93dBm@0.557 0-1@-93dBm@0.530 21-33@-89dBm@0.875 16-41@-82dBm@0.984 25-46@-97dBm@0.063 10-17@-96dBm@0.094 0-3@-93dBm@0.616 18-43@-93dBm@0.556 14-35@-96dBm@0.145 35-45@-87dBm@0.941 2-12@-85dBm@0.963 24-28@-92dBm@0.712 13-14@-89dBm@0.868 14-22@-95dBm@0.265 24-40@-95dBm@0.211 21-47@-91dBm@0.759 17-23@-94dBm@0.423 11-25@-86dBm@0.957 48-49@-91dBm@0.802 6-29@-92dBm@0.668 2-27@-95dBm@0.285 13-34@-96dBm@0.187 1-47@-93dBm@0.541 18-23@-80dBm@0.990 14-23@-92dBm@0.702 6-40@-93dBm@0.629 8-13@-93dBm@0.654 5-24@-96dBm@0.133 3-39@-92dBm@0.679 10-30@-91dBm@0.742 2-10@-93dBm@0.541 28-39@-96dBm@0.079 26-35@-85dBm@0.967 2-3@-92dBm@0.713 18-19@-84dBm@0.972 28-43@-92dBm@0.703 13-21@-91dBm@0.741 20-47@-90dBm@0.858 7-43@-97dBm@0.026 23-30@-95dBm@0.200 9-15@-95dBm@0.225 12-24@-94dBm@0.385 25-47@-94dBm@0.433 4-5@-92dBm@0.672 25-33@-94dBm@0.383 14-24@-91dBm@0.798 7-31@-96dBm@0.159 8-19@-97dBm@0.042 21-30@-95dBm@0.292 1-21@-90dBm@0.822 8-23@-92dBm@0.707 1-2@-90dBm@0.864 9-24@-91dBm@0.778 3-37@-95dBm@0.195 11-13@-93dBm@0.631 14-21@-89dBm@0.901 27-39@-90dBm@0.845 12-22@-96dBm@0.148 42-46@-93dBm@0.655 16-35@-88dBm@0.902 11-24@-95dBm@0.195 21-35@-94dBm@0.322 8-33@-95dBm@0.230 18-28@-93dBm@0.641 14-31@-70dBm@1.000 2-16@-94dBm@0.501 6-20@-94dBm@0.417 41-45@-95dBm@0.282 6-22@-96dBm@0.079 17-39@-94dBm@0.366 3-10@-91dBm@0.766 25-37@-84dBm@0.974 26-45@-88dBm@0.915 21-39@-90dBm@0.861 29-35@-96dBm@0.147 9-41@-96dBm@0.098 10-21@-92dBm@0.682 1-27@-93dBm@0.636 31-48@-90dBm@0.839 6-44@-76dBm@1.000 16-45@-91dBm@0.795 3-49@-93dBm@0.548 1-30@-97dBm@0.053 1-3@-85dBm@0.962 20-34@-89dBm@0.868 6-16@-96dBm@0.102 13-43@-96dBm@0.094 33-39@-95dBm@0.269 11-16@-89dBm@0.867 24-26@-93dBm@0.650 5-6@-88dBm@0.934 2-17@-86dBm@0.952 43-44@-96dBm@0.167 24-31@-93dBm@0.640 35-36@-93dBm@0.629 3-5@-93dBm@0.525 32-44@-92dBm@0.687 7-10@-96dBm@0.182 23-49@-87dBm@0.944 0-2@-93dBm@0.624 5-32@-97dBm@0.017 1-19@-93dBm@0.561 6-35@-94dBm@0.405 19-41@-94dBm@0.385 3-18@-93dBm@0.644 34-48@-92dBm@0.664 6-46@-89dBm@0.900 13-49@-96dBm@0.078 11-45@-96dBm@0.130 25-28@-82dBm@0.980 1-7@-87dBm@0.947 0-4@-93dBm@0.580 3-23@-87dBm@0.946 16-38@-92dBm@0.671 14-29@-84dBm@0.974 1-36@-93dBm@0.553 2-13@-96dBm@0.168 28-47@-95dBm@0.219 21-41@-96dBm@0.130 7-9@-83dBm@0.974 2-4@-93dBm@0.573 18-25@-91dBm@0.756 1-41@-89dBm@0.868 19-27@-91dBm@0.745 7-44@-95dBm@0.317 8-39@-96dBm@0.101 30-33@-92dBm@0.690 5-12@-91dBm@0.758 32-37@-94dBm@0.447 15-45@-90dBm@0.864 31-49@-95dBm@0.252 4-46@-91dBm@0.734 14-49@-92dBm@0.680 3-19@-91dBm@0.783 9-19@-96dBm@0.161 4-6@-90dBm@0.811 5-8@-93dBm@0.661 17-46@-85dBm@0.959 2-5@-82dBm@0.981 5-15@-95dBm@0.260 10-44@-88dBm@0.934 15-29@-89dBm@0.866 15-46@-90dBm@0.824 14-34@-93dBm@0.526 13-30@-88dBm@0.935 11-30@-90dBm@0.863 25-31@-94dBm@0.343 21-25@-94dBm@0.436 18-34@-91dBm@0.728 2-42@-93dBm@0.654 17-44@-84dBm@0.974 2-9@-87dBm@0.945 1-46@-91dBm@0.789 12-36@-89dBm@0.900 23-25@-88dBm@0.909 2-46@-86dBm@0.956
#aveChargePerCycle runNum=0 0@315.46 1@364.61 2@293.98 3@340.06 4@239.29 5@73.51 6@87.81 7@25.65 8@306.40 9@81.13 10@74.34 11@79.43 12@51.33 13@46.27 14@59.09 15@198.78 16@121.82 17@10.89 18@53.08 19@5.97 20@137.28 21@70.65 22@79.70 23@132.96 24@1.30 25@30.57 26@25.65 27@1.30 28@47.43 29@144.22 30@1.30 31@28.77 32@66.00 33@2.59 34@1.94 35@25.40 36@1.30 37@66.58 38@1.30 39@29.04 40@27.07 41@1.94 42@3.24 43@27.35 44@1.30 45@1.94 46@20.92 47@2.59 48@3.24 49@27.47