## dioPeriod = 1.0
## burstTimestamp = 20
## minRssi = -97
## numMotes = 50
## otfHousekeepingPeriod = 1.0
## sixtopNoRemoveWorstCell = 0
## simDataDir = simData
## numChans = 16
## slotframeLength = 101
## squareSide = 2.0
## cpuID = 17
## sixtopPdrThreshold = 1.5
## pkPeriod = None
## sixtopHousekeepingPeriod = 1.0
## sixtopNoHousekeeping = 0
## algorithm = otf
## pkPeriodVar = 0.05
## numCyclesPerRun = 100
## startTime = 1502276471.26
## slotDuration = 0.01
## numRuns = 1
## combinationKeys = ['algorithm', 'numMotes', 'otfThreshold']
## numPacketsBurst = 5
## otfThreshold = 1
## noInterference = 0
## gui = False


# appGenerated appReachesDagroot appRelayed aveHops aveLatency aveQueueDelay chargeConsumed collidedTxs cycle droppedAppFailedEnqueue droppedMacRetries droppedNoRoute droppedNoTxCells droppedQueueFull effectiveCollidedTxs numRxCells numTx numTxCells otfAdd otfRemove probableCollisions rplChurnParentSet rplChurnPrefParent rplChurnRank rplRxDIO rplTxDIO runNum scheduleCollisions topRxRelocatedCells topTxRelocatedBundles topTxRelocatedCells txQueueFill
             0                 0          0       0          0             0              0           0     0                       0                 0              0                0                0                    0          0     0          0      0         0                  0                 0                  0            0        0        0      0                  0                   0                     0                   0           0
             0                 0          0       0          0             0       1525.200          10     1                       0                 0              0                0                0                    0        128     0        128    128         0                  0               143                 72            4      471       50      0                  5                   0                     0                   0           0
             0                 0          0       0          0             0       4747.800          10     2                       0                 0              0                0                0                    0        131     0        131      3         0                  0                 0                129            0      471       50      0                  5                   0                     0                   0           0
             0                 0          0       0          0             0       7970.400          10     3                       0                 0              0                0                0                    0        131     0        131      0         0                  0                 0                129            0      471       50      0                  5                   0                     0                   0           0
             0                 0          0       0          0             0      11193.000          10     4                       0                 0              0                0                0                    0        131     0        131      0         0                  0                 0                129            0      471       50      0                  5                   0                     0                   0           0
             0                 0          0       0          0             0      14415.600          10     5                       0                 0              0                0                0                    0        131     0        131      0         0                  0                 0                129            0      471       50      0                  5                   0                     0                   0           0
             0                 0          0       0          0             0      17638.200          10     6                       0                 0              0                0                0                    0        131     0        131      0         0                  0                 0                129            0      471       50      0                  5                   0                     0                   0           0
             0                 0          0       0          0             0      20860.800          10     7                       0                 0              0                0                0                    0        131     0        131      0         0                  0                 0                129            0      471       50      0                  5                   0                     0                   0           0
             0                 0          0       0          0             0      24083.400          10     8                       0                 0              0                0                0                    0        131     0        131      0         0                  0                 0                129            0      471       50      0                  5                   0                     0                   0           0
             0                 0          0       0          0             0      27306.000          10     9                       0                 0              0                0                0                    0        131     0        131      0         0                  0                 0                129            0      471       50      0                  5                   0                     0                   0           0
             0                 0          0       0          0             0      30528.600          10    10                       0                 0              0                0                0                    0        131     0        131      0         0                  0                 0                129            0      471       50      0                  5                   0                     0                   0           0
             0                 0          0       0          0             0      33751.200          10    11                       0                 0              0                0                0                    0        131     0        131      0         0                  0                 0                129            0      471       50      0                  5                   0                     0                   0           0
             0                 0          0       0          0             0      36973.800          10    12                       0                 0              0                0                0                    0        131     0        131      0         0                  0                 0                129            0      471       50      0                  5                   0                     0                   0           0
             0                 0          0       0          0             0      40196.400          10    13                       0                 0              0                0                0                    0        131     0        131      0         0                  0                 0                129            0      471       50      0                  5                   0                     0                   0           0
             0                 0          0       0          0             0      43419.000          10    14                       0                 0              0                0                0                    0        131     0        131      0         0                  0                 0                129            0      471       50      0                  5                   0                     0                   0           0
             0                 0          0       0          0             0      46641.600          10    15                       0                 0              0                0                0                    0        131     0        131      0         0                  0                 0                129            0      471       50      0                  5                   0                     0                   0           0
             0                 0          0       0          0             0      49864.200          10    16                       0                 0              0                0                0                    0        131     0        131      0         0                  0                 0                129            0      471       50      0                  5                   0                     0                   0           0
             0                 0          0       0          0             0      53086.800          10    17                       0                 0              0                0                0                    0        131     0        131      0         0                  0                 0                129            0      471       50      0                  5                   0                     0                   0           0
             0                 0          0       0          0             0      56309.400          10    18                       0                 0              0                0                0                    0        131     0        131      0         0                  0                 0                129            0      471       50      0                  5                   0                     0                   0           0
            49                 1         16   1.000     16.000       178.000      61911.960          10    19                       0                 0              0                0                0                    0        143    23        143      4         0                  0                 0                129            0      471       50      0                  5                   0                     0                   0          48
             0                23         54   1.870     70.000      1573.867      76388.680          22    20                       0                 0              0                0                0                    3        215   111        215     29         3                  0                 7                140           21      471       50      0                 11                   0                     0                   0          25
             0                23         16   3.522    166.565       504.376      86607.340          14    21                       0                 0              0                0                0                    2        186   135        186     14        24                  0                 8                124           48      471       50      0                  7                   3                     0                   0           2
             0                 2          0   5.000    236.500        55.000      90998.980          16    22                       0                 0              0                0                0                    3        164   110        164      5         8                  0                 6                123           39      471       50      0                  8                   0                     0                   0           0
             0                 0          0       0          0             0      94811.980          14    23                       0                 0              0                0                0                    2        148    93        148      1         5                  0                 3                116           18      471       50      0                  7                   0                     0                   0           0
             0                 0          0       0          0             0      98477.380          16    24                       0                 0              0                0                0                    2        146    87        146      1         2                  0                 1                117           36      471       50      0                  8                   0                     0                   0           0
             0                 0          0       0          0             0     102068.980          14    25                       0                 0              0                0                0                    2        146    87        146      1         0                  0                 2                117           14      471       50      0                  7                   0                     0                   0           0
             0                 0          0       0          0             0     105562.180          14    26                       0                 0              0                0                0                    2        142    83        142      0         1                  0                 1                117            0      471       50      0                  7                   0                     0                   0           0
             0                 0          0       0          0             0     109055.380          12    27                       0                 0              0                0                0                    2        142    83        142      1         0                  0                 2                117           14      471       50      0                  6                   0                     0                   0           0
             0                 0          0       0          0             0     112499.380          12    28                       0                 0              0                0                0                    2        140    83        140      0         0                  0                 1                117            0      471       50      0                  6                   0                     0                   0           0
             0                 0          0       0          0             0     115943.380          12    29                       0                 0              0                0                0                    2        140    83        140      0         0                  0                 0                117            0      471       50      0                  6                   0                     0                   0           0
             0                 0          0       0          0             0     119387.380          12    30                       0                 0              0                0                0                    2        140    83        140      0         0                  0                 0                117            0      471       50      0                  6                   0                     0                   0           0
             0                 0          0       0          0             0     122831.380          12    31                       0                 0              0                0                0                    2        140    83        140      0         0                  0                 0                117            0      471       50      0                  6                   0                     0                   0           0
             0                 0          0       0          0             0     126275.380          12    32                       0                 0              0                0                0                    2        140    83        140      0         0                  0                 0                117            0      471       50      0                  6                   0                     0                   0           0
             0                 0          0       0          0             0     129719.380          12    33                       0                 0              0                0                0                    2        140    83        140      0         0                  0                 0                117            0      471       50      0                  6                   0                     0                   0           0
             0                 0          0       0          0             0     133163.380          12    34                       0                 0              0                0                0                    2        140    83        140      0         0                  0                 0                117            0      471       50      0                  6                   0                     0                   0           0
             0                 0          0       0          0             0     136607.380          12    35                       0                 0              0                0                0                    2        140    83        140      0         0                  0                 0                117            0      471       50      0                  6                   0                     0                   0           0
             0                 0          0       0          0             0     140051.380          12    36                       0                 0              0                0                0                    2        140    83        140      0         0                  0                 0                117            0      471       50      0                  6                   0                     0                   0           0
             0                 0          0       0          0             0     143495.380          12    37                       0                 0              0                0                0                    2        140    83        140      0         0                  0                 0                117            0      471       50      0                  6                   0                     0                   0           0
             0                 0          0       0          0             0     146939.380          12    38                       0                 0              0                0                0                    2        140    83        140      0         0                  0                 0                117            0      471       50      0                  6                   0                     0                   0           0
             0                 0          0       0          0             0     150383.380          12    39                       0                 0              0                0                0                    2        140    83        140      0         0                  0                 0                117            0      471       50      0                  6                   0                     0                   0           0
             0                 0          0       0          0             0     153827.380          12    40                       0                 0              0                0                0                    2        140    83        140      0         0                  0                 0                117            0      471       50      0                  6                   0                     0                   0           0
             0                 0          0       0          0             0     157271.380          12    41                       0                 0              0                0                0                    2        140    83        140      0         0                  0                 0                117            0      471       50      0                  6                   0                     0                   0           0
             0                 0          0       0          0             0     160715.380          12    42                       0                 0              0                0                0                    2        140    83        140      0         0                  0                 0                117            0      471       50      0                  6                   0                     0                   0           0
             0                 0          0       0          0             0     164159.380          12    43                       0                 0              0                0                0                    2        140    83        140      0         0                  0                 0                117            0      471       50      0                  6                   0                     0                   0           0
             0                 0          0       0          0             0     167603.380          12    44                       0                 0              0                0                0                    2        140    83        140      0         0                  0                 0                117            0      471       50      0                  6                   0                     0                   0           0
             0                 0          0       0          0             0     171047.380          12    45                       0                 0              0                0                0                    2        140    83        140      0         0                  0                 0                117            0      471       50      0                  6                   0                     0                   0           0
             0                 0          0       0          0             0     174491.380          12    46                       0                 0              0                0                0                    2        140    83        140      0         0                  0                 0                117            0      471       50      0                  6                   0                     0                   0           0
             0                 0          0       0          0             0     177935.380          12    47                       0                 0              0                0                0                    2        140    83        140      0         0                  0                 0                117            0      471       50      0                  6                   0                     0                   0           0
             0                 0          0       0          0             0     181379.380          12    48                       0                 0              0                0                0                    2        140    83        140      0         0                  0                 0                117            0      471       50      0                  6                   0                     0                   0           0
             0                 0          0       0          0             0     184823.380          12    49                       0                 0              0                0                0                    2        140    83        140      0         0                  0                 0                117            0      471       50      0                  6                   0                     0                   0           0
             0                 0          0       0          0             0     188267.380          12    50                       0                 0              0                0                0                    2        140    83        140      0         0                  0                 0                117            0      471       50      0                  6                   0                     0                   0           0
             0                 0          0       0          0             0     191711.380          12    51                       0                 0              0                0                0                    2        140    83        140      0         0                  0                 0                117            0      471       50      0                  6                   0                     0                   0           0
             0                 0          0       0          0             0     195155.380          12    52                       0                 0              0                0                0                    2        140    83        140      0         0                  0                 0                117            0      471       50      0                  6                   0                     0                   0           0
             0                 0          0       0          0             0     198599.380          12    53                       0                 0              0                0                0                    2        140    83        140      0         0                  0                 0                117            0      471       50      0                  6                   0                     0                   0           0
             0                 0          0       0          0             0     202043.380          12    54                       0                 0              0                0                0                    2        140    83        140      0         0                  0                 0                117            0      471       50      0                  6                   0                     0                   0           0
             0                 0          0       0          0             0     205487.380          12    55                       0                 0              0                0                0                    2        140    83        140      0         0                  0                 0                117            0      471       50      0                  6                   0                     0                   0           0
             0                 0          0       0          0             0     208931.380          12    56                       0                 0              0                0                0                    2        140    83        140      0         0                  0                 0                117            0      471       50      0                  6                   0                     0                   0           0
             0                 0          0       0          0             0     212375.380          12    57                       0                 0              0                0                0                    2        140    83        140      0         0                  0                 0                117            0      471       50      0                  6                   0                     0                   0           0
             0                 0          0       0          0             0     215819.380          12    58                       0                 0              0                0                0                    2        140    83        140      0         0                  0                 0                117            0      471       50      0                  6                   0                     0                   0           0
            49                 7         42   1.286     35.714       913.917     225643.820          14    59                       0                 0              0                0                0                    3        162   140        162      9         0                  0                 0                117            0      471       50      0                  7                   0                     0                   0          42
             0                24         34   2.500    117.333      1833.550     238295.820          16    60                       0                 0              0                0                3                    5        191   210        191     17         6                  4                 1                117           38      471       50      0                  8                   0                     0                   0          18
             0                14         13   3.500    216.214       595.233     246216.800          12    61                       0                 0              0                0                0                    1        162   222        162      3        16                  0                 2                125           40      471       50      0                  6                   0                     0                   0           4
             0                 4          1   5.250    293.500       119.667     250861.400          14    62                       0                 0              0                0                0                    1        158   203        158      4         6                  0                 4                128           35      471       50      0                  7                   2                     0                   0           0
             0                 0          0       0          0             0     254453.000          12    63                       0                 0              0                0                0                    0        147   195        147      1         1                  0                 5                129           34      471       50      0                  6                   0                     0                   0           0
             0                 0          0       0          0             0     258069.200          14    64                       0                 0              0                0                0                    1        147   185        147      2         2                  0                 1                130           14      471       50      0                  7                   0                     0                   0           0
             0                 0          0       0          0             0     261611.600          14    65                       0                 0              0                0                0                    0        145   181        145      2         1                  0                 3                125            3      471       50      0                  7                   0                     0                   0           0
             0                 0          0       0          0             0     265178.600          16    66                       0                 0              0                0                0                    0        147   181        147      2         0                  0                 3                125           14      471       50      0                  8                   0                     0                   0           0
             0                 0          0       0          0             0     268745.600          14    67                       0                 0              0                0                0                    0        145   181        145      0         0                  0                 1                125            0      471       50      0                  7                   0                     0                   0           0
             0                 0          0       0          0             0     272312.600          14    68                       0                 0              0                0                0                    0        145   181        145      0         0                  0                 0                125            0      471       50      0                  7                   0                     0                   0           0
             0                 0          0       0          0             0     275879.600          14    69                       0                 0              0                0                0                    0        145   181        145      0         0                  0                 0                125            0      471       50      0                  7                   0                     0                   0           0
             0                 0          0       0          0             0     279446.600          14    70                       0                 0              0                0                0                    0        145   181        145      0         0                  0                 0                125            0      471       50      0                  7                   0                     0                   0           0
             0                 0          0       0          0             0     283013.600          14    71                       0                 0              0                0                0                    0        145   181        145      0         0                  0                 0                125            0      471       50      0                  7                   0                     0                   0           0
             0                 0          0       0          0             0     286580.600          14    72                       0                 0              0                0                0                    0        145   181        145      0         0                  0                 0                125            0      471       50      0                  7                   0                     0                   0           0
             0                 0          0       0          0             0     290147.600          14    73                       0                 0              0                0                0                    0        145   181        145      0         0                  0                 0                125            0      471       50      0                  7                   0                     0                   0           0
             0                 0          0       0          0             0     293714.600          14    74                       0                 0              0                0                0                    0        145   181        145      0         0                  0                 0                125            0      471       50      0                  7                   0                     0                   0           0
             0                 0          0       0          0             0     297281.600          14    75                       0                 0              0                0                0                    0        145   181        145      0         0                  0                 0                125            0      471       50      0                  7                   0                     0                   0           0
             0                 0          0       0          0             0     300848.600          14    76                       0                 0              0                0                0                    0        145   181        145      0         0                  0                 0                125            0      471       50      0                  7                   0                     0                   0           0
             0                 0          0       0          0             0     304415.600          14    77                       0                 0              0                0                0                    0        145   181        145      0         0                  0                 0                125            0      471       50      0                  7                   0                     0                   0           0
             0                 0          0       0          0             0     307982.600          14    78                       0                 0              0                0                0                    0        145   181        145      0         0                  0                 0                125            0      471       50      0                  7                   0                     0                   0           0
             0                 0          0       0          0             0     311549.600          14    79                       0                 0              0                0                0                    0        145   181        145      0         0                  0                 0                125            0      471       50      0                  7                   0                     0                   0           0
             0                 0          0       0          0             0     315116.600          14    80                       0                 0              0                0                0                    0        145   181        145      0         0                  0                 0                125            0      471       50      0                  7                   0                     0                   0           0
             0                 0          0       0          0             0     318683.600          14    81                       0                 0              0                0                0                    0        145   181        145      0         0                  0                 0                125            0      471       50      0                  7                   0                     0                   0           0
             0                 0          0       0          0             0     322250.600          14    82                       0                 0              0                0                0                    0        145   181        145      0         0                  0                 0                125            0      471       50      0                  7                   0                     0                   0           0
             0                 0          0       0          0             0     325817.600          14    83                       0                 0              0                0                0                    0        145   181        145      0         0                  0                 0                125            0      471       50      0                  7                   0                     0                   0           0
             0                 0          0       0          0             0     329384.600          14    84                       0                 0              0                0                0                    0        145   181        145      0         0                  0                 0                125            0      471       50      0                  7                   0                     0                   0           0
             0                 0          0       0          0             0     332951.600          14    85                       0                 0              0                0                0                    0        145   181        145      0         0                  0                 0                125            0      471       50      0                  7                   0                     0                   0           0
             0                 0          0       0          0             0     336518.600          14    86                       0                 0              0                0                0                    0        145   181        145      0         0                  0                 0                125            0      471       50      0                  7                   0                     0                   0           0
             0                 0          0       0          0             0     340085.600          14    87                       0                 0              0                0                0                    0        145   181        145      0         0                  0                 0                125            0      471       50      0                  7                   0                     0                   0           0
             0                 0          0       0          0             0     343652.600          14    88                       0                 0              0                0                0                    0        145   181        145      0         0                  0                 0                125            0      471       50      0                  7                   0                     0                   0           0
             0                 0          0       0          0             0     347219.600          14    89                       0                 0              0                0                0                    0        145   181        145      0         0                  0                 0                125            0      471       50      0                  7                   0                     0                   0           0
             0                 0          0       0          0             0     350786.600          14    90                       0                 0              0                0                0                    0        145   181        145      0         0                  0                 0                125            0      471       50      0                  7                   0                     0                   0           0
             0                 0          0       0          0             0     354353.600          14    91                       0                 0              0                0                0                    0        145   181        145      0         0                  0                 0                125            0      471       50      0                  7                   0                     0                   0           0
             0                 0          0       0          0             0     357920.600          14    92                       0                 0              0                0                0                    0        145   181        145      0         0                  0                 0                125            0      471       50      0                  7                   0                     0                   0           0
             0                 0          0       0          0             0     361487.600          14    93                       0                 0              0                0                0                    0        145   181        145      0         0                  0                 0                125            0      471       50      0                  7                   0                     0                   0           0
             0                 0          0       0          0             0     365054.600          14    94                       0                 0              0                0                0                    0        145   181        145      0         0                  0                 0                125            0      471       50      0                  7                   0                     0                   0           0
             0                 0          0       0          0             0     368621.600          14    95                       0                 0              0                0                0                    0        145   181        145      0         0                  0                 0                125            0      471       50      0                  7                   0                     0                   0           0
             0                 0          0       0          0             0     372188.600          14    96                       0                 0              0                0                0                    0        145   181        145      0         0                  0                 0                125            0      471       50      0                  7                   0                     0                   0           0
             0                 0          0       0          0             0     375755.600          14    97                       0                 0              0                0                0                    0        145   181        145      0         0                  0                 0                125            0      471       50      0                  7                   0                     0                   0           0
             0                 0          0       0          0             0     379322.600          14    98                       0                 0              0                0                0                    0        145   181        145      0         0                  0                 0                125            0      471       50      0                  7                   0                     0                   0           0
             0                 0          0       0          0             0     382889.600          14    99                       0                 0              0                0                0                    0        145   181        145      0         0                  0                 0                125            0      471       50      0                  7                   0                     0                   0           0
#pos runNum=0 0@(1.00000,1.00000)@0 1@(0.73696,0.93841)@614 2@(0.77492,1.08412)@554 3@(0.91753,1.04806)@768 4@(0.96692,0.91244)@548 5@(0.94689,0.95871)@512 6@(0.85737,1.13153)@1108 7@(0.66937,0.90505)@1168 8@(0.74440,1.07108)@1252 9@(0.74559,1.02447)@1638 10@(0.58915,1.03583)@1638 11@(0.70080,1.03716)@1722 12@(0.63008,1.05431)@1250 13@(0.98712,0.92597)@558 14@(1.06231,1.09965)@558 15@(0.78515,1.25859)@1112 16@(0.75466,0.98309)@1126 17@(0.90233,0.99413)@1239 18@(0.76758,0.99506)@1962 19@(0.79907,0.86826)@625 20@(0.89248,0.92771)@2046 21@(0.88154,0.74613)@1111 22@(0.95976,1.24694)@1733 23@(0.58570,0.98458)@1731 24@(0.45299,1.01822)@1793 25@(0.82027,1.03128)@1382 26@(0.51390,1.25908)@1961 27@(0.67843,1.29718)@1126 28@(0.64927,1.25659)@1410 29@(0.72871,1.20172)@1912 30@(0.73110,1.32573)@1492 31@(1.24182,0.95712)@731 32@(0.51605,1.12853)@1270 33@(1.07107,0.82742)@1418 34@(0.86062,0.88111)@568 35@(0.44355,1.00608)@2764 36@(0.81081,1.44349)@2474 37@(0.73042,1.37862)@1792 38@(0.88195,0.70259)@1792 39@(0.65536,1.37420)@1689 40@(0.78618,1.44775)@2662 41@(0.86815,1.39556)@1258 42@(1.07566,1.01164)@563 43@(0.34137,1.12865)@1857 44@(0.86389,1.29830)@1258 45@(0.72771,0.65730)@2192 46@(0.83705,1.42615)@2437 47@(0.90674,1.29764)@1450 48@(0.90976,0.98567)@1751 49@(0.59808,1.53504)@1689
#links runNum=0 19-21@-87dBm@0.942 1-10@-93dBm@0.553 0-14@-85dBm@0.960 1-33@-92dBm@0.691 13-19@-94dBm@0.402 10-32@-94dBm@0.421 37-39@-90dBm@0.864 19-30@-96dBm@0.163 15-30@-88dBm@0.933 2-20@-96dBm@0.188 12-34@-91dBm@0.755 1-13@-94dBm@0.389 4-7@-92dBm@0.688 15-24@-95dBm@0.249 26-29@-90dBm@0.862 0-27@-94dBm@0.448 3-36@-94dBm@0.349 9-48@-87dBm@0.941 21-32@-96dBm@0.175 6-12@-93dBm@0.639 11-22@-91dBm@0.750 10-15@-92dBm@0.702 3-25@-90dBm@0.807 27-47@-88dBm@0.905 2-27@-91dBm@0.726 8-49@-94dBm@0.443 2-25@-79dBm@0.998 3-38@-93dBm@0.549 19-25@-94dBm@0.452 41-46@-79dBm@0.996 8-29@-91dBm@0.750 27-49@-88dBm@0.904 25-39@-97dBm@0.041 23-45@-93dBm@0.653 3-17@-79dBm@1.000 4-14@-96dBm@0.164 7-12@-87dBm@0.939 22-31@-93dBm@0.532 1-17@-89dBm@0.888 6-20@-92dBm@0.697 37-41@-95dBm@0.199 7-23@-83dBm@0.976 15-16@-93dBm@0.543 20-22@-92dBm@0.687 2-39@-95dBm@0.220 10-27@-91dBm@0.784 5-21@-90dBm@0.819 2-46@-96dBm@0.077 26-44@-96dBm@0.187 11-33@-95dBm@0.264 0-34@-86dBm@0.956 3-44@-92dBm@0.689 4-13@-83dBm@0.974 25-48@-92dBm@0.692 7-9@-88dBm@0.919 12-23@-87dBm@0.941 46-49@-93dBm@0.557 19-34@-85dBm@0.959 22-46@-92dBm@0.705 8-34@-89dBm@0.880 7-24@-89dBm@0.869 30-41@-93dBm@0.534 29-31@-96dBm@0.141 22-47@-91dBm@0.740 27-44@-88dBm@0.930 22-42@-90dBm@0.850 8-11@-78dBm@1.000 2-37@-95dBm@0.294 13-45@-95dBm@0.223 12-43@-93dBm@0.653 5-31@-92dBm@0.677 2-18@-94dBm@0.476 9-10@-92dBm@0.682 1-28@-91dBm@0.745 10-42@-97dBm@0.014 30-39@-85dBm@0.960 18-35@-95dBm@0.273 8-36@-94dBm@0.346 6-33@-94dBm@0.406 3-4@-85dBm@0.960 41-44@-81dBm@0.988 18-21@-89dBm@0.866 9-12@-95dBm@0.281 36-46@-88dBm@0.937 10-13@-97dBm@0.073 16-19@-86dBm@0.950 6-26@-93dBm@0.659 15-22@-94dBm@0.425 24-35@-89dBm@0.896 1-9@-93dBm@0.584 11-48@-95dBm@0.214 24-43@-93dBm@0.531 2-9@-91dBm@0.770 37-43@-95dBm@0.200 31-42@-91dBm@0.801 6-21@-92dBm@0.667 7-13@-92dBm@0.690 17-25@-80dBm@0.990 11-34@-89dBm@0.869 39-41@-90dBm@0.858 6-8@-87dBm@0.946 5-12@-97dBm@0.045 20-21@-87dBm@0.949 1-22@-97dBm@0.057 37-49@-93dBm@0.550 17-35@-96dBm@0.104 6-47@-88dBm@0.937 11-44@-93dBm@0.645 12-39@-91dBm@0.741 29-36@-92dBm@0.668 28-29@-91dBm@0.721 5-13@-80dBm@0.991 5-14@-91dBm@0.788 19-24@-93dBm@0.616 8-20@-91dBm@0.740 12-38@-94dBm@0.345 1-15@-94dBm@0.364 12-26@-93dBm@0.594 8-28@-91dBm@0.792 2-15@-86dBm@0.954 21-34@-97dBm@0.050 15-48@-92dBm@0.704 11-20@-95dBm@0.307 28-32@-92dBm@0.682 9-38@-91dBm@0.736 4-8@-91dBm@0.739 26-30@-91dBm@0.744 6-30@-88dBm@0.917 1-2@-86dBm@0.957 2-41@-91dBm@0.781 2-16@-83dBm@0.978 1-23@-97dBm@0.023 5-42@-87dBm@0.941 15-44@-83dBm@0.974 0-46@-95dBm@0.292 2-7@-93dBm@0.658 22-29@-95dBm@0.304 1-5@-90dBm@0.863 6-15@-92dBm@0.716 0-3@-93dBm@0.658 10-23@-87dBm@0.943 36-37@-97dBm@0.025 26-32@-89dBm@0.882 4-6@-88dBm@0.934 13-14@-94dBm@0.473 27-28@-89dBm@0.868 26-49@-97dBm@0.034 5-47@-93dBm@0.524 14-22@-90dBm@0.864 3-16@-88dBm@0.933 19-48@-88dBm@0.937 38-48@-90dBm@0.838 29-37@-86dBm@0.950 6-29@-91dBm@0.751 12-35@-96dBm@0.124 4-19@-92dBm@0.675 1-47@-97dBm@0.025 10-19@-91dBm@0.761 30-37@-90dBm@0.807 17-34@-89dBm@0.867 3-6@-87dBm@0.948 2-10@-96dBm@0.178 2-6@-85dBm@0.960 4-21@-87dBm@0.949 16-20@-93dBm@0.527 2-3@-87dBm@0.948 31-33@-91dBm@0.746 16-47@-97dBm@0.040 7-16@-91dBm@0.760 15-47@-92dBm@0.693 10-12@-81dBm@0.985 26-38@-97dBm@0.025 13-47@-93dBm@0.655 0-19@-90dBm@0.864 4-5@-91dBm@0.737 15-26@-89dBm@0.887 42-44@-95dBm@0.215 18-45@-92dBm@0.682 9-16@-90dBm@0.816 11-12@-95dBm@0.298 30-36@-88dBm@0.936 26-27@-97dBm@0.007 21-45@-90dBm@0.834 3-48@-95dBm@0.260 2-28@-88dBm@0.907 11-32@-96dBm@0.084 3-37@-93dBm@0.577 7-15@-94dBm@0.462 19-22@-95dBm@0.275 14-25@-91dBm@0.735 7-19@-94dBm@0.408 7-18@-85dBm@0.964 24-25@-94dBm@0.404 23-48@-95dBm@0.230 10-30@-93dBm@0.645 33-38@-92dBm@0.698 24-27@-92dBm@0.681 0-31@-91dBm@0.778 6-34@-92dBm@0.699 0-13@-86dBm@0.953 25-27@-94dBm@0.430 6-22@-89dBm@0.881 9-35@-93dBm@0.583 18-19@-90dBm@0.818 40-46@-93dBm@0.605 22-44@-84dBm@0.971 6-10@-92dBm@0.717 23-47@-96dBm@0.154 27-39@-80dBm@0.995 11-42@-93dBm@0.549 34-44@-96dBm@0.138 10-18@-88dBm@0.925 6-44@-92dBm@0.693 1-16@-78dBm@1.000 19-42@-90dBm@0.859 19-20@-97dBm@0.016 30-40@-87dBm@0.939 1-3@-92dBm@0.679 23-40@-95dBm@0.229 0-5@-79dBm@1.000 11-18@-87dBm@0.947 19-33@-89dBm@0.872 11-24@-90dBm@0.833 1-25@-92dBm@0.713 17-18@-86dBm@0.954 13-42@-85dBm@0.960 3-5@-95dBm@0.258 15-40@-93dBm@0.591 36-40@-69dBm@1.000 0-2@-89dBm@0.900 0-42@-84dBm@0.969 12-37@-94dBm@0.327 17-20@-79dBm@0.999 21-38@-84dBm@0.972 2-32@-91dBm@0.720 0-1@-89dBm@0.869 36-39@-95dBm@0.305 1-7@-84dBm@0.974 26-35@-94dBm@0.406 0-4@-86dBm@0.959 6-11@-90dBm@0.861 25-37@-93dBm@0.522 24-28@-95dBm@0.287 9-32@-93dBm@0.625 30-49@-90dBm@0.864 29-46@-95dBm@0.225 9-11@-77dBm@1.000 8-37@-92dBm@0.679 5-23@-96dBm@0.175 23-32@-93dBm@0.647 25-49@-96dBm@0.157 2-44@-92dBm@0.705 5-27@-95dBm@0.275 32-43@-95dBm@0.306 2-23@-96dBm@0.154 4-30@-96dBm@0.092 5-41@-96dBm@0.183 27-48@-97dBm@0.049 2-30@-93dBm@0.600 5-36@-96dBm@0.187 7-45@-93dBm@0.543 25-36@-96dBm@0.182 10-40@-93dBm@0.534 5-15@-96dBm@0.129 8-35@-95dBm@0.224 18-47@-94dBm@0.394 9-17@-88dBm@0.918 41-49@-93dBm@0.610 3-34@-85dBm@0.961 17-48@-76dBm@1.000 25-33@-96dBm@0.166 21-31@-96dBm@0.162 10-49@-94dBm@0.336 30-32@-97dBm@0.003 6-14@-89dBm@0.869 2-4@-91dBm@0.720 22-36@-90dBm@0.837 5-8@-91dBm@0.773 14-47@-92dBm@0.669 28-35@-92dBm@0.672 27-43@-92dBm@0.712 0-30@-97dBm@0.041 27-30@-87dBm@0.939 6-32@-94dBm@0.509
#aveChargePerCycle runNum=0 0@401.56 1@308.30 2@444.58 3@214.90 4@214.97 5@272.27 6@325.00 7@155.28 8@152.02 9@51.58 10@50.41 11@7.39 12@27.22 13@85.38 14@26.82 15@132.04 16@31.81 17@26.82 18@27.22 19@126.09 20@2.59 21@50.68 22@51.58 23@1.30 24@30.57 25@27.22 26@1.30 27@95.40 28@55.34 29@26.70 30@102.51 31@26.58 32@50.02 33@1.30 34@79.54 35@2.59 36@1.94 37@1.30 38@1.30 39@1.30 40@1.30 41@51.85 42@52.10 43@1.94 44@2.93 45@1.94 46@1.30 47@1.30 48@1.30 49@20.73