## dioPeriod = 1.0
## burstTimestamp = 20
## minRssi = -97
## numMotes = 50
## otfHousekeepingPeriod = 1.0
## sixtopNoRemoveWorstCell = 0
## simDataDir = simData
## numChans = 16
## slotframeLength = 101
## squareSide = 2.0
## cpuID = 74
## sixtopPdrThreshold = 1.5
## pkPeriod = None
## sixtopHousekeepingPeriod = 1.0
## sixtopNoHousekeeping = 0
## algorithm = otf
## pkPeriodVar = 0.05
## numCyclesPerRun = 100
## startTime = 1502276471.31
## slotDuration = 0.01
## numRuns = 1
## combinationKeys = ['algorithm', 'numMotes', 'otfThreshold']
## numPacketsBurst = 5
## otfThreshold = 1
## noInterference = 0
## gui = False


# appGenerated appReachesDagroot appRelayed aveHops aveLatency aveQueueDelay chargeConsumed collidedTxs cycle droppedAppFailedEnqueue droppedMacRetries droppedNoRoute droppedNoTxCells droppedQueueFull effectiveCollidedTxs numRxCells numTx numTxCells otfAdd otfRemove probableCollisions rplChurnParentSet rplChurnPrefParent rplChurnRank rplRxDIO rplTxDIO runNum scheduleCollisions topRxRelocatedCells topTxRelocatedBundles topTxRelocatedCells txQueueFill
             0                 0          0       0          0             0              0           0     0                       0                 0              0                0                0                    0          0     0          0      0         0                  0                 0                  0            0        0        0      0                  0                   0                     0                   0           0
             0                 0          0       0          0             0       1426.800           2     1                       0                 0              0                0                0                    1        123     0        123    123         0                  0               156                 91            5      526       50      0                  1                   0                     0                   0           0
             0                 0          0       0          0             0       4723.200           6     2                       0                 0              0                0                0                    2        135     0        135     12         0                  0                 2                146            1      526       50      0                  3                   0                     0                   0           0
             0                 0          0       0          0             0       8044.200           6     3                       0                 0              0                0                0                    2        135     0        135      0         0                  0                 0                147            0      526       50      0                  3                   0                     0                   0           0
             0                 0          0       0          0             0      11365.200           6     4                       0                 0              0                0                0                    2        135     0        135      0         0                  0                 0                147            0      526       50      0                  3                   0                     0                   0           0
             0                 0          0       0          0             0      14686.200           6     5                       0                 0              0                0                0                    2        135     0        135      0         0                  0                 0                147            0      526       50      0                  3                   0                     0                   0           0
             0                 0          0       0          0             0      18007.200           6     6                       0                 0              0                0                0                    2        135     0        135      0         0                  0                 0                147            0      526       50      0                  3                   0                     0                   0           0
             0                 0          0       0          0             0      21328.200           6     7                       0                 0              0                0                0                    2        135     0        135      0         0                  0                 0                147            0      526       50      0                  3                   0                     0                   0           0
             0                 0          0       0          0             0      24649.200           6     8                       0                 0              0                0                0                    2        135     0        135      0         0                  0                 0                147            0      526       50      0                  3                   0                     0                   0           0
             0                 0          0       0          0             0      27970.200           6     9                       0                 0              0                0                0                    2        135     0        135      0         0                  0                 0                147            0      526       50      0                  3                   0                     0                   0           0
             0                 0          0       0          0             0      31291.200           6    10                       0                 0              0                0                0                    2        135     0        135      0         0                  0                 0                147            0      526       50      0                  3                   0                     0                   0           0
             0                 0          0       0          0             0      34612.200           6    11                       0                 0              0                0                0                    2        135     0        135      0         0                  0                 0                147            0      526       50      0                  3                   0                     0                   0           0
             0                 0          0       0          0             0      37933.200           6    12                       0                 0              0                0                0                    2        135     0        135      0         0                  0                 0                147            0      526       50      0                  3                   0                     0                   0           0
             0                 0          0       0          0             0      41254.200           6    13                       0                 0              0                0                0                    2        135     0        135      0         0                  0                 0                147            0      526       50      0                  3                   0                     0                   0           0
             0                 0          0       0          0             0      44575.200           6    14                       0                 0              0                0                0                    2        135     0        135      0         0                  0                 0                147            0      526       50      0                  3                   0                     0                   0           0
             0                 0          0       0          0             0      47896.200           6    15                       0                 0              0                0                0                    2        135     0        135      0         0                  0                 0                147            0      526       50      0                  3                   0                     0                   0           0
             0                 0          0       0          0             0      51217.200           6    16                       0                 0              0                0                0                    2        135     0        135      0         0                  0                 0                147            0      526       50      0                  3                   0                     0                   0           0
             0                 0          0       0          0             0      54538.200           6    17                       0                 0              0                0                0                    2        135     0        135      0         0                  0                 0                147            0      526       50      0                  3                   0                     0                   0           0
             0                 0          0       0          0             0      57859.200           6    18                       0                 0              0                0                0                    2        135     0        135      0         0                  0                 0                147            0      526       50      0                  3                   0                     0                   0           0
            49                 0         17       0          0       144.000      63495.340           6    19                       0                 0              0                0                0                    2        143    22        143      4         0                  0                 0                147            0      526       50      0                  3                   0                     0                   0          49
             0                25         54   2.040     78.000      1799.450      78577.260          22    20                       0                 0              0                0                0                    6        220   119        220     29         3                  1                 1                151            9      526       50      0                 11                   0                     0                   0          24
             0                21         10   3.333    158.429       505.940      87418.500          10    21                       0                 0              0                0                0                    3        168   129        168      5        25                  0                 6                143           46      526       50      0                  5                   3                     0                   0           3
             0                 3          3   4.000    246.667       379.500      92180.220           8    22                       0                 0              0                0                0                    3        155   120        155      4         6                  0                 1                128           30      526       50      0                  4                   0                     0                   0           0
             0                 0          0       0          0             0      95944.020           8    23                       0                 0              0                0                0                    3        151   114        151      0         2                  0                 2                136           23      526       50      0                  4                   0                     0                   0           0
             0                 0          0       0          0             0      99560.220           8    24                       0                 0              0                0                0                    3        147   107        147      0         2                  0                 0                134            0      526       50      0                  4                   0                     0                   0           0
             0                 0          0       0          0             0     103151.820           8    25                       0                 0              0                0                0                    3        145   103        145      0         1                  0                 0                134            8      526       50      0                  4                   0                     0                   0           0
             0                 0          0       0          0             0     106718.820           8    26                       0                 0              0                0                0                    3        145   103        145      0         0                  0                 0                134            0      526       50      0                  4                   0                     0                   0           0
             0                 0          0       0          0             0     110285.820           8    27                       0                 0              0                0                0                    3        145   103        145      0         0                  0                 0                134            0      526       50      0                  4                   0                     0                   0           0
             0                 0          0       0          0             0     113852.820           8    28                       0                 0              0                0                0                    3        145   103        145      0         0                  0                 0                134            0      526       50      0                  4                   0                     0                   0           0
             0                 0          0       0          0             0     117419.820           8    29                       0                 0              0                0                0                    3        145   103        145      0         0                  0                 0                134            0      526       50      0                  4                   0                     0                   0           0
             0                 0          0       0          0             0     120986.820           8    30                       0                 0              0                0                0                    3        145   103        145      0         0                  0                 0                134            0      526       50      0                  4                   0                     0                   0           0
             0                 0          0       0          0             0     124553.820           8    31                       0                 0              0                0                0                    3        145   103        145      0         0                  0                 0                134            0      526       50      0                  4                   0                     0                   0           0
             0                 0          0       0          0             0     128120.820           8    32                       0                 0              0                0                0                    3        145   103        145      0         0                  0                 0                134            0      526       50      0                  4                   0                     0                   0           0
             0                 0          0       0          0             0     131687.820           8    33                       0                 0              0                0                0                    3        145   103        145      0         0                  0                 0                134            0      526       50      0                  4                   0                     0                   0           0
             0                 0          0       0          0             0     135254.820           8    34                       0                 0              0                0                0                    3        145   103        145      0         0                  0                 0                134            0      526       50      0                  4                   0                     0                   0           0
             0                 0          0       0          0             0     138821.820           8    35                       0                 0              0                0                0                    3        145   103        145      0         0                  0                 0                134            0      526       50      0                  4                   0                     0                   0           0
             0                 0          0       0          0             0     142388.820           8    36                       0                 0              0                0                0                    3        145   103        145      0         0                  0                 0                134            0      526       50      0                  4                   0                     0                   0           0
             0                 0          0       0          0             0     145955.820           8    37                       0                 0              0                0                0                    3        145   103        145      0         0                  0                 0                134            0      526       50      0                  4                   0                     0                   0           0
             0                 0          0       0          0             0     149522.820           8    38                       0                 0              0                0                0                    3        145   103        145      0         0                  0                 0                134            0      526       50      0                  4                   0                     0                   0           0
             0                 0          0       0          0             0     153089.820           8    39                       0                 0              0                0                0                    3        145   103        145      0         0                  0                 0                134            0      526       50      0                  4                   0                     0                   0           0
             0                 0          0       0          0             0     156656.820           8    40                       0                 0              0                0                0                    3        145   103        145      0         0                  0                 0                134            0      526       50      0                  4                   0                     0                   0           0
             0                 0          0       0          0             0     160223.820           8    41                       0                 0              0                0                0                    3        145   103        145      0         0                  0                 0                134            0      526       50      0                  4                   0                     0                   0           0
             0                 0          0       0          0             0     163790.820           8    42                       0                 0              0                0                0                    3        145   103        145      0         0                  0                 0                134            0      526       50      0                  4                   0                     0                   0           0
             0                 0          0       0          0             0     167357.820           8    43                       0                 0              0                0                0                    3        145   103        145      0         0                  0                 0                134            0      526       50      0                  4                   0                     0                   0           0
             0                 0          0       0          0             0     170924.820           8    44                       0                 0              0                0                0                    3        145   103        145      0         0                  0                 0                134            0      526       50      0                  4                   0                     0                   0           0
             0                 0          0       0          0             0     174491.820           8    45                       0                 0              0                0                0                    3        145   103        145      0         0                  0                 0                134            0      526       50      0                  4                   0                     0                   0           0
             0                 0          0       0          0             0     178058.820           8    46                       0                 0              0                0                0                    3        145   103        145      0         0                  0                 0                134            0      526       50      0                  4                   0                     0                   0           0
             0                 0          0       0          0             0     181625.820           8    47                       0                 0              0                0                0                    3        145   103        145      0         0                  0                 0                134            0      526       50      0                  4                   0                     0                   0           0
             0                 0          0       0          0             0     185192.820           8    48                       0                 0              0                0                0                    3        145   103        145      0         0                  0                 0                134            0      526       50      0                  4                   0                     0                   0           0
             0                 0          0       0          0             0     188759.820           8    49                       0                 0              0                0                0                    3        145   103        145      0         0                  0                 0                134            0      526       50      0                  4                   0                     0                   0           0
             0                 0          0       0          0             0     192326.820           8    50                       0                 0              0                0                0                    3        145   103        145      0         0                  0                 0                134            0      526       50      0                  4                   0                     0                   0           0
             0                 0          0       0          0             0     195893.820           8    51                       0                 0              0                0                0                    3        145   103        145      0         0                  0                 0                134            0      526       50      0                  4                   0                     0                   0           0
             0                 0          0       0          0             0     199460.820           8    52                       0                 0              0                0                0                    3        145   103        145      0         0                  0                 0                134            0      526       50      0                  4                   0                     0                   0           0
             0                 0          0       0          0             0     203027.820           8    53                       0                 0              0                0                0                    3        145   103        145      0         0                  0                 0                134            0      526       50      0                  4                   0                     0                   0           0
             0                 0          0       0          0             0     206594.820           8    54                       0                 0              0                0                0                    3        145   103        145      0         0                  0                 0                134            0      526       50      0                  4                   0                     0                   0           0
             0                 0          0       0          0             0     210161.820           8    55                       0                 0              0                0                0                    3        145   103        145      0         0                  0                 0                134            0      526       50      0                  4                   0                     0                   0           0
             0                 0          0       0          0             0     213728.820           8    56                       0                 0              0                0                0                    3        145   103        145      0         0                  0                 0                134            0      526       50      0                  4                   0                     0                   0           0
             0                 0          0       0          0             0     217295.820           8    57                       0                 0              0                0                0                    3        145   103        145      0         0                  0                 0                134            0      526       50      0                  4                   0                     0                   0           0
             0                 0          0       0          0             0     220862.820           8    58                       0                 0              0                0                0                    3        145   103        145      0         0                  0                 0                134            0      526       50      0                  4                   0                     0                   0           0
            49                 7         47   1.714     36.714      1066.500     231679.740          14    59                       0                 0              0                0                0                    5        178   169        178     14         0                  1                 0                134            0      526       50      0                  7                   0                     0                   0          42
             0                26         28   2.308    103.692      1426.500     243259.260          14    60                       0                 0              0                0                0                    6        167   216        167      7        11                  0                 3                134           38      526       50      0                  7                   0                     0                   0          16
             0                15          4   3.400    203.200       305.048     249688.800          12    61                       0                 0              0                0                0                    4        163   230        163      4         4                  0                 3                131           36      526       50      0                  6                   2                     0                   0           1
             0                 1          0   5.000    265.000        53.000     253618.920          10    62                       0                 0              0                0                0                    3        151   208        151      0         5                  0                 0                132           22      526       50      0                  5                   0                     0                   0           0
             0                 0          0       0          0             0     257333.520          10    63                       0                 0              0                0                0                    3        151   208        151      0         0                  0                 0                126           22      526       50      0                  5                   0                     0                   0           0
             0                 0          0       0          0             0     260974.320          10    64                       0                 0              0                0                0                    3        147   199        147      0         2                  0                 0                126            0      526       50      0                  5                   0                     0                   0           0
             0                 0          0       0          0             0     264590.520          10    65                       0                 0              0                0                0                    3        147   199        147      0         0                  0                 0                126            2      526       50      0                  5                   0                     0                   0           0
             0                 0          0       0          0             0     268206.720          10    66                       0                 0              0                0                0                    3        147   199        147      0         0                  0                 0                126            0      526       50      0                  5                   0                     0                   0           0
             0                 0          0       0          0             0     271822.920          10    67                       0                 0              0                0                0                    3        147   199        147      0         0                  0                 0                126            0      526       50      0                  5                   0                     0                   0           0
             0                 0          0       0          0             0     275439.120          10    68                       0                 0              0                0                0                    3        147   199        147      0         0                  0                 0                126            0      526       50      0                  5                   0                     0                   0           0
             0                 0          0       0          0             0     279055.320          10    69                       0                 0              0                0                0                    3        147   199        147      0         0                  0                 0                126            0      526       50      0                  5                   0                     0                   0           0
             0                 0          0       0          0             0     282671.520          10    70                       0                 0              0                0                0                    3        147   199        147      0         0                  0                 0                126            0      526       50      0                  5                   0                     0                   0           0
             0                 0          0       0          0             0     286287.720          10    71                       0                 0              0                0                0                    3        147   199        147      0         0                  0                 0                126            0      526       50      0                  5                   0                     0                   0           0
             0                 0          0       0          0             0     289903.920          10    72                       0                 0              0                0                0                    3        147   199        147      0         0                  0                 0                126            0      526       50      0                  5                   0                     0                   0           0
             0                 0          0       0          0             0     293520.120          10    73                       0                 0              0                0                0                    3        147   199        147      0         0                  0                 0                126            0      526       50      0                  5                   0                     0                   0           0
             0                 0          0       0          0             0     297136.320          10    74                       0                 0              0                0                0                    3        147   199        147      0         0                  0                 0                126            0      526       50      0                  5                   0                     0                   0           0
             0                 0          0       0          0             0     300752.520          10    75                       0                 0              0                0                0                    3        147   199        147      0         0                  0                 0                126            0      526       50      0                  5                   0                     0                   0           0
             0                 0          0       0          0             0     304368.720          10    76                       0                 0              0                0                0                    3        147   199        147      0         0                  0                 0                126            0      526       50      0                  5                   0                     0                   0           0
             0                 0          0       0          0             0     307984.920          10    77                       0                 0              0                0                0                    3        147   199        147      0         0                  0                 0                126            0      526       50      0                  5                   0                     0                   0           0
             0                 0          0       0          0             0     311601.120          10    78                       0                 0              0                0                0                    3        147   199        147      0         0                  0                 0                126            0      526       50      0                  5                   0                     0                   0           0
             0                 0          0       0          0             0     315217.320          10    79                       0                 0              0                0                0                    3        147   199        147      0         0                  0                 0                126            0      526       50      0                  5                   0                     0                   0           0
             0                 0          0       0          0             0     318833.520          10    80                       0                 0              0                0                0                    3        147   199        147      0         0                  0                 0                126            0      526       50      0                  5                   0                     0                   0           0
             0                 0          0       0          0             0     322449.720          10    81                       0                 0              0                0                0                    3        147   199        147      0         0                  0                 0                126            0      526       50      0                  5                   0                     0                   0           0
             0                 0          0       0          0             0     326065.920          10    82                       0                 0              0                0                0                    3        147   199        147      0         0                  0                 0                126            0      526       50      0                  5                   0                     0                   0           0
             0                 0          0       0          0             0     329682.120          10    83                       0                 0              0                0                0                    3        147   199        147      0         0                  0                 0                126            0      526       50      0                  5                   0                     0                   0           0
             0                 0          0       0          0             0     333298.320          10    84                       0                 0              0                0                0                    3        147   199        147      0         0                  0                 0                126            0      526       50      0                  5                   0                     0                   0           0
             0                 0          0       0          0             0     336914.520          10    85                       0                 0              0                0                0                    3        147   199        147      0         0                  0                 0                126            0      526       50      0                  5                   0                     0                   0           0
             0                 0          0       0          0             0     340530.720          10    86                       0                 0              0                0                0                    3        147   199        147      0         0                  0                 0                126            0      526       50      0                  5                   0                     0                   0           0
             0                 0          0       0          0             0     344146.920          10    87                       0                 0              0                0                0                    3        147   199        147      0         0                  0                 0                126            0      526       50      0                  5                   0                     0                   0           0
             0                 0          0       0          0             0     347763.120          10    88                       0                 0              0                0                0                    3        147   199        147      0         0                  0                 0                126            0      526       50      0                  5                   0                     0                   0           0
             0                 0          0       0          0             0     351379.320          10    89                       0                 0              0                0                0                    3        147   199        147      0         0                  0                 0                126            0      526       50      0                  5                   0                     0                   0           0
             0                 0          0       0          0             0     354995.520          10    90                       0                 0              0                0                0                    3        147   199        147      0         0                  0                 0                126            0      526       50      0                  5                   0                     0                   0           0
             0                 0          0       0          0             0     358611.720          10    91                       0                 0              0                0                0                    3        147   199        147      0         0                  0                 0                126            0      526       50      0                  5                   0                     0                   0           0
             0                 0          0       0          0             0     362227.920          10    92                       0                 0              0                0                0                    3        147   199        147      0         0                  0                 0                126            0      526       50      0                  5                   0                     0                   0           0
             0                 0          0       0          0             0     365844.120          10    93                       0                 0              0                0                0                    3        147   199        147      0         0                  0                 0                126            0      526       50      0                  5                   0                     0                   0           0
             0                 0          0       0          0             0     369460.320          10    94                       0                 0              0                0                0                    3        147   199        147      0         0                  0                 0                126            0      526       50      0                  5                   0                     0                   0           0
             0                 0          0       0          0             0     373076.520          10    95                       0                 0              0                0                0                    3        147   199        147      0         0                  0                 0                126            0      526       50      0                  5                   0                     0                   0           0
             0                 0          0       0          0             0     376692.720          10    96                       0                 0              0                0                0                    3        147   199        147      0         0                  0                 0                126            0      526       50      0                  5                   0                     0                   0           0
             0                 0          0       0          0             0     380308.920          10    97                       0                 0              0                0                0                    3        147   199        147      0         0                  0                 0                126            0      526       50      0                  5                   0                     0                   0           0
             0                 0          0       0          0             0     383925.120          10    98                       0                 0              0                0                0                    3        147   199        147      0         0                  0                 0                126            0      526       50      0                  5                   0                     0                   0           0
             0                 0          0       0          0             0     387541.320          10    99                       0                 0              0                0                0                    3        147   199        147      0         0                  0                 0                126            0      526       50      0                  5                   0                     0                   0           0
#pos runNum=0 0@(1.00000,1.00000)@0 1@(1.23907,1.21923)@698 2@(1.06558,1.30628)@739 3@(1.30754,1.21249)@804 4@(1.21237,1.11848)@580 5@(1.18884,1.11836)@1312 6@(1.18219,1.05391)@1323 7@(1.31177,1.00742)@1303 8@(1.21693,0.82138)@1284 9@(1.14627,1.04007)@739 10@(1.22246,1.16906)@1349 11@(1.37446,1.23890)@1604 12@(1.43486,1.29633)@1636 13@(1.37977,1.15376)@1367 14@(1.19562,1.00300)@551 15@(1.12576,1.10247)@1080 16@(1.17413,1.07678)@1880 17@(1.21150,0.92839)@1137 18@(0.98865,1.14026)@1302 19@(1.03801,1.02264)@512 20@(1.01498,0.87418)@1824 21@(1.15769,1.09908)@1138 22@(1.30051,1.18818)@1489 23@(1.16217,0.85343)@1796 24@(1.39710,1.09337)@1543 25@(1.04532,0.98935)@950 26@(1.20163,1.11489)@1508 27@(1.51699,1.32823)@2262 28@(1.40553,1.06066)@1372 29@(1.34255,0.75537)@1280 30@(1.00391,0.97591)@625 31@(1.09207,0.82218)@1948 32@(1.14692,1.22997)@1302 33@(0.97694,1.20732)@1470 34@(1.01673,1.21269)@1302 35@(1.24602,1.09298)@1024 36@(1.50197,1.04935)@2116 37@(0.98012,1.24586)@1763 38@(1.28692,0.83497)@1948 39@(1.24524,0.79114)@1796 40@(1.35884,1.26111)@1372 41@(1.12512,1.18566)@1380 42@(1.39319,1.34879)@1362 43@(0.98226,1.06497)@1070 44@(1.44948,1.16623)@1828 45@(1.09770,1.00687)@554 46@(1.09683,1.23573)@1907 47@(1.27095,0.88767)@1706 48@(0.97153,1.08496)@554 49@(0.87593,0.86863)@1280
#links runNum=0 15-19@-84dBm@0.973 1-10@-91dBm@0.756 10-19@-91dBm@0.734 0-14@-87dBm@0.941 39-47@-96dBm@0.113 3-40@-80dBm@0.988 6-41@-83dBm@0.974 4-11@-93dBm@0.527 31-47@-87dBm@0.939 1-20@-94dBm@0.454 6-25@-93dBm@0.651 37-43@-91dBm@0.749 4-13@-85dBm@0.963 27-44@-88dBm@0.937 17-19@-89dBm@0.867 28-39@-94dBm@0.380 13-28@-91dBm@0.745 11-27@-97dBm@0.065 5-20@-92dBm@0.677 6-19@-85dBm@0.965 25-39@-96dBm@0.186 5-27@-92dBm@0.680 27-46@-94dBm@0.501 25-30@-74dBm@1.000 2-48@-94dBm@0.357 9-41@-96dBm@0.139 9-18@-91dBm@0.758 17-47@-95dBm@0.271 14-29@-92dBm@0.692 20-25@-86dBm@0.958 2-14@-92dBm@0.695 40-42@-85dBm@0.966 22-43@-93dBm@0.647 0-25@-92dBm@0.692 22-36@-88dBm@0.934 9-40@-93dBm@0.658 15-37@-88dBm@0.911 19-34@-86dBm@0.952 16-46@-93dBm@0.627 10-44@-93dBm@0.632 6-8@-88dBm@0.935 10-16@-95dBm@0.217 6-7@-87dBm@0.941 13-19@-94dBm@0.490 18-39@-94dBm@0.507 3-44@-93dBm@0.596 9-45@-96dBm@0.157 10-12@-95dBm@0.265 0-48@-79dBm@0.998 5-11@-91dBm@0.747 5-25@-94dBm@0.488 41-47@-95dBm@0.231 10-26@-77dBm@1.000 23-47@-90dBm@0.846 20-49@-84dBm@0.974 45-47@-91dBm@0.784 12-40@-94dBm@0.369 6-22@-92dBm@0.672 1-29@-95dBm@0.203 34-42@-94dBm@0.468 22-34@-96dBm@0.150 26-45@-94dBm@0.508 11-22@-82dBm@0.985 3-26@-92dBm@0.702 13-46@-90dBm@0.861 1-4@-83dBm@0.978 25-31@-95dBm@0.244 3-13@-84dBm@0.974 18-19@-87dBm@0.938 7-32@-96dBm@0.136 11-28@-87dBm@0.938 16-21@-81dBm@0.985 4-9@-90dBm@0.863 3-10@-82dBm@0.985 7-21@-95dBm@0.194 28-46@-94dBm@0.347 2-37@-93dBm@0.591 7-11@-93dBm@0.536 37-46@-94dBm@0.417 5-31@-94dBm@0.444 24-38@-93dBm@0.652 30-43@-82dBm@0.984 4-25@-94dBm@0.442 3-32@-90dBm@0.862 0-2@-92dBm@0.687 13-24@-76dBm@1.000 25-49@-93dBm@0.624 9-20@-93dBm@0.661 3-4@-89dBm@0.898 6-17@-96dBm@0.144 45-46@-92dBm@0.715 5-17@-88dBm@0.934 17-42@-97dBm@0.014 13-44@-95dBm@0.205 11-12@-80dBm@0.992 16-19@-96dBm@0.134 33-47@-94dBm@0.325 7-20@-90dBm@0.816 27-28@-89dBm@0.867 17-36@-92dBm@0.705 17-29@-93dBm@0.644 37-48@-93dBm@0.657 5-37@-95dBm@0.233 13-22@-81dBm@0.985 9-38@-89dBm@0.892 21-47@-97dBm@0.045 5-33@-96dBm@0.089 6-21@-93dBm@0.527 26-48@-91dBm@0.762 7-13@-85dBm@0.960 9-47@-93dBm@0.597 6-14@-84dBm@0.971 4-14@-83dBm@0.974 12-25@-96dBm@0.158 12-14@-94dBm@0.354 37-40@-95dBm@0.263 32-46@-77dBm@1.000 10-41@-89dBm@0.868 10-46@-85dBm@0.961 43-48@-68dBm@1.000 25-34@-95dBm@0.267 19-49@-93dBm@0.653 16-43@-91dBm@0.742 5-14@-89dBm@0.868 13-42@-89dBm@0.867 39-48@-94dBm@0.372 17-43@-90dBm@0.861 19-43@-86dBm@0.957 0-9@-93dBm@0.658 28-47@-96dBm@0.143 14-28@-93dBm@0.523 10-48@-94dBm@0.366 3-43@-96dBm@0.163 5-16@-86dBm@0.954 8-39@-76dBm@1.000 7-24@-90dBm@0.861 2-41@-97dBm@0.074 0-39@-96dBm@0.119 28-31@-92dBm@0.684 1-2@-91dBm@0.739 34-44@-93dBm@0.641 2-24@-93dBm@0.661 7-8@-91dBm@0.728 12-27@-83dBm@0.977 14-45@-84dBm@0.969 2-35@-94dBm@0.517 44-46@-94dBm@0.406 4-32@-89dBm@0.867 0-1@-91dBm@0.733 19-25@-81dBm@0.988 1-5@-89dBm@0.869 33-44@-96dBm@0.083 21-28@-93dBm@0.572 0-3@-92dBm@0.689 17-35@-97dBm@0.011 32-43@-95dBm@0.213 5-7@-91dBm@0.722 6-48@-93dBm@0.647 35-46@-94dBm@0.368 13-14@-93dBm@0.646 31-49@-90dBm@0.808 14-22@-93dBm@0.654 35-39@-93dBm@0.624 3-24@-97dBm@0.049 3-29@-94dBm@0.457 7-41@-96dBm@0.167 8-18@-93dBm@0.661 6-20@-95dBm@0.216 5-10@-76dBm@1.000 28-36@-87dBm@0.942 6-40@-89dBm@0.878 5-24@-90dBm@0.862 9-30@-91dBm@0.761 40-44@-82dBm@0.980 30-45@-81dBm@0.985 0-26@-96dBm@0.153 30-33@-93dBm@0.635 2-18@-88dBm@0.935 16-18@-90dBm@0.810 2-3@-89dBm@0.869 21-23@-89dBm@0.866 26-35@-78dBm@1.000 19-29@-93dBm@0.633 7-16@-91dBm@0.727 12-32@-91dBm@0.745 14-40@-96dBm@0.157 32-35@-88dBm@0.936 7-15@-90dBm@0.865 10-47@-95dBm@0.309 4-8@-91dBm@0.762 8-31@-92dBm@0.708 4-5@-74dBm@1.000 26-30@-89dBm@0.875 24-28@-96dBm@0.189 14-15@-90dBm@0.817 21-30@-94dBm@0.328 24-42@-92dBm@0.677 17-22@-93dBm@0.653 6-31@-90dBm@0.861 43-46@-92dBm@0.708 2-34@-88dBm@0.936 5-6@-93dBm@0.651 10-27@-92dBm@0.666 0-35@-93dBm@0.525 16-38@-96dBm@0.149 3-28@-87dBm@0.947 19-26@-86dBm@0.958 20-43@-94dBm@0.339 18-28@-94dBm@0.506 30-34@-90dBm@0.808 33-43@-85dBm@0.964 33-37@-88dBm@0.904 14-44@-92dBm@0.677 13-35@-93dBm@0.658 37-45@-95dBm@0.192 13-36@-92dBm@0.689 22-32@-94dBm@0.496 5-35@-88dBm@0.936 38-39@-76dBm@1.000 24-26@-87dBm@0.948 26-34@-89dBm@0.885 6-38@-89dBm@0.868 0-13@-97dBm@0.040 7-26@-91dBm@0.802 0-47@-94dBm@0.328 8-23@-76dBm@1.000 3-42@-86dBm@0.953 5-26@-89dBm@0.868 26-49@-94dBm@0.323 4-26@-85dBm@0.966 35-41@-87dBm@0.944 8-19@-90dBm@0.845 1-14@-93dBm@0.639 28-40@-91dBm@0.797 15-48@-88dBm@0.934 0-33@-95dBm@0.254 9-33@-91dBm@0.759 1-12@-93dBm@0.645 21-45@-95dBm@0.219 16-34@-95dBm@0.319 1-3@-80dBm@0.995 4-31@-95dBm@0.212 21-36@-92dBm@0.676 13-43@-94dBm@0.328 15-49@-96dBm@0.179 19-33@-89dBm@0.866 8-13@-94dBm@0.429 45-48@-94dBm@0.451 7-31@-94dBm@0.455 16-32@-88dBm@0.933 27-32@-95dBm@0.206 18-48@-75dBm@1.000 0-19@-78dBm@1.000 11-24@-95dBm@0.232 0-45@-84dBm@0.973 21-41@-95dBm@0.242 5-32@-95dBm@0.319 25-41@-89dBm@0.869 1-19@-95dBm@0.195 17-41@-95dBm@0.279 0-4@-90dBm@0.852 2-28@-95dBm@0.229 4-21@-82dBm@0.985 9-34@-96dBm@0.146 2-32@-84dBm@0.974 12-13@-93dBm@0.631 16-49@-97dBm@0.074 3-31@-96dBm@0.154 33-40@-93dBm@0.645 1-7@-89dBm@0.865 6-35@-78dBm@1.000 10-15@-90dBm@0.822 30-48@-96dBm@0.175 5-9@-81dBm@0.987 8-40@-94dBm@0.465 6-16@-86dBm@0.952 23-31@-97dBm@0.075 16-25@-87dBm@0.938 43-47@-92dBm@0.681 8-37@-97dBm@0.024 1-41@-89dBm@0.870 33-48@-84dBm@0.974 18-34@-95dBm@0.227 4-10@-95dBm@0.242 9-23@-94dBm@0.461 9-48@-86dBm@0.949 8-17@-89dBm@0.870 12-44@-91dBm@0.779 13-17@-92dBm@0.713 41-43@-86dBm@0.950 12-26@-90dBm@0.845 34-49@-95dBm@0.308 9-27@-95dBm@0.309 32-42@-89dBm@0.869 38-47@-95dBm@0.207 16-35@-95dBm@0.204 4-6@-85dBm@0.960 6-9@-89dBm@0.876 2-5@-91dBm@0.783 19-48@-89dBm@0.873 42-46@-91dBm@0.791 10-23@-92dBm@0.688 5-15@-77dBm@1.000 6-46@-93dBm@0.624 7-42@-92dBm@0.711 16-23@-87dBm@0.940 1-6@-90dBm@0.863 13-30@-97dBm@0.048 19-30@-78dBm@1.000 13-25@-94dBm@0.346 8-26@-96dBm@0.155 3-12@-84dBm@0.974 32-41@-80dBm@0.989 4-35@-80dBm@0.988 17-40@-94dBm@0.329 5-36@-91dBm@0.736 19-45@-89dBm@0.868 0-30@-89dBm@0.894 16-45@-94dBm@0.340
#aveChargePerCycle runNum=0 0@476.59 1@251.92 2@183.89 3@252.86 4@345.06 5@156.20 6@131.18 7@156.44 8@70.80 9@203.80 10@104.08 11@2.59 12@2.59 13@74.11 14@304.74 15@27.31 16@1.30 17@51.85 18@26.58 19@370.61 20@1.30 21@29.41 22@1.94 23@2.59 24@25.40 25@76.33 26@1.30 27@6.48 28@1.94 29@1.30 30@172.96 31@2.59 32@20.48 33@27.87 34@1.94 35@52.63 36@1.94 37@1.30 38@1.30 39@1.30 40@1.30 41@2.59 42@1.30 43@104.48 44@1.30 45@53.52 46@1.30 47@3.24 48@57.28 49@22.80