## dioPeriod = 1.0
## burstTimestamp = 20
## minRssi = -97
## numMotes = 50
## otfHousekeepingPeriod = 1.0
## sixtopNoRemoveWorstCell = 0
## simDataDir = simData
## numChans = 16
## slotframeLength = 101
## squareSide = 2.0
## cpuID = 35
## sixtopPdrThreshold = 1.5
## pkPeriod = None
## sixtopHousekeepingPeriod = 1.0
## sixtopNoHousekeeping = 0
## algorithm = otf
## pkPeriodVar = 0.05
## numCyclesPerRun = 100
## startTime = 1502276471.26
## slotDuration = 0.01
## numRuns = 1
## combinationKeys = ['algorithm', 'numMotes', 'otfThreshold']
## numPacketsBurst = 5
## otfThreshold = 1
## noInterference = 0
## gui = False


# appGenerated appReachesDagroot appRelayed aveHops aveLatency aveQueueDelay chargeConsumed collidedTxs cycle droppedAppFailedEnqueue droppedMacRetries droppedNoRoute droppedNoTxCells droppedQueueFull effectiveCollidedTxs numRxCells numTx numTxCells otfAdd otfRemove probableCollisions rplChurnParentSet rplChurnPrefParent rplChurnRank rplRxDIO rplTxDIO runNum scheduleCollisions topRxRelocatedCells topTxRelocatedBundles topTxRelocatedCells txQueueFill
             0                 0          0       0          0             0              0           0     0                       0                 0              0                0                0                    0          0     0          0      0         0                  0                 0                  0            0        0        0      0                  0                   0                     0                   0           0
             0                 0          0       0          0             0       1254.600           2     1                       0                 0              0                0                0                    0         96     0         96     96         0                  0               129                 91            5      485       50      0                  1                   0                     0                   0           0
             0                 0          0       0          0             0       4255.800           4     2                       0                 0              0                0                0                    0        122     0        122     26         0                  0                 0                132            0      485       50      0                  2                   0                     0                   0           0
             0                 0          0       0          0             0       7257.000           4     3                       0                 0              0                0                0                    0        122     0        122      0         0                  0                 0                132            0      485       50      0                  2                   0                     0                   0           0
             0                 0          0       0          0             0      10258.200           4     4                       0                 0              0                0                0                    0        122     0        122      0         0                  0                 0                132            0      485       50      0                  2                   0                     0                   0           0
             0                 0          0       0          0             0      13259.400           4     5                       0                 0              0                0                0                    0        122     0        122      0         0                  0                 0                132            0      485       50      0                  2                   0                     0                   0           0
             0                 0          0       0          0             0      16260.600           4     6                       0                 0              0                0                0                    0        122     0        122      0         0                  0                 0                132            0      485       50      0                  2                   0                     0                   0           0
             0                 0          0       0          0             0      19261.800           4     7                       0                 0              0                0                0                    0        122     0        122      0         0                  0                 0                132            0      485       50      0                  2                   0                     0                   0           0
             0                 0          0       0          0             0      22263.000           4     8                       0                 0              0                0                0                    0        122     0        122      0         0                  0                 0                132            0      485       50      0                  2                   0                     0                   0           0
             0                 0          0       0          0             0      25264.200           4     9                       0                 0              0                0                0                    0        122     0        122      0         0                  0                 0                132            0      485       50      0                  2                   0                     0                   0           0
             0                 0          0       0          0             0      28265.400           4    10                       0                 0              0                0                0                    0        122     0        122      0         0                  0                 0                132            0      485       50      0                  2                   0                     0                   0           0
             0                 0          0       0          0             0      31266.600           4    11                       0                 0              0                0                0                    0        122     0        122      0         0                  0                 0                132            0      485       50      0                  2                   0                     0                   0           0
             0                 0          0       0          0             0      34267.800           4    12                       0                 0              0                0                0                    0        122     0        122      0         0                  0                 0                132            0      485       50      0                  2                   0                     0                   0           0
             0                 0          0       0          0             0      37269.000           4    13                       0                 0              0                0                0                    0        122     0        122      0         0                  0                 0                132            0      485       50      0                  2                   0                     0                   0           0
             0                 0          0       0          0             0      40270.200           4    14                       0                 0              0                0                0                    0        122     0        122      0         0                  0                 0                132            0      485       50      0                  2                   0                     0                   0           0
             0                 0          0       0          0             0      43271.400           4    15                       0                 0              0                0                0                    0        122     0        122      0         0                  0                 0                132            0      485       50      0                  2                   0                     0                   0           0
             0                 0          0       0          0             0      46272.600           4    16                       0                 0              0                0                0                    0        122     0        122      0         0                  0                 0                132            0      485       50      0                  2                   0                     0                   0           0
             0                 0          0       0          0             0      49273.800           4    17                       0                 0              0                0                0                    0        122     0        122      0         0                  0                 0                132            0      485       50      0                  2                   0                     0                   0           0
             0                 0          0       0          0             0      52275.000           4    18                       0                 0              0                0                0                    0        122     0        122      0         0                  0                 0                132            0      485       50      0                  2                   0                     0                   0           0
            49                 0         12       0          0       125.000      57289.620           8    19                       0                 0              0                0                0                    0        132    21        132      4         0                  0                 0                132            0      485       50      0                  4                   0                     0                   0          49
             0                28         35   1.643     76.214      1861.090      69533.920          22    20                       0                 0              0                0                0                    3        203   100        203     27         2                  0                 5                129           16      485       50      0                 11                   0                     0                   0          21
             0                19          9   2.737    153.474       644.683      77802.400          12    21                       0                 0              0                0                0                    2        156   105        156      8        20                  0                 9                148           48      485       50      0                  6                   0                     0                   0           2
             0                 2          0   3.500    255.500       160.000      81798.100           8    22                       0                 0              0                0                0                    2        141    89        141      7         7                  0                 7                135           46      485       50      0                  4                   0                     0                   0           0
             0                 0          0       0          0             0      85192.900           6    23                       0                 0              0                0                0                    1        139    86        139      2         1                  0                 2                130           20      485       50      0                  3                   0                     0                   0           0
             0                 0          0       0          0             0      88612.300           4    24                       0                 0              0                0                0                    1        136    77        136      1         2                  0                 1                130            8      485       50      0                  2                   0                     0                   0           0
             0                 0          0       0          0             0      91933.300           4    25                       0                 0              0                0                0                    1        135    77        135      0         0                  0                 1                130            2      485       50      0                  2                   0                     0                   0           0
             0                 0          0       0          0             0      95254.300           4    26                       0                 0              0                0                0                    1        135    77        135      0         0                  0                 0                130            0      485       50      0                  2                   0                     0                   0           0
             0                 0          0       0          0             0      98575.300           4    27                       0                 0              0                0                0                    1        135    77        135      0         0                  0                 0                130            0      485       50      0                  2                   0                     0                   0           0
             0                 0          0       0          0             0     101896.300           4    28                       0                 0              0                0                0                    1        135    77        135      0         0                  0                 0                130            0      485       50      0                  2                   0                     0                   0           0
             0                 0          0       0          0             0     105217.300           4    29                       0                 0              0                0                0                    1        135    77        135      0         0                  0                 0                130            0      485       50      0                  2                   0                     0                   0           0
             0                 0          0       0          0             0     108538.300           4    30                       0                 0              0                0                0                    1        135    77        135      0         0                  0                 0                130            0      485       50      0                  2                   0                     0                   0           0
             0                 0          0       0          0             0     111859.300           4    31                       0                 0              0                0                0                    1        135    77        135      0         0                  0                 0                130            0      485       50      0                  2                   0                     0                   0           0
             0                 0          0       0          0             0     115180.300           4    32                       0                 0              0                0                0                    1        135    77        135      0         0                  0                 0                130            0      485       50      0                  2                   0                     0                   0           0
             0                 0          0       0          0             0     118501.300           4    33                       0                 0              0                0                0                    1        135    77        135      0         0                  0                 0                130            0      485       50      0                  2                   0                     0                   0           0
             0                 0          0       0          0             0     121822.300           4    34                       0                 0              0                0                0                    1        135    77        135      0         0                  0                 0                130            0      485       50      0                  2                   0                     0                   0           0
             0                 0          0       0          0             0     125143.300           4    35                       0                 0              0                0                0                    1        135    77        135      0         0                  0                 0                130            0      485       50      0                  2                   0                     0                   0           0
             0                 0          0       0          0             0     128464.300           4    36                       0                 0              0                0                0                    1        135    77        135      0         0                  0                 0                130            0      485       50      0                  2                   0                     0                   0           0
             0                 0          0       0          0             0     131785.300           4    37                       0                 0              0                0                0                    1        135    77        135      0         0                  0                 0                130            0      485       50      0                  2                   0                     0                   0           0
             0                 0          0       0          0             0     135106.300           4    38                       0                 0              0                0                0                    1        135    77        135      0         0                  0                 0                130            0      485       50      0                  2                   0                     0                   0           0
             0                 0          0       0          0             0     138427.300           4    39                       0                 0              0                0                0                    1        135    77        135      0         0                  0                 0                130            0      485       50      0                  2                   0                     0                   0           0
             0                 0          0       0          0             0     141748.300           4    40                       0                 0              0                0                0                    1        135    77        135      0         0                  0                 0                130            0      485       50      0                  2                   0                     0                   0           0
             0                 0          0       0          0             0     145069.300           4    41                       0                 0              0                0                0                    1        135    77        135      0         0                  0                 0                130            0      485       50      0                  2                   0                     0                   0           0
             0                 0          0       0          0             0     148390.300           4    42                       0                 0              0                0                0                    1        135    77        135      0         0                  0                 0                130            0      485       50      0                  2                   0                     0                   0           0
             0                 0          0       0          0             0     151711.300           4    43                       0                 0              0                0                0                    1        135    77        135      0         0                  0                 0                130            0      485       50      0                  2                   0                     0                   0           0
             0                 0          0       0          0             0     155032.300           4    44                       0                 0              0                0                0                    1        135    77        135      0         0                  0                 0                130            0      485       50      0                  2                   0                     0                   0           0
             0                 0          0       0          0             0     158353.300           4    45                       0                 0              0                0                0                    1        135    77        135      0         0                  0                 0                130            0      485       50      0                  2                   0                     0                   0           0
             0                 0          0       0          0             0     161674.300           4    46                       0                 0              0                0                0                    1        135    77        135      0         0                  0                 0                130            0      485       50      0                  2                   0                     0                   0           0
             0                 0          0       0          0             0     164995.300           4    47                       0                 0              0                0                0                    1        135    77        135      0         0                  0                 0                130            0      485       50      0                  2                   0                     0                   0           0
             0                 0          0       0          0             0     168316.300           4    48                       0                 0              0                0                0                    1        135    77        135      0         0                  0                 0                130            0      485       50      0                  2                   0                     0                   0           0
             0                 0          0       0          0             0     171637.300           4    49                       0                 0              0                0                0                    1        135    77        135      0         0                  0                 0                130            0      485       50      0                  2                   0                     0                   0           0
             0                 0          0       0          0             0     174958.300           4    50                       0                 0              0                0                0                    1        135    77        135      0         0                  0                 0                130            0      485       50      0                  2                   0                     0                   0           0
             0                 0          0       0          0             0     178279.300           4    51                       0                 0              0                0                0                    1        135    77        135      0         0                  0                 0                130            0      485       50      0                  2                   0                     0                   0           0
             0                 0          0       0          0             0     181600.300           4    52                       0                 0              0                0                0                    1        135    77        135      0         0                  0                 0                130            0      485       50      0                  2                   0                     0                   0           0
             0                 0          0       0          0             0     184921.300           4    53                       0                 0              0                0                0                    1        135    77        135      0         0                  0                 0                130            0      485       50      0                  2                   0                     0                   0           0
             0                 0          0       0          0             0     188242.300           4    54                       0                 0              0                0                0                    1        135    77        135      0         0                  0                 0                130            0      485       50      0                  2                   0                     0                   0           0
             0                 0          0       0          0             0     191563.300           4    55                       0                 0              0                0                0                    1        135    77        135      0         0                  0                 0                130            0      485       50      0                  2                   0                     0                   0           0
             0                 0          0       0          0             0     194884.300           4    56                       0                 0              0                0                0                    1        135    77        135      0         0                  0                 0                130            0      485       50      0                  2                   0                     0                   0           0
             0                 0          0       0          0             0     198205.300           4    57                       0                 0              0                0                0                    1        135    77        135      0         0                  0                 0                130            0      485       50      0                  2                   0                     0                   0           0
             0                 0          0       0          0             0     201526.300           4    58                       0                 0              0                0                0                    1        135    77        135      0         0                  0                 0                130            0      485       50      0                  2                   0                     0                   0           0
            49                10         38   1.100     24.900      1033.000     211200.040           8    59                       0                 0              0                0                0                    1        155   134        155      8         0                  0                 0                130            0      485       50      0                  4                   0                     0                   0          39
             0                33         18   2.273    104.152      1275.342     222137.680          14    60                       0                 0              0                0                0                    1        185   185        185     12         4                  1                 3                128           29      485       50      0                  7                   0                     0                   0           6
             0                 6          0   3.167    192.167       193.000     226619.820           8    61                       0                 0              0                0                0                    1        142   159        142      4        14                  0                 8                141           48      485       50      0                  4                   0                     0                   0           0
             0                 0          0       0          0             0     230014.620           6    62                       0                 0              0                0                0                    1        139   156        139      1         1                  0                 4                139           17      485       50      0                  3                   0                     0                   0           0
             0                 0          0       0          0             0     233384.820           6    63                       0                 0              0                0                0                    1        137   154        137      0         1                  0                 0                138            2      485       50      0                  3                   0                     0                   0           0
             0                 0          0       0          0             0     236755.020           6    64                       0                 0              0                0                0                    1        137   154        137      0         0                  0                 0                137            1      485       50      0                  3                   0                     0                   0           0
             0                 0          0       0          0             0     240076.020           6    65                       0                 0              0                0                0                    1        135   154        135      0         0                  0                 1                137            0      485       50      0                  3                   0                     0                   0           0
             0                 0          0       0          0             0     243397.020           6    66                       0                 0              0                0                0                    1        135   154        135      0         0                  0                 0                137            0      485       50      0                  3                   0                     0                   0           0
             0                 0          0       0          0             0     246718.020           6    67                       0                 0              0                0                0                    1        135   154        135      0         0                  0                 0                137            0      485       50      0                  3                   0                     0                   0           0
             0                 0          0       0          0             0     250039.020           6    68                       0                 0              0                0                0                    1        135   154        135      0         0                  0                 0                137            0      485       50      0                  3                   0                     0                   0           0
             0                 0          0       0          0             0     253360.020           6    69                       0                 0              0                0                0                    1        135   154        135      0         0                  0                 0                137            0      485       50      0                  3                   0                     0                   0           0
             0                 0          0       0          0             0     256681.020           6    70                       0                 0              0                0                0                    1        135   154        135      0         0                  0                 0                137            0      485       50      0                  3                   0                     0                   0           0
             0                 0          0       0          0             0     260002.020           6    71                       0                 0              0                0                0                    1        135   154        135      0         0                  0                 0                137            0      485       50      0                  3                   0                     0                   0           0
             0                 0          0       0          0             0     263323.020           6    72                       0                 0              0                0                0                    1        135   154        135      0         0                  0                 0                137            0      485       50      0                  3                   0                     0                   0           0
             0                 0          0       0          0             0     266644.020           6    73                       0                 0              0                0                0                    1        135   154        135      0         0                  0                 0                137            0      485       50      0                  3                   0                     0                   0           0
             0                 0          0       0          0             0     269965.020           6    74                       0                 0              0                0                0                    1        135   154        135      0         0                  0                 0                137            0      485       50      0                  3                   0                     0                   0           0
             0                 0          0       0          0             0     273286.020           6    75                       0                 0              0                0                0                    1        135   154        135      0         0                  0                 0                137            0      485       50      0                  3                   0                     0                   0           0
             0                 0          0       0          0             0     276607.020           6    76                       0                 0              0                0                0                    1        135   154        135      0         0                  0                 0                137            0      485       50      0                  3                   0                     0                   0           0
             0                 0          0       0          0             0     279928.020           6    77                       0                 0              0                0                0                    1        135   154        135      0         0                  0                 0                137            0      485       50      0                  3                   0                     0                   0           0
             0                 0          0       0          0             0     283249.020           6    78                       0                 0              0                0                0                    1        135   154        135      0         0                  0                 0                137            0      485       50      0                  3                   0                     0                   0           0
             0                 0          0       0          0             0     286570.020           6    79                       0                 0              0                0                0                    1        135   154        135      0         0                  0                 0                137            0      485       50      0                  3                   0                     0                   0           0
             0                 0          0       0          0             0     289891.020           6    80                       0                 0              0                0                0                    1        135   154        135      0         0                  0                 0                137            0      485       50      0                  3                   0                     0                   0           0
             0                 0          0       0          0             0     293212.020           6    81                       0                 0              0                0                0                    1        135   154        135      0         0                  0                 0                137            0      485       50      0                  3                   0                     0                   0           0
             0                 0          0       0          0             0     296533.020           6    82                       0                 0              0                0                0                    1        135   154        135      0         0                  0                 0                137            0      485       50      0                  3                   0                     0                   0           0
             0                 0          0       0          0             0     299854.020           6    83                       0                 0              0                0                0                    1        135   154        135      0         0                  0                 0                137            0      485       50      0                  3                   0                     0                   0           0
             0                 0          0       0          0             0     303175.020           6    84                       0                 0              0                0                0                    1        135   154        135      0         0                  0                 0                137            0      485       50      0                  3                   0                     0                   0           0
             0                 0          0       0          0             0     306496.020           6    85                       0                 0              0                0                0                    1        135   154        135      0         0                  0                 0                137            0      485       50      0                  3                   0                     0                   0           0
             0                 0          0       0          0             0     309817.020           6    86                       0                 0              0                0                0                    1        135   154        135      0         0                  0                 0                137            0      485       50      0                  3                   0                     0                   0           0
             0                 0          0       0          0             0     313138.020           6    87                       0                 0              0                0                0                    1        135   154        135      0         0                  0                 0                137            0      485       50      0                  3                   0                     0                   0           0
             0                 0          0       0          0             0     316459.020           6    88                       0                 0              0                0                0                    1        135   154        135      0         0                  0                 0                137            0      485       50      0                  3                   0                     0                   0           0
             0                 0          0       0          0             0     319780.020           6    89                       0                 0              0                0                0                    1        135   154        135      0         0                  0                 0                137            0      485       50      0                  3                   0                     0                   0           0
             0                 0          0       0          0             0     323101.020           6    90                       0                 0              0                0                0                    1        135   154        135      0         0                  0                 0                137            0      485       50      0                  3                   0                     0                   0           0
             0                 0          0       0          0             0     326422.020           6    91                       0                 0              0                0                0                    1        135   154        135      0         0                  0                 0                137            0      485       50      0                  3                   0                     0                   0           0
             0                 0          0       0          0             0     329743.020           6    92                       0                 0              0                0                0                    1        135   154        135      0         0                  0                 0                137            0      485       50      0                  3                   0                     0                   0           0
             0                 0          0       0          0             0     333064.020           6    93                       0                 0              0                0                0                    1        135   154        135      0         0                  0                 0                137            0      485       50      0                  3                   0                     0                   0           0
             0                 0          0       0          0             0     336385.020           6    94                       0                 0              0                0                0                    1        135   154        135      0         0                  0                 0                137            0      485       50      0                  3                   0                     0                   0           0
             0                 0          0       0          0             0     339706.020           6    95                       0                 0              0                0                0                    1        135   154        135      0         0                  0                 0                137            0      485       50      0                  3                   0                     0                   0           0
             0                 0          0       0          0             0     343027.020           6    96                       0                 0              0                0                0                    1        135   154        135      0         0                  0                 0                137            0      485       50      0                  3                   0                     0                   0           0
             0                 0          0       0          0             0     346348.020           6    97                       0                 0              0                0                0                    1        135   154        135      0         0                  0                 0                137            0      485       50      0                  3                   0                     0                   0           0
             0                 0          0       0          0             0     349669.020           6    98                       0                 0              0                0                0                    1        135   154        135      0         0                  0                 0                137            0      485       50      0                  3                   0                     0                   0           0
             0                 0          0       0          0             0     352990.020           6    99                       0                 0              0                0                0                    1        135   154        135      0         0                  0                 0                137            0      485       50      0                  3                   0                     0                   0           0
#pos runNum=0 0@(1.00000,1.00000)@0 1@(0.91246,0.87279)@768 2@(0.83906,0.74106)@739 3@(1.13198,0.98206)@542 4@(1.08195,0.79959)@1472 5@(0.92763,0.71927)@832 6@(1.02001,0.53769)@1450 7@(1.09277,0.98076)@1499 8@(1.09128,1.02904)@558 9@(0.98261,0.79176)@698 10@(0.91635,0.88855)@590 11@(0.69198,0.73522)@1302 12@(0.97965,0.99648)@1147 13@(0.90175,0.87467)@1408 14@(1.32893,0.85265)@1246 15@(0.80150,0.98335)@548 16@(0.95234,1.11430)@558 17@(1.00440,0.89026)@1188 18@(0.93443,1.12040)@1496 19@(1.08084,0.97319)@1621 20@(0.84144,0.95274)@768 21@(1.23793,0.63415)@1685 22@(1.25310,0.78080)@1105 23@(1.15634,0.80243)@1877 24@(0.67640,0.68265)@1716 25@(0.64553,0.95260)@1111 26@(0.98472,0.91410)@1302 27@(1.08735,0.91385)@1105 28@(0.58739,0.65630)@1709 29@(0.76054,0.78286)@1395 30@(0.80442,0.70042)@1251 31@(0.91140,0.84749)@1331 32@(0.76332,1.07087)@1162 33@(0.96965,1.04218)@558 34@(1.14404,0.88214)@1105 35@(1.00403,1.08253)@614 36@(1.04598,0.86620)@665 37@(1.04930,0.82841)@1499 38@(0.68663,0.77596)@1457 39@(1.19846,1.11347)@938 40@(1.13772,1.13593)@1715 41@(0.94803,0.60810)@1636 42@(1.16760,0.97093)@2067 43@(0.92728,0.57544)@1470 44@(0.70461,0.72500)@1302 45@(0.78244,0.72650)@1395 46@(1.47346,0.99929)@1552 47@(1.23053,1.05529)@1183 48@(0.91270,0.73837)@1390 49@(0.79970,1.01678)@1894
#links runNum=0 30-31@-94dBm@0.321 1-10@-73dBm@1.000 2-36@-92dBm@0.685 1-33@-96dBm@0.164 17-36@-84dBm@0.970 35-36@-91dBm@0.753 15-20@-76dBm@1.000 23-26@-91dBm@0.773 2-43@-91dBm@0.769 36-37@-89dBm@0.877 4-13@-87dBm@0.944 11-38@-92dBm@0.664 1-13@-90dBm@0.829 3-34@-88dBm@0.933 15-25@-85dBm@0.964 12-20@-85dBm@0.966 25-29@-94dBm@0.447 7-19@-76dBm@1.000 4-41@-96dBm@0.160 1-37@-91dBm@0.740 25-47@-96dBm@0.167 36-45@-93dBm@0.658 2-48@-96dBm@0.158 5-29@-86dBm@0.953 3-25@-96dBm@0.114 23-36@-93dBm@0.650 26-35@-90dBm@0.860 24-48@-89dBm@0.867 0-8@-84dBm@0.973 32-49@-80dBm@0.989 12-40@-87dBm@0.942 29-47@-97dBm@0.054 5-45@-83dBm@0.974 4-43@-91dBm@0.738 7-49@-97dBm@0.009 10-12@-84dBm@0.974 3-17@-94dBm@0.381 17-47@-96dBm@0.178 4-27@-93dBm@0.647 6-7@-95dBm@0.217 24-49@-93dBm@0.657 9-31@-82dBm@0.983 9-41@-93dBm@0.647 13-23@-90dBm@0.829 10-44@-89dBm@0.867 31-34@-91dBm@0.790 2-6@-90dBm@0.827 12-34@-87dBm@0.949 5-25@-94dBm@0.438 36-40@-92dBm@0.694 4-23@-78dBm@1.000 38-43@-91dBm@0.726 9-26@-83dBm@0.974 2-3@-92dBm@0.683 12-45@-91dBm@0.744 4-18@-93dBm@0.648 26-33@-94dBm@0.379 33-36@-91dBm@0.741 28-29@-93dBm@0.541 38-45@-88dBm@0.937 11-30@-82dBm@0.984 17-26@-80dBm@0.990 0-20@-92dBm@0.669 30-45@-90dBm@0.834 16-18@-95dBm@0.259 10-11@-93dBm@0.588 13-15@-90dBm@0.805 7-32@-94dBm@0.372 32-45@-96dBm@0.152 16-25@-92dBm@0.678 7-21@-93dBm@0.580 12-22@-92dBm@0.700 22-30@-94dBm@0.336 11-24@-85dBm@0.967 11-45@-96dBm@0.187 26-30@-90dBm@0.864 1-49@-93dBm@0.566 36-43@-97dBm@0.014 8-47@-91dBm@0.801 1-41@-94dBm@0.321 5-38@-90dBm@0.863 21-22@-84dBm@0.973 0-16@-84dBm@0.974 30-35@-94dBm@0.419 10-23@-90dBm@0.861 24-28@-93dBm@0.604 1-31@-86dBm@0.954 20-43@-96dBm@0.158 30-38@-89dBm@0.867 5-17@-93dBm@0.524 1-6@-92dBm@0.717 9-12@-86dBm@0.951 10-13@-90dBm@0.863 40-46@-92dBm@0.685 8-9@-96dBm@0.107 29-30@-96dBm@0.103 8-39@-86dBm@0.957 13-31@-96dBm@0.190 35-37@-90dBm@0.864 21-36@-90dBm@0.833 13-33@-87dBm@0.944 12-14@-93dBm@0.643 0-15@-88dBm@0.916 19-29@-97dBm@0.037 4-34@-90dBm@0.845 7-13@-92dBm@0.671 3-22@-88dBm@0.921 38-39@-96dBm@0.162 4-14@-89dBm@0.876 9-48@-86dBm@0.953 5-44@-97dBm@0.004 12-18@-94dBm@0.332 2-26@-88dBm@0.934 29-45@-90dBm@0.864 40-49@-95dBm@0.320 5-13@-93dBm@0.640 27-42@-87dBm@0.939 3-8@-82dBm@0.985 39-47@-77dBm@1.000 7-39@-91dBm@0.741 9-38@-92dBm@0.697 17-35@-92dBm@0.672 14-33@-94dBm@0.329 25-27@-94dBm@0.409 0-9@-92dBm@0.689 39-40@-90dBm@0.865 3-7@-79dBm@1.000 26-48@-89dBm@0.873 1-42@-95dBm@0.243 7-36@-85dBm@0.963 4-36@-86dBm@0.959 20-34@-93dBm@0.657 0-39@-93dBm@0.556 1-2@-86dBm@0.951 34-42@-81dBm@0.985 29-34@-96dBm@0.104 7-8@-91dBm@0.761 1-16@-88dBm@0.908 20-29@-94dBm@0.327 33-39@-93dBm@0.638 18-26@-94dBm@0.383 37-41@-91dBm@0.762 0-1@-92dBm@0.665 17-37@-80dBm@0.992 9-29@-94dBm@0.396 1-5@-87dBm@0.948 27-31@-94dBm@0.504 11-29@-83dBm@0.975 0-3@-84dBm@0.974 5-7@-93dBm@0.540 8-33@-94dBm@0.379 2-11@-86dBm@0.958 27-33@-86dBm@0.956 16-47@-95dBm@0.208 4-17@-90dBm@0.862 28-38@-93dBm@0.643 26-31@-87dBm@0.944 8-18@-93dBm@0.594 0-36@-91dBm@0.741 15-47@-96dBm@0.175 3-26@-85dBm@0.961 8-12@-85dBm@0.962 28-43@-95dBm@0.210 1-4@-91dBm@0.758 5-48@-83dBm@0.974 25-32@-86dBm@0.956 2-10@-91dBm@0.765 10-24@-94dBm@0.514 4-9@-92dBm@0.685 9-37@-81dBm@0.986 40-47@-87dBm@0.941 14-42@-92dBm@0.666 24-45@-92dBm@0.700 7-16@-92dBm@0.691 38-41@-92dBm@0.689 10-17@-95dBm@0.225 43-45@-97dBm@0.055 12-33@-91dBm@0.793 12-24@-93dBm@0.612 4-5@-92dBm@0.687 35-39@-94dBm@0.358 34-36@-81dBm@0.985 21-30@-97dBm@0.013 29-44@-84dBm@0.974 13-34@-96dBm@0.095 5-28@-93dBm@0.638 32-35@-96dBm@0.149 8-19@-95dBm@0.263 13-17@-88dBm@0.935 17-39@-95dBm@0.213 5-6@-86dBm@0.951 10-47@-96dBm@0.185 0-35@-89dBm@0.879 9-49@-94dBm@0.478 9-32@-95dBm@0.198 30-49@-94dBm@0.343 21-43@-95dBm@0.219 25-35@-92dBm@0.688 44-45@-93dBm@0.649 37-40@-95dBm@0.209 23-34@-92dBm@0.704 19-31@-92dBm@0.707 15-37@-96dBm@0.151 7-29@-96dBm@0.168 21-37@-93dBm@0.588 15-45@-96dBm@0.103 38-42@-96dBm@0.141 24-26@-94dBm@0.323 27-34@-82dBm@0.983 24-29@-84dBm@0.974 7-26@-84dBm@0.973 4-29@-95dBm@0.287 3-4@-93dBm@0.610 24-44@-88dBm@0.924 12-39@-92dBm@0.677 28-44@-91dBm@0.756 6-10@-94dBm@0.497 19-32@-91dBm@0.731 5-37@-86dBm@0.958 9-14@-92dBm@0.677 0-10@-90dBm@0.828 17-48@-89dBm@0.901 19-20@-90dBm@0.808 28-48@-96dBm@0.170 15-32@-89dBm@0.866 16-19@-94dBm@0.469 1-3@-88dBm@0.917 10-34@-90dBm@0.862 5-32@-95dBm@0.290 0-5@-93dBm@0.638 22-27@-89dBm@0.885 7-12@-94dBm@0.496 8-15@-97dBm@0.069 14-21@-90dBm@0.845 18-48@-95dBm@0.289 8-40@-96dBm@0.098 3-41@-97dBm@0.032 0-2@-92dBm@0.682 1-19@-93dBm@0.650 3-23@-93dBm@0.647 31-36@-94dBm@0.501 2-49@-93dBm@0.542 12-37@-92dBm@0.701 27-40@-92dBm@0.697 0-23@-94dBm@0.377 15-28@-93dBm@0.565 1-32@-96dBm@0.150 23-33@-91dBm@0.768 1-7@-91dBm@0.747 14-39@-94dBm@0.464 15-18@-90dBm@0.848 14-46@-93dBm@0.563 5-9@-81dBm@0.985 29-41@-93dBm@0.654 11-49@-95dBm@0.198 7-33@-87dBm@0.945 9-11@-91dBm@0.796 4-35@-95dBm@0.267 5-23@-89dBm@0.877 0-33@-88dBm@0.933 2-44@-83dBm@0.977 20-35@-89dBm@0.882 5-12@-94dBm@0.456 31-37@-94dBm@0.381 20-25@-90dBm@0.806 43-49@-96dBm@0.184 12-29@-94dBm@0.447 3-19@-82dBm@0.985 11-33@-95dBm@0.272 30-43@-93dBm@0.659 2-30@-78dBm@1.000 3-14@-92dBm@0.715 5-31@-88dBm@0.909 12-15@-91dBm@0.760 13-29@-89dBm@0.882 14-47@-89dBm@0.901 4-37@-86dBm@0.955 7-42@-81dBm@0.985 11-39@-96dBm@0.132 19-42@-88dBm@0.904 9-17@-91dBm@0.753 5-21@-93dBm@0.627 15-17@-90dBm@0.835 39-46@-90dBm@0.861 7-41@-95dBm@0.236 16-36@-94dBm@0.438 10-49@-95dBm@0.251 3-12@-90dBm@0.824 3-40@-97dBm@0.009 2-4@-90dBm@0.862 5-19@-92dBm@0.691 3-27@-81dBm@0.985 8-17@-96dBm@0.156 8-26@-93dBm@0.574 10-26@-83dBm@0.974
#aveChargePerCycle runNum=0 0@555.80 1@250.74 2@205.01 3@358.89 4@15.81 5@277.13 6@1.30 7@25.40 8@148.60 9@282.01 10@236.60 11@52.10 12@144.60 13@1.30 14@75.96 15@151.37 16@52.35 17@20.89 18@1.30 19@27.22 20@45.73 21@1.30 22@51.91 23@1.94 24@8.16 25@25.65 26@1.54 27@36.42 28@3.24 29@15.07 30@52.35 31@1.30 32@1.30 33@126.88 34@1.30 35@72.52 36@55.09 37@20.24 38@16.98 39@54.97 40@15.81 41@2.59 42@1.30 43@1.30 44@21.16 45@2.59 46@1.94 47@1.30 48@1.94 49@1.94