## dioPeriod = 1.0
## burstTimestamp = 20
## minRssi = -97
## numMotes = 50
## otfHousekeepingPeriod = 1.0
## sixtopNoRemoveWorstCell = 0
## simDataDir = simData
## numChans = 16
## slotframeLength = 101
## squareSide = 2.0
## cpuID = 94
## sixtopPdrThreshold = 1.5
## pkPeriod = None
## sixtopHousekeepingPeriod = 1.0
## sixtopNoHousekeeping = 0
## algorithm = otf
## pkPeriodVar = 0.05
## numCyclesPerRun = 100
## startTime = 1502276471.34
## slotDuration = 0.01
## numRuns = 1
## combinationKeys = ['algorithm', 'numMotes', 'otfThreshold']
## numPacketsBurst = 5
## otfThreshold = 1
## noInterference = 0
## gui = False


# appGenerated appReachesDagroot appRelayed aveHops aveLatency aveQueueDelay chargeConsumed collidedTxs cycle droppedAppFailedEnqueue droppedMacRetries droppedNoRoute droppedNoTxCells droppedQueueFull effectiveCollidedTxs numRxCells numTx numTxCells otfAdd otfRemove probableCollisions rplChurnParentSet rplChurnPrefParent rplChurnRank rplRxDIO rplTxDIO runNum scheduleCollisions topRxRelocatedCells topTxRelocatedBundles topTxRelocatedCells txQueueFill
             0                 0          0       0          0             0              0           0     0                       0                 0              0                0                0                    0          0     0          0      0         0                  0                 0                  0            0        0        0      0                  0                   0                     0                   0           0
             0                 0          0       0          0             0       1525.200           6     1                       0                 0              0                0                0                    0        120     0        120    120         0                  0               137                 61            2      482       50      0                  3                   0                     0                   0           0
             0                 0          0       0          0             0       4624.800           6     2                       0                 0              0                0                0                    0        127     0        127      7         0                  0                 1                122            0      482       50      0                  3                   0                     0                   0           0
             0                 0          0       0          0             0       7749.000           6     3                       0                 0              0                0                0                    0        127     0        127      0         0                  0                 0                122            0      482       50      0                  3                   0                     0                   0           0
             0                 0          0       0          0             0      10873.200           6     4                       0                 0              0                0                0                    0        127     0        127      0         0                  0                 0                122            0      482       50      0                  3                   0                     0                   0           0
             0                 0          0       0          0             0      13997.400           6     5                       0                 0              0                0                0                    0        127     0        127      0         0                  0                 0                122            0      482       50      0                  3                   0                     0                   0           0
             0                 0          0       0          0             0      17121.600           6     6                       0                 0              0                0                0                    0        127     0        127      0         0                  0                 0                122            0      482       50      0                  3                   0                     0                   0           0
             0                 0          0       0          0             0      20245.800           6     7                       0                 0              0                0                0                    0        127     0        127      0         0                  0                 0                122            0      482       50      0                  3                   0                     0                   0           0
             0                 0          0       0          0             0      23370.000           6     8                       0                 0              0                0                0                    0        127     0        127      0         0                  0                 0                122            0      482       50      0                  3                   0                     0                   0           0
             0                 0          0       0          0             0      26494.200           6     9                       0                 0              0                0                0                    0        127     0        127      0         0                  0                 0                122            0      482       50      0                  3                   0                     0                   0           0
             0                 0          0       0          0             0      29618.400           6    10                       0                 0              0                0                0                    0        127     0        127      0         0                  0                 0                122            0      482       50      0                  3                   0                     0                   0           0
             0                 0          0       0          0             0      32742.600           6    11                       0                 0              0                0                0                    0        127     0        127      0         0                  0                 0                122            0      482       50      0                  3                   0                     0                   0           0
             0                 0          0       0          0             0      35866.800           6    12                       0                 0              0                0                0                    0        127     0        127      0         0                  0                 0                122            0      482       50      0                  3                   0                     0                   0           0
             0                 0          0       0          0             0      38991.000           6    13                       0                 0              0                0                0                    0        127     0        127      0         0                  0                 0                122            0      482       50      0                  3                   0                     0                   0           0
             0                 0          0       0          0             0      42115.200           6    14                       0                 0              0                0                0                    0        127     0        127      0         0                  0                 0                122            0      482       50      0                  3                   0                     0                   0           0
             0                 0          0       0          0             0      45239.400           6    15                       0                 0              0                0                0                    0        127     0        127      0         0                  0                 0                122            0      482       50      0                  3                   0                     0                   0           0
             0                 0          0       0          0             0      48363.600           6    16                       0                 0              0                0                0                    0        127     0        127      0         0                  0                 0                122            0      482       50      0                  3                   0                     0                   0           0
             0                 0          0       0          0             0      51487.800           6    17                       0                 0              0                0                0                    0        127     0        127      0         0                  0                 0                122            0      482       50      0                  3                   0                     0                   0           0
             0                 0          0       0          0             0      54612.000           6    18                       0                 0              0                0                0                    0        127     0        127      0         0                  0                 0                122            0      482       50      0                  3                   0                     0                   0           0
            49                 1         22   1.000     15.000       199.500      60624.420           8    19                       0                 0              0                0                0                    1        131    26        131      2         0                  0                 0                122            0      482       50      0                  4                   0                     0                   0          48
             0                20         44   1.950     88.400      1842.250      73811.240          20    20                       0                 0              0                0                3                    2        217   110        217     28         4                  0                 2                124           12      482       50      0                 10                   0                     0                   0          28
             0                28         19   3.357    161.607       785.318      84868.460          12    21                       0                 0              0                0                0                    1        174   134        174      9        20                  1                 9                126           50      482       50      0                  6                   0                     0                   0           0
             0                 0          0       0          0             0      88779.860          12    22                       0                 0              0                0                0                    1        156   105        156      9         6                  0                12                118           48      482       50      0                  6                   1                     0                   0           0
             0                 0          0       0          0             0      92420.660           8    23                       0                 0              0                0                0                    0        146    95        146      4         5                  0                 7                119           33      482       50      0                  4                   0                     0                   0           0
             0                 0          0       0          0             0      95938.460           8    24                       0                 0              0                0                0                    0        143    93        143      0         1                  0                 1                119           19      482       50      0                  4                   0                     0                   0           0
             0                 0          0       0          0             0      99431.660           8    25                       0                 0              0                0                0                    0        141    87        141      2         2                  0                 4                119           14      482       50      0                  4                   0                     0                   0           0
             0                 0          0       0          0             0     102875.660           8    26                       0                 0              0                0                0                    0        140    87        140      0         0                  0                 1                119            9      482       50      0                  4                   0                     0                   0           0
             0                 0          0       0          0             0     106319.660           8    27                       0                 0              0                0                0                    0        140    87        140      0         0                  0                 0                119            0      482       50      0                  4                   0                     0                   0           0
             0                 0          0       0          0             0     109763.660           8    28                       0                 0              0                0                0                    0        140    87        140      0         0                  0                 0                119            0      482       50      0                  4                   0                     0                   0           0
             0                 0          0       0          0             0     113207.660           8    29                       0                 0              0                0                0                    0        140    87        140      0         0                  0                 0                119            0      482       50      0                  4                   0                     0                   0           0
             0                 0          0       0          0             0     116651.660           8    30                       0                 0              0                0                0                    0        140    87        140      0         0                  0                 0                119            0      482       50      0                  4                   0                     0                   0           0
             0                 0          0       0          0             0     120095.660           8    31                       0                 0              0                0                0                    0        140    87        140      0         0                  0                 0                119            0      482       50      0                  4                   0                     0                   0           0
             0                 0          0       0          0             0     123539.660           8    32                       0                 0              0                0                0                    0        140    87        140      0         0                  0                 0                119            0      482       50      0                  4                   0                     0                   0           0
             0                 0          0       0          0             0     126983.660           8    33                       0                 0              0                0                0                    0        140    87        140      0         0                  0                 0                119            0      482       50      0                  4                   0                     0                   0           0
             0                 0          0       0          0             0     130427.660           8    34                       0                 0              0                0                0                    0        140    87        140      0         0                  0                 0                119            0      482       50      0                  4                   0                     0                   0           0
             0                 0          0       0          0             0     133871.660           8    35                       0                 0              0                0                0                    0        140    87        140      0         0                  0                 0                119            0      482       50      0                  4                   0                     0                   0           0
             0                 0          0       0          0             0     137315.660           8    36                       0                 0              0                0                0                    0        140    87        140      0         0                  0                 0                119            0      482       50      0                  4                   0                     0                   0           0
             0                 0          0       0          0             0     140759.660           8    37                       0                 0              0                0                0                    0        140    87        140      0         0                  0                 0                119            0      482       50      0                  4                   0                     0                   0           0
             0                 0          0       0          0             0     144203.660           8    38                       0                 0              0                0                0                    0        140    87        140      0         0                  0                 0                119            0      482       50      0                  4                   0                     0                   0           0
             0                 0          0       0          0             0     147647.660           8    39                       0                 0              0                0                0                    0        140    87        140      0         0                  0                 0                119            0      482       50      0                  4                   0                     0                   0           0
             0                 0          0       0          0             0     151091.660           8    40                       0                 0              0                0                0                    0        140    87        140      0         0                  0                 0                119            0      482       50      0                  4                   0                     0                   0           0
             0                 0          0       0          0             0     154535.660           8    41                       0                 0              0                0                0                    0        140    87        140      0         0                  0                 0                119            0      482       50      0                  4                   0                     0                   0           0
             0                 0          0       0          0             0     157979.660           8    42                       0                 0              0                0                0                    0        140    87        140      0         0                  0                 0                119            0      482       50      0                  4                   0                     0                   0           0
             0                 0          0       0          0             0     161423.660           8    43                       0                 0              0                0                0                    0        140    87        140      0         0                  0                 0                119            0      482       50      0                  4                   0                     0                   0           0
             0                 0          0       0          0             0     164867.660           8    44                       0                 0              0                0                0                    0        140    87        140      0         0                  0                 0                119            0      482       50      0                  4                   0                     0                   0           0
             0                 0          0       0          0             0     168311.660           8    45                       0                 0              0                0                0                    0        140    87        140      0         0                  0                 0                119            0      482       50      0                  4                   0                     0                   0           0
             0                 0          0       0          0             0     171755.660           8    46                       0                 0              0                0                0                    0        140    87        140      0         0                  0                 0                119            0      482       50      0                  4                   0                     0                   0           0
             0                 0          0       0          0             0     175199.660           8    47                       0                 0              0                0                0                    0        140    87        140      0         0                  0                 0                119            0      482       50      0                  4                   0                     0                   0           0
             0                 0          0       0          0             0     178643.660           8    48                       0                 0              0                0                0                    0        140    87        140      0         0                  0                 0                119            0      482       50      0                  4                   0                     0                   0           0
             0                 0          0       0          0             0     182087.660           8    49                       0                 0              0                0                0                    0        140    87        140      0         0                  0                 0                119            0      482       50      0                  4                   0                     0                   0           0
             0                 0          0       0          0             0     185531.660           8    50                       0                 0              0                0                0                    0        140    87        140      0         0                  0                 0                119            0      482       50      0                  4                   0                     0                   0           0
             0                 0          0       0          0             0     188975.660           8    51                       0                 0              0                0                0                    0        140    87        140      0         0                  0                 0                119            0      482       50      0                  4                   0                     0                   0           0
             0                 0          0       0          0             0     192419.660           8    52                       0                 0              0                0                0                    0        140    87        140      0         0                  0                 0                119            0      482       50      0                  4                   0                     0                   0           0
             0                 0          0       0          0             0     195863.660           8    53                       0                 0              0                0                0                    0        140    87        140      0         0                  0                 0                119            0      482       50      0                  4                   0                     0                   0           0
             0                 0          0       0          0             0     199307.660           8    54                       0                 0              0                0                0                    0        140    87        140      0         0                  0                 0                119            0      482       50      0                  4                   0                     0                   0           0
             0                 0          0       0          0             0     202751.660           8    55                       0                 0              0                0                0                    0        140    87        140      0         0                  0                 0                119            0      482       50      0                  4                   0                     0                   0           0
             0                 0          0       0          0             0     206195.660           8    56                       0                 0              0                0                0                    0        140    87        140      0         0                  0                 0                119            0      482       50      0                  4                   0                     0                   0           0
             0                 0          0       0          0             0     209639.660           8    57                       0                 0              0                0                0                    0        140    87        140      0         0                  0                 0                119            0      482       50      0                  4                   0                     0                   0           0
             0                 0          0       0          0             0     213083.660           8    58                       0                 0              0                0                0                    0        140    87        140      0         0                  0                 0                119            0      482       50      0                  4                   0                     0                   0           0
            49                 4         46   1.500     41.750       834.833     223519.180          14    59                       0                 0              0                0                0                    3        162   153        162     10         0                  0                 0                119            0      482       50      0                  7                   0                     0                   0          45
             0                23         35   2.217    105.000      1561.436     235453.160          14    60                       0                 0              0                0                0                    1        188   213        188     18         5                  0                 7                117           45      482       50      0                  7                   1                     0                   0          22
             0                15          8   3.333    209.733       380.100     242717.840          16    61                       0                 0              0                0                0                    1        165   223        165      5        13                  0                 6                127           49      482       50      0                  8                   0                     0                   0           7
             0                 6          2   4.667    305.000       181.750     247394.000          12    62                       0                 0              0                0                0                    0        148   205        148      2         5                  0                 5                121           30      482       50      0                  6                   0                     0                   0           1
             0                 1          0   5.000    392.000        91.000     251102.720          14    63                       0                 0              0                0                0                    1        146   196        146      2         2                  0                 3                116           25      482       50      0                  7                   0                     0                   0           0
             0                 0          0       0          0             0     254645.120          14    64                       0                 0              0                0                0                    1        143   187        143      0         1                  0                 1                118           11      482       50      0                  7                   0                     0                   0           0
             0                 0          0       0          0             0     258162.920          14    65                       0                 0              0                0                0                    1        143   187        143      0         0                  0                 0                118            4      482       50      0                  7                   0                     0                   0           0
             0                 0          0       0          0             0     261680.720          14    66                       0                 0              0                0                0                    1        143   187        143      0         0                  0                 0                118            0      482       50      0                  7                   0                     0                   0           0
             0                 0          0       0          0             0     265198.520          14    67                       0                 0              0                0                0                    1        143   187        143      0         0                  0                 0                118            0      482       50      0                  7                   0                     0                   0           0
             0                 0          0       0          0             0     268716.320          14    68                       0                 0              0                0                0                    1        143   187        143      0         0                  0                 0                118            0      482       50      0                  7                   0                     0                   0           0
             0                 0          0       0          0             0     272234.120          14    69                       0                 0              0                0                0                    1        143   187        143      0         0                  0                 0                118            0      482       50      0                  7                   0                     0                   0           0
             0                 0          0       0          0             0     275751.920          14    70                       0                 0              0                0                0                    1        143   187        143      0         0                  0                 0                118            0      482       50      0                  7                   0                     0                   0           0
             0                 0          0       0          0             0     279269.720          14    71                       0                 0              0                0                0                    1        143   187        143      0         0                  0                 0                118            0      482       50      0                  7                   0                     0                   0           0
             0                 0          0       0          0             0     282787.520          14    72                       0                 0              0                0                0                    1        143   187        143      0         0                  0                 0                118            0      482       50      0                  7                   0                     0                   0           0
             0                 0          0       0          0             0     286305.320          14    73                       0                 0              0                0                0                    1        143   187        143      0         0                  0                 0                118            0      482       50      0                  7                   0                     0                   0           0
             0                 0          0       0          0             0     289823.120          14    74                       0                 0              0                0                0                    1        143   187        143      0         0                  0                 0                118            0      482       50      0                  7                   0                     0                   0           0
             0                 0          0       0          0             0     293340.920          14    75                       0                 0              0                0                0                    1        143   187        143      0         0                  0                 0                118            0      482       50      0                  7                   0                     0                   0           0
             0                 0          0       0          0             0     296858.720          14    76                       0                 0              0                0                0                    1        143   187        143      0         0                  0                 0                118            0      482       50      0                  7                   0                     0                   0           0
             0                 0          0       0          0             0     300376.520          14    77                       0                 0              0                0                0                    1        143   187        143      0         0                  0                 0                118            0      482       50      0                  7                   0                     0                   0           0
             0                 0          0       0          0             0     303894.320          14    78                       0                 0              0                0                0                    1        143   187        143      0         0                  0                 0                118            0      482       50      0                  7                   0                     0                   0           0
             0                 0          0       0          0             0     307412.120          14    79                       0                 0              0                0                0                    1        143   187        143      0         0                  0                 0                118            0      482       50      0                  7                   0                     0                   0           0
             0                 0          0       0          0             0     310929.920          14    80                       0                 0              0                0                0                    1        143   187        143      0         0                  0                 0                118            0      482       50      0                  7                   0                     0                   0           0
             0                 0          0       0          0             0     314447.720          14    81                       0                 0              0                0                0                    1        143   187        143      0         0                  0                 0                118            0      482       50      0                  7                   0                     0                   0           0
             0                 0          0       0          0             0     317965.520          14    82                       0                 0              0                0                0                    1        143   187        143      0         0                  0                 0                118            0      482       50      0                  7                   0                     0                   0           0
             0                 0          0       0          0             0     321483.320          14    83                       0                 0              0                0                0                    1        143   187        143      0         0                  0                 0                118            0      482       50      0                  7                   0                     0                   0           0
             0                 0          0       0          0             0     325001.120          14    84                       0                 0              0                0                0                    1        143   187        143      0         0                  0                 0                118            0      482       50      0                  7                   0                     0                   0           0
             0                 0          0       0          0             0     328518.920          14    85                       0                 0              0                0                0                    1        143   187        143      0         0                  0                 0                118            0      482       50      0                  7                   0                     0                   0           0
             0                 0          0       0          0             0     332036.720          14    86                       0                 0              0                0                0                    1        143   187        143      0         0                  0                 0                118            0      482       50      0                  7                   0                     0                   0           0
             0                 0          0       0          0             0     335554.520          14    87                       0                 0              0                0                0                    1        143   187        143      0         0                  0                 0                118            0      482       50      0                  7                   0                     0                   0           0
             0                 0          0       0          0             0     339072.320          14    88                       0                 0              0                0                0                    1        143   187        143      0         0                  0                 0                118            0      482       50      0                  7                   0                     0                   0           0
             0                 0          0       0          0             0     342590.120          14    89                       0                 0              0                0                0                    1        143   187        143      0         0                  0                 0                118            0      482       50      0                  7                   0                     0                   0           0
             0                 0          0       0          0             0     346107.920          14    90                       0                 0              0                0                0                    1        143   187        143      0         0                  0                 0                118            0      482       50      0                  7                   0                     0                   0           0
             0                 0          0       0          0             0     349625.720          14    91                       0                 0              0                0                0                    1        143   187        143      0         0                  0                 0                118            0      482       50      0                  7                   0                     0                   0           0
             0                 0          0       0          0             0     353143.520          14    92                       0                 0              0                0                0                    1        143   187        143      0         0                  0                 0                118            0      482       50      0                  7                   0                     0                   0           0
             0                 0          0       0          0             0     356661.320          14    93                       0                 0              0                0                0                    1        143   187        143      0         0                  0                 0                118            0      482       50      0                  7                   0                     0                   0           0
             0                 0          0       0          0             0     360179.120          14    94                       0                 0              0                0                0                    1        143   187        143      0         0                  0                 0                118            0      482       50      0                  7                   0                     0                   0           0
             0                 0          0       0          0             0     363696.920          14    95                       0                 0              0                0                0                    1        143   187        143      0         0                  0                 0                118            0      482       50      0                  7                   0                     0                   0           0
             0                 0          0       0          0             0     367214.720          14    96                       0                 0              0                0                0                    1        143   187        143      0         0                  0                 0                118            0      482       50      0                  7                   0                     0                   0           0
             0                 0          0       0          0             0     370732.520          14    97                       0                 0              0                0                0                    1        143   187        143      0         0                  0                 0                118            0      482       50      0                  7                   0                     0                   0           0
             0                 0          0       0          0             0     374250.320          14    98                       0                 0              0                0                0                    1        143   187        143      0         0                  0                 0                118            0      482       50      0                  7                   0                     0                   0           0
             0                 0          0       0          0             0     377768.120          14    99                       0                 0              0                0                0                    1        143   187        143      0         0                  0                 0                118            0      482       50      0                  7                   0                     0                   0           0
#pos runNum=0 0@(1.00000,1.00000)@0 1@(1.17410,1.24174)@605 2@(1.16911,1.24796)@590 3@(1.31612,1.16164)@768 4@(1.03599,1.06009)@544 5@(1.43324,1.11968)@1024 6@(1.23252,1.19128)@651 7@(1.20772,1.23275)@1117 8@(1.20018,1.27440)@1117 9@(1.49180,1.12358)@1326 10@(1.16842,1.40768)@1455 11@(1.29913,1.07713)@1409 12@(1.18191,1.30198)@1117 13@(1.35951,1.16864)@1393 14@(1.28248,1.05810)@1322 15@(1.28762,1.03468)@1204 16@(1.21841,1.35654)@1219 17@(1.22274,1.28616)@1458 18@(1.19509,1.10235)@1095 19@(1.35894,1.30590)@1877 20@(1.43646,0.96656)@1114 21@(1.51793,1.07725)@1355 22@(1.50304,1.31940)@1393 23@(1.09131,0.82815)@853 24@(1.45878,1.12342)@1394 25@(1.41677,0.95981)@2250 26@(1.19872,1.37658)@1499 27@(1.25007,1.07446)@1276 28@(1.15761,1.17897)@640 29@(1.14236,1.11971)@1336 30@(1.41834,1.25238)@1291 31@(0.94339,1.19081)@1455 32@(1.60809,1.32015)@1472 33@(1.18248,1.39261)@1294 34@(1.41547,1.43686)@1393 35@(1.14003,1.43754)@1230 36@(1.48389,1.17273)@1828 37@(0.98321,1.45386)@1373 38@(1.23858,1.00672)@551 39@(1.49230,1.04809)@1336 40@(1.17894,1.41025)@1967 41@(1.10843,1.46209)@2013 42@(1.13777,1.53307)@2055 43@(1.08239,1.46773)@1287 44@(1.35346,1.04200)@1772 45@(0.93706,1.33155)@1230 46@(1.67050,1.38774)@2198 47@(0.85101,1.61387)@1987 48@(0.76362,1.34691)@2077 49@(0.88973,1.30543)@853
#links runNum=0 24-44@-86dBm@0.957 14-15@-79dBm@1.000 8-32@-93dBm@0.637 2-8@-92dBm@0.683 13-19@-96dBm@0.183 8-17@-90dBm@0.864 38-39@-92dBm@0.668 12-17@-76dBm@1.000 8-40@-97dBm@0.067 10-24@-95dBm@0.278 13-37@-95dBm@0.202 19-34@-96dBm@0.167 15-21@-89dBm@0.868 17-26@-85dBm@0.963 32-39@-92dBm@0.710 28-29@-91dBm@0.800 47-49@-93dBm@0.535 1-11@-91dBm@0.740 10-40@-73dBm@1.000 1-37@-92dBm@0.669 0-6@-91dBm@0.752 20-44@-88dBm@0.914 9-18@-91dBm@0.795 41-43@-97dBm@0.035 42-43@-83dBm@0.975 15-17@-93dBm@0.653 13-20@-89dBm@0.866 17-18@-94dBm@0.499 5-45@-95dBm@0.203 44-49@-97dBm@0.061 8-29@-86dBm@0.954 5-22@-91dBm@0.731 11-21@-94dBm@0.379 24-46@-93dBm@0.641 35-43@-92dBm@0.702 4-14@-94dBm@0.511 12-29@-89dBm@0.898 6-7@-79dBm@0.996 42-45@-92dBm@0.683 1-17@-92dBm@0.686 40-41@-83dBm@0.974 15-30@-93dBm@0.650 14-23@-93dBm@0.657 2-6@-81dBm@0.987 19-30@-85dBm@0.959 3-34@-90dBm@0.842 16-35@-94dBm@0.456 13-32@-94dBm@0.471 14-25@-92dBm@0.700 10-49@-95dBm@0.207 4-18@-85dBm@0.961 18-27@-91dBm@0.744 3-11@-89dBm@0.869 20-40@-96dBm@0.185 20-25@-90dBm@0.864 3-13@-90dBm@0.865 10-41@-82dBm@0.984 31-48@-92dBm@0.711 9-13@-86dBm@0.953 16-30@-93dBm@0.643 39-46@-92dBm@0.662 32-46@-93dBm@0.649 8-42@-93dBm@0.580 10-19@-88dBm@0.918 4-25@-94dBm@0.346 11-28@-87dBm@0.947 5-38@-91dBm@0.758 11-14@-71dBm@1.000 2-31@-96dBm@0.186 6-33@-88dBm@0.933 41-42@-83dBm@0.974 3-42@-96dBm@0.117 32-34@-92dBm@0.669 11-15@-75dBm@1.000 9-12@-94dBm@0.445 11-45@-96dBm@0.082 5-9@-93dBm@0.650 16-19@-86dBm@0.951 14-46@-96dBm@0.097 13-31@-93dBm@0.617 20-39@-87dBm@0.940 19-45@-96dBm@0.176 33-41@-88dBm@0.919 16-17@-79dBm@0.999 27-38@-77dBm@1.000 7-27@-95dBm@0.312 18-29@-97dBm@0.004 6-21@-92dBm@0.703 22-32@-91dBm@0.736 2-33@-91dBm@0.746 32-38@-95dBm@0.198 3-22@-90dBm@0.862 25-39@-81dBm@0.985 4-27@-95dBm@0.233 25-30@-90dBm@0.861 41-45@-94dBm@0.324 9-40@-95dBm@0.207 10-11@-96dBm@0.128 19-23@-96dBm@0.182 16-25@-96dBm@0.155 41-49@-92dBm@0.664 16-44@-97dBm@0.060 5-13@-91dBm@0.747 35-37@-85dBm@0.959 7-19@-87dBm@0.942 26-43@-91dBm@0.792 13-42@-94dBm@0.394 28-40@-92dBm@0.693 38-44@-97dBm@0.071 40-47@-93dBm@0.638 12-42@-88dBm@0.936 2-15@-90dBm@0.864 9-19@-93dBm@0.659 33-37@-90dBm@0.811 11-20@-86dBm@0.951 23-27@-94dBm@0.469 19-20@-92dBm@0.662 1-4@-90dBm@0.824 20-38@-88dBm@0.922 4-36@-95dBm@0.229 17-19@-93dBm@0.523 6-30@-90dBm@0.846 33-43@-82dBm@0.983 1-45@-89dBm@0.882 3-14@-83dBm@0.976 4-45@-93dBm@0.611 7-8@-92dBm@0.684 14-21@-88dBm@0.914 1-24@-95dBm@0.220 37-48@-91dBm@0.738 0-28@-89dBm@0.897 10-33@-78dBm@1.000 2-7@-78dBm@1.000 33-38@-96dBm@0.099 23-44@-95dBm@0.219 26-42@-89dBm@0.892 11-29@-96dBm@0.122 4-15@-95dBm@0.212 28-35@-89dBm@0.869 5-7@-90dBm@0.850 26-33@-86dBm@0.952 8-10@-84dBm@0.974 14-18@-93dBm@0.570 13-27@-91dBm@0.733 14-22@-91dBm@0.778 7-38@-92dBm@0.716 3-29@-87dBm@0.941 34-41@-91dBm@0.757 13-22@-88dBm@0.929 8-18@-86dBm@0.951 18-37@-93dBm@0.650 27-29@-91dBm@0.723 3-26@-92dBm@0.703 18-23@-93dBm@0.646 9-39@-88dBm@0.934 6-40@-95dBm@0.288 25-28@-95dBm@0.221 6-17@-90dBm@0.833 3-39@-87dBm@0.946 7-41@-96dBm@0.098 4-44@-94dBm@0.432 34-42@-90dBm@0.818 10-16@-77dBm@1.000 9-36@-90dBm@0.812 2-3@-85dBm@0.964 8-12@-88dBm@0.903 2-45@-93dBm@0.571 19-26@-93dBm@0.596 1-35@-90dBm@0.864 13-21@-89dBm@0.882 25-36@-87dBm@0.938 33-40@-68dBm@1.000 24-28@-90dBm@0.816 24-30@-92dBm@0.663 3-9@-87dBm@0.942 8-9@-92dBm@0.704 12-16@-88dBm@0.927 10-18@-96dBm@0.189 16-33@-81dBm@0.985 9-24@-91dBm@0.787 1-38@-95dBm@0.297 15-31@-96dBm@0.180 0-38@-88dBm@0.928 11-44@-86dBm@0.957 10-38@-94dBm@0.476 5-6@-92dBm@0.680 30-34@-92dBm@0.702 2-28@-95dBm@0.216 28-30@-95dBm@0.207 1-2@-61dBm@1.000 1-36@-96dBm@0.120 18-28@-91dBm@0.789 8-36@-92dBm@0.679 12-18@-96dBm@0.083 14-28@-89dBm@0.891 7-13@-93dBm@0.651 27-44@-87dBm@0.948 35-42@-90dBm@0.863 13-36@-84dBm@0.974 5-24@-75dBm@1.000 16-26@-73dBm@1.000 2-24@-93dBm@0.656 7-26@-96dBm@0.162 21-25@-84dBm@0.973 13-44@-84dBm@0.969 12-25@-95dBm@0.257 1-31@-94dBm@0.369 5-26@-92dBm@0.684 26-37@-91dBm@0.739 6-10@-92dBm@0.676 6-31@-93dBm@0.658 3-46@-95dBm@0.206 31-49@-97dBm@0.052 39-44@-93dBm@0.640 36-38@-93dBm@0.650 1-16@-89dBm@0.871 10-34@-93dBm@0.600 1-12@-78dBm@1.000 19-24@-92dBm@0.662 37-40@-92dBm@0.673 1-3@-89dBm@0.870 6-16@-95dBm@0.260 0-5@-93dBm@0.558 14-38@-78dBm@1.000 7-12@-90dBm@0.863 7-31@-96dBm@0.126 3-5@-88dBm@0.934 6-49@-92dBm@0.691 7-28@-95dBm@0.300 8-14@-94dBm@0.396 42-47@-91dBm@0.727 0-2@-90dBm@0.863 7-37@-91dBm@0.742 5-32@-94dBm@0.461 0-4@-84dBm@0.974 28-31@-96dBm@0.186 16-27@-92dBm@0.697 11-35@-93dBm@0.610 20-30@-93dBm@0.636 6-27@-90dBm@0.861 0-23@-93dBm@0.643 0-1@-90dBm@0.834 3-41@-96dBm@0.165 1-7@-73dBm@1.000 35-41@-89dBm@0.867 45-49@-87dBm@0.941 6-11@-84dBm@0.974 3-15@-91dBm@0.727 1-8@-76dBm@1.000 26-41@-85dBm@0.961 7-10@-90dBm@0.861 31-40@-92dBm@0.691 14-27@-79dBm@1.000 0-49@-92dBm@0.684 3-32@-91dBm@0.774 40-43@-85dBm@0.960 6-26@-89dBm@0.869 37-47@-88dBm@0.909 11-33@-95dBm@0.293 24-34@-97dBm@0.033 8-28@-81dBm@0.985 15-19@-93dBm@0.557 12-26@-97dBm@0.063 9-14@-87dBm@0.940 41-44@-96dBm@0.110 2-30@-96dBm@0.153 18-24@-95dBm@0.223 0-3@-92dBm@0.669 2-5@-90dBm@0.864 13-49@-94dBm@0.430 19-35@-89dBm@0.884 5-15@-93dBm@0.648 8-35@-92dBm@0.707 29-36@-92dBm@0.677 33-35@-88dBm@0.937 16-23@-97dBm@0.021 33-48@-94dBm@0.490 11-22@-90dBm@0.839 15-23@-94dBm@0.395 8-26@-82dBm@0.985 1-43@-91dBm@0.795 2-4@-89dBm@0.899 45-48@-88dBm@0.934 5-19@-92dBm@0.662 12-31@-91dBm@0.745 5-36@-93dBm@0.660 6-39@-96dBm@0.126
#aveChargePerCycle runNum=0 0@406.97 1@357.59 2@336.33 3@296.98 4@230.03 5@242.46 6@296.38 7@101.49 8@200.48 9@53.92 10@52.59 11@31.46 12@104.08 13@27.47 14@74.99 15@52.10 16@31.74 17@1.30 18@81.39 19@1.94 20@70.80 21@1.30 22@1.94 23@44.99 24@26.82 25@1.94 26@49.76 27@1.94 28@103.80 29@1.30 30@27.47 31@1.94 32@25.65 33@85.12 34@1.94 35@26.54 36@1.30 37@53.15 38@153.79 39@26.82 40@19.99 41@1.30 42@1.30 43@1.30 44@1.94 45@27.22 46@2.59 47@2.59 48@1.30 49@28.36