## dioPeriod = 1.0
## burstTimestamp = 20
## minRssi = -97
## numMotes = 50
## otfHousekeepingPeriod = 1.0
## sixtopNoRemoveWorstCell = 0
## simDataDir = simData
## numChans = 16
## slotframeLength = 101
## squareSide = 2.0
## cpuID = 8
## sixtopPdrThreshold = 1.5
## pkPeriod = None
## sixtopHousekeepingPeriod = 1.0
## sixtopNoHousekeeping = 0
## algorithm = otf
## pkPeriodVar = 0.05
## numCyclesPerRun = 100
## startTime = 1502276471.23
## slotDuration = 0.01
## numRuns = 1
## combinationKeys = ['algorithm', 'numMotes', 'otfThreshold']
## numPacketsBurst = 5
## otfThreshold = 1
## noInterference = 0
## gui = False


# appGenerated appReachesDagroot appRelayed aveHops aveLatency aveQueueDelay chargeConsumed collidedTxs cycle droppedAppFailedEnqueue droppedMacRetries droppedNoRoute droppedNoTxCells droppedQueueFull effectiveCollidedTxs numRxCells numTx numTxCells otfAdd otfRemove probableCollisions rplChurnParentSet rplChurnPrefParent rplChurnRank rplRxDIO rplTxDIO runNum scheduleCollisions topRxRelocatedCells topTxRelocatedBundles topTxRelocatedCells txQueueFill
             0                 0          0       0          0             0              0           0     0                       0                 0              0                0                0                    0          0     0          0      0         0                  0                 0                  0            0        0        0      0                  0                   0                     0                   0           0
             0                 0          0       0          0             0       1254.600           6     1                       0                 0              0                0                0                    3        100     0        100    100         0                  0               144                 98            3      562       50      0                  3                   0                     0                   0           0
             0                 0          0       0          0             0       4452.600          10     2                       0                 0              0                0                0                    5        131     0        131     31         0                  0                 0                146            0      562       50      0                  5                   0                     0                   0           0
             0                 0          0       0          0             0       7675.200          10     3                       0                 0              0                0                0                    5        131     0        131      0         0                  0                 0                146            0      562       50      0                  5                   0                     0                   0           0
             0                 0          0       0          0             0      10897.800          10     4                       0                 0              0                0                0                    5        131     0        131      0         0                  0                 0                146            0      562       50      0                  5                   0                     0                   0           0
             0                 0          0       0          0             0      14120.400          10     5                       0                 0              0                0                0                    5        131     0        131      0         0                  0                 0                146            0      562       50      0                  5                   0                     0                   0           0
             0                 0          0       0          0             0      17343.000          10     6                       0                 0              0                0                0                    5        131     0        131      0         0                  0                 0                146            0      562       50      0                  5                   0                     0                   0           0
             0                 0          0       0          0             0      20565.600          10     7                       0                 0              0                0                0                    5        131     0        131      0         0                  0                 0                146            0      562       50      0                  5                   0                     0                   0           0
             0                 0          0       0          0             0      23788.200          10     8                       0                 0              0                0                0                    5        131     0        131      0         0                  0                 0                146            0      562       50      0                  5                   0                     0                   0           0
             0                 0          0       0          0             0      27010.800          10     9                       0                 0              0                0                0                    5        131     0        131      0         0                  0                 0                146            0      562       50      0                  5                   0                     0                   0           0
             0                 0          0       0          0             0      30233.400          10    10                       0                 0              0                0                0                    5        131     0        131      0         0                  0                 0                146            0      562       50      0                  5                   0                     0                   0           0
             0                 0          0       0          0             0      33456.000          10    11                       0                 0              0                0                0                    5        131     0        131      0         0                  0                 0                146            0      562       50      0                  5                   0                     0                   0           0
             0                 0          0       0          0             0      36678.600          10    12                       0                 0              0                0                0                    5        131     0        131      0         0                  0                 0                146            0      562       50      0                  5                   0                     0                   0           0
             0                 0          0       0          0             0      39901.200          10    13                       0                 0              0                0                0                    5        131     0        131      0         0                  0                 0                146            0      562       50      0                  5                   0                     0                   0           0
             0                 0          0       0          0             0      43123.800          10    14                       0                 0              0                0                0                    5        131     0        131      0         0                  0                 0                146            0      562       50      0                  5                   0                     0                   0           0
             0                 0          0       0          0             0      46346.400          10    15                       0                 0              0                0                0                    5        131     0        131      0         0                  0                 0                146            0      562       50      0                  5                   0                     0                   0           0
             0                 0          0       0          0             0      49569.000          10    16                       0                 0              0                0                0                    5        131     0        131      0         0                  0                 0                146            0      562       50      0                  5                   0                     0                   0           0
             0                 0          0       0          0             0      52791.600          10    17                       0                 0              0                0                0                    5        131     0        131      0         0                  0                 0                146            0      562       50      0                  5                   0                     0                   0           0
             0                 0          0       0          0             0      56014.200          10    18                       0                 0              0                0                0                    5        131     0        131      0         0                  0                 0                146            0      562       50      0                  5                   0                     0                   0           0
            49                 0          8       0          0        80.000      60692.320          10    19                       0                 0              0                0                0                    5        135    16        135      2         0                  0                 0                146            0      562       50      0                  5                   0                     0                   0          49
             0                28         47   1.821     80.107      1894.033      74263.960          34    20                       0                 0              0                0                0                   12        210   103        210     25         0                  4                 3                155            8      562       50      0                 17                   0                     0                   0          21
             0                21          5   2.762    146.714       479.100      82081.480          14    21                       0                 0              0                0                0                    5        164   109        164      5        20                  0                 5                156           46      562       50      0                  7                   2                     0                   0           0
             0                 0          0       0          0             0      85894.480          10    22                       0                 0              0                0                0                    3        149    94        149      2         8                  0                 0                158           16      562       50      0                  5                   0                     0                   0           0
             0                 0          0       0          0             0      89559.880          10    23                       0                 0              0                0                0                    3        149    94        149      0         0                  0                 0                168           25      562       50      0                  5                   0                     0                   0           0
             0                 0          0       0          0             0      93151.480           8    24                       0                 0              0                0                0                    3        143    86        143      0         3                  0                 0                169            0      562       50      0                  4                   0                     0                   0           0
             0                 0          0       0          0             0      96644.680           6    25                       0                 0              0                0                0                    3        143    86        143      1         0                  0                 2                168            6      562       50      0                  3                   0                     0                   0           0
             0                 0          0       0          0             0     100162.480           6    26                       0                 0              0                0                0                    3        143    86        143      0         0                  0                 0                168            0      562       50      0                  3                   0                     0                   0           0
             0                 0          0       0          0             0     103680.280           6    27                       0                 0              0                0                0                    3        143    86        143      0         0                  0                 0                168            0      562       50      0                  3                   0                     0                   0           0
             0                 0          0       0          0             0     107198.080           6    28                       0                 0              0                0                0                    3        143    86        143      0         0                  0                 0                168            0      562       50      0                  3                   0                     0                   0           0
             0                 0          0       0          0             0     110715.880           6    29                       0                 0              0                0                0                    3        143    86        143      0         0                  0                 0                168            0      562       50      0                  3                   0                     0                   0           0
             0                 0          0       0          0             0     114233.680           6    30                       0                 0              0                0                0                    3        143    86        143      0         0                  0                 0                168            0      562       50      0                  3                   0                     0                   0           0
             0                 0          0       0          0             0     117751.480           6    31                       0                 0              0                0                0                    3        143    86        143      0         0                  0                 0                168            0      562       50      0                  3                   0                     0                   0           0
             0                 0          0       0          0             0     121269.280           6    32                       0                 0              0                0                0                    3        143    86        143      0         0                  0                 0                168            0      562       50      0                  3                   0                     0                   0           0
             0                 0          0       0          0             0     124787.080           6    33                       0                 0              0                0                0                    3        143    86        143      0         0                  0                 0                168            0      562       50      0                  3                   0                     0                   0           0
             0                 0          0       0          0             0     128304.880           6    34                       0                 0              0                0                0                    3        143    86        143      0         0                  0                 0                168            0      562       50      0                  3                   0                     0                   0           0
             0                 0          0       0          0             0     131822.680           6    35                       0                 0              0                0                0                    3        143    86        143      0         0                  0                 0                168            0      562       50      0                  3                   0                     0                   0           0
             0                 0          0       0          0             0     135340.480           6    36                       0                 0              0                0                0                    3        143    86        143      0         0                  0                 0                168            0      562       50      0                  3                   0                     0                   0           0
             0                 0          0       0          0             0     138858.280           6    37                       0                 0              0                0                0                    3        143    86        143      0         0                  0                 0                168            0      562       50      0                  3                   0                     0                   0           0
             0                 0          0       0          0             0     142376.080           6    38                       0                 0              0                0                0                    3        143    86        143      0         0                  0                 0                168            0      562       50      0                  3                   0                     0                   0           0
             0                 0          0       0          0             0     145893.880           6    39                       0                 0              0                0                0                    3        143    86        143      0         0                  0                 0                168            0      562       50      0                  3                   0                     0                   0           0
             0                 0          0       0          0             0     149411.680           6    40                       0                 0              0                0                0                    3        143    86        143      0         0                  0                 0                168            0      562       50      0                  3                   0                     0                   0           0
             0                 0          0       0          0             0     152929.480           6    41                       0                 0              0                0                0                    3        143    86        143      0         0                  0                 0                168            0      562       50      0                  3                   0                     0                   0           0
             0                 0          0       0          0             0     156447.280           6    42                       0                 0              0                0                0                    3        143    86        143      0         0                  0                 0                168            0      562       50      0                  3                   0                     0                   0           0
             0                 0          0       0          0             0     159965.080           6    43                       0                 0              0                0                0                    3        143    86        143      0         0                  0                 0                168            0      562       50      0                  3                   0                     0                   0           0
             0                 0          0       0          0             0     163482.880           6    44                       0                 0              0                0                0                    3        143    86        143      0         0                  0                 0                168            0      562       50      0                  3                   0                     0                   0           0
             0                 0          0       0          0             0     167000.680           6    45                       0                 0              0                0                0                    3        143    86        143      0         0                  0                 0                168            0      562       50      0                  3                   0                     0                   0           0
             0                 0          0       0          0             0     170518.480           6    46                       0                 0              0                0                0                    3        143    86        143      0         0                  0                 0                168            0      562       50      0                  3                   0                     0                   0           0
             0                 0          0       0          0             0     174036.280           6    47                       0                 0              0                0                0                    3        143    86        143      0         0                  0                 0                168            0      562       50      0                  3                   0                     0                   0           0
             0                 0          0       0          0             0     177554.080           6    48                       0                 0              0                0                0                    3        143    86        143      0         0                  0                 0                168            0      562       50      0                  3                   0                     0                   0           0
             0                 0          0       0          0             0     181071.880           6    49                       0                 0              0                0                0                    3        143    86        143      0         0                  0                 0                168            0      562       50      0                  3                   0                     0                   0           0
             0                 0          0       0          0             0     184589.680           6    50                       0                 0              0                0                0                    3        143    86        143      0         0                  0                 0                168            0      562       50      0                  3                   0                     0                   0           0
             0                 0          0       0          0             0     188107.480           6    51                       0                 0              0                0                0                    3        143    86        143      0         0                  0                 0                168            0      562       50      0                  3                   0                     0                   0           0
             0                 0          0       0          0             0     191625.280           6    52                       0                 0              0                0                0                    3        143    86        143      0         0                  0                 0                168            0      562       50      0                  3                   0                     0                   0           0
             0                 0          0       0          0             0     195143.080           6    53                       0                 0              0                0                0                    3        143    86        143      0         0                  0                 0                168            0      562       50      0                  3                   0                     0                   0           0
             0                 0          0       0          0             0     198660.880           6    54                       0                 0              0                0                0                    3        143    86        143      0         0                  0                 0                168            0      562       50      0                  3                   0                     0                   0           0
             0                 0          0       0          0             0     202178.680           6    55                       0                 0              0                0                0                    3        143    86        143      0         0                  0                 0                168            0      562       50      0                  3                   0                     0                   0           0
             0                 0          0       0          0             0     205696.480           6    56                       0                 0              0                0                0                    3        143    86        143      0         0                  0                 0                168            0      562       50      0                  3                   0                     0                   0           0
             0                 0          0       0          0             0     209214.280           6    57                       0                 0              0                0                0                    3        143    86        143      0         0                  0                 0                168            0      562       50      0                  3                   0                     0                   0           0
             0                 0          0       0          0             0     212732.080           6    58                       0                 0              0                0                0                    3        143    86        143      0         0                  0                 0                168            0      562       50      0                  3                   0                     0                   0           0
            49                 8         38   1.250     21.000       982.000     222448.820          10    59                       0                 0              0                0                0                    4        161   143        161      7         0                  2                 0                168            0      562       50      0                  5                   0                     0                   0          41
             0                28         32   2.214    106.036      1433.350     234382.360          12    60                       0                 0              0                0                0                    6        179   208        179     11         4                  1                 1                154           22      562       50      0                  6                   0                     0                   0          13
             0                12          0   3.500    203.833       220.429     239896.000          10    61                       0                 0              0                0                0                    5        164   198        164      3         8                  0                 4                148           33      562       50      0                  5                   1                     0                   0           1
             0                 1          0   5.000    316.000       174.000     243850.720          10    62                       0                 0              0                0                0                    5        154   185        154      0         5                  0                 0                157           24      562       50      0                  5                   0                     0                   0           0
             0                 0          0       0          0             0     247589.920          10    63                       0                 0              0                0                0                    5        150   180        150      0         2                  0                 0                157            5      562       50      0                  5                   0                     0                   0           0
             0                 0          0       0          0             0     251230.720          10    64                       0                 0              0                0                0                    5        148   180        148      0         0                  0                 1                157           14      562       50      0                  5                   0                     0                   0           0
             0                 0          0       0          0             0     254871.520          10    65                       0                 0              0                0                0                    5        148   180        148      0         0                  0                 0                157            0      562       50      0                  5                   0                     0                   0           0
             0                 0          0       0          0             0     258512.320          10    66                       0                 0              0                0                0                    5        148   180        148      0         0                  0                 0                157            0      562       50      0                  5                   0                     0                   0           0
             0                 0          0       0          0             0     262153.120          10    67                       0                 0              0                0                0                    5        148   180        148      0         0                  0                 0                157            0      562       50      0                  5                   0                     0                   0           0
             0                 0          0       0          0             0     265793.920          10    68                       0                 0              0                0                0                    5        148   180        148      0         0                  0                 0                157            0      562       50      0                  5                   0                     0                   0           0
             0                 0          0       0          0             0     269434.720          10    69                       0                 0              0                0                0                    5        148   180        148      0         0                  0                 0                157            0      562       50      0                  5                   0                     0                   0           0
             0                 0          0       0          0             0     273075.520          10    70                       0                 0              0                0                0                    5        148   180        148      0         0                  0                 0                157            0      562       50      0                  5                   0                     0                   0           0
             0                 0          0       0          0             0     276716.320          10    71                       0                 0              0                0                0                    5        148   180        148      0         0                  0                 0                157            0      562       50      0                  5                   0                     0                   0           0
             0                 0          0       0          0             0     280357.120          10    72                       0                 0              0                0                0                    5        148   180        148      0         0                  0                 0                157            0      562       50      0                  5                   0                     0                   0           0
             0                 0          0       0          0             0     283997.920          10    73                       0                 0              0                0                0                    5        148   180        148      0         0                  0                 0                157            0      562       50      0                  5                   0                     0                   0           0
             0                 0          0       0          0             0     287638.720          10    74                       0                 0              0                0                0                    5        148   180        148      0         0                  0                 0                157            0      562       50      0                  5                   0                     0                   0           0
             0                 0          0       0          0             0     291279.520          10    75                       0                 0              0                0                0                    5        148   180        148      0         0                  0                 0                157            0      562       50      0                  5                   0                     0                   0           0
             0                 0          0       0          0             0     294920.320          10    76                       0                 0              0                0                0                    5        148   180        148      0         0                  0                 0                157            0      562       50      0                  5                   0                     0                   0           0
             0                 0          0       0          0             0     298561.120          10    77                       0                 0              0                0                0                    5        148   180        148      0         0                  0                 0                157            0      562       50      0                  5                   0                     0                   0           0
             0                 0          0       0          0             0     302201.920          10    78                       0                 0              0                0                0                    5        148   180        148      0         0                  0                 0                157            0      562       50      0                  5                   0                     0                   0           0
             0                 0          0       0          0             0     305842.720          10    79                       0                 0              0                0                0                    5        148   180        148      0         0                  0                 0                157            0      562       50      0                  5                   0                     0                   0           0
             0                 0          0       0          0             0     309483.520          10    80                       0                 0              0                0                0                    5        148   180        148      0         0                  0                 0                157            0      562       50      0                  5                   0                     0                   0           0
             0                 0          0       0          0             0     313124.320          10    81                       0                 0              0                0                0                    5        148   180        148      0         0                  0                 0                157            0      562       50      0                  5                   0                     0                   0           0
             0                 0          0       0          0             0     316765.120          10    82                       0                 0              0                0                0                    5        148   180        148      0         0                  0                 0                157            0      562       50      0                  5                   0                     0                   0           0
             0                 0          0       0          0             0     320405.920          10    83                       0                 0              0                0                0                    5        148   180        148      0         0                  0                 0                157            0      562       50      0                  5                   0                     0                   0           0
             0                 0          0       0          0             0     324046.720          10    84                       0                 0              0                0                0                    5        148   180        148      0         0                  0                 0                157            0      562       50      0                  5                   0                     0                   0           0
             0                 0          0       0          0             0     327687.520          10    85                       0                 0              0                0                0                    5        148   180        148      0         0                  0                 0                157            0      562       50      0                  5                   0                     0                   0           0
             0                 0          0       0          0             0     331328.320          10    86                       0                 0              0                0                0                    5        148   180        148      0         0                  0                 0                157            0      562       50      0                  5                   0                     0                   0           0
             0                 0          0       0          0             0     334969.120          10    87                       0                 0              0                0                0                    5        148   180        148      0         0                  0                 0                157            0      562       50      0                  5                   0                     0                   0           0
             0                 0          0       0          0             0     338609.920          10    88                       0                 0              0                0                0                    5        148   180        148      0         0                  0                 0                157            0      562       50      0                  5                   0                     0                   0           0
             0                 0          0       0          0             0     342250.720          10    89                       0                 0              0                0                0                    5        148   180        148      0         0                  0                 0                157            0      562       50      0                  5                   0                     0                   0           0
             0                 0          0       0          0             0     345891.520          10    90                       0                 0              0                0                0                    5        148   180        148      0         0                  0                 0                157            0      562       50      0                  5                   0                     0                   0           0
             0                 0          0       0          0             0     349532.320          10    91                       0                 0              0                0                0                    5        148   180        148      0         0                  0                 0                157            0      562       50      0                  5                   0                     0                   0           0
             0                 0          0       0          0             0     353173.120          10    92                       0                 0              0                0                0                    5        148   180        148      0         0                  0                 0                157            0      562       50      0                  5                   0                     0                   0           0
             0                 0          0       0          0             0     356813.920          10    93                       0                 0              0                0                0                    5        148   180        148      0         0                  0                 0                157            0      562       50      0                  5                   0                     0                   0           0
             0                 0          0       0          0             0     360454.720          10    94                       0                 0              0                0                0                    5        148   180        148      0         0                  0                 0                157            0      562       50      0                  5                   0                     0                   0           0
             0                 0          0       0          0             0     364095.520          10    95                       0                 0              0                0                0                    5        148   180        148      0         0                  0                 0                157            0      562       50      0                  5                   0                     0                   0           0
             0                 0          0       0          0             0     367736.320          10    96                       0                 0              0                0                0                    5        148   180        148      0         0                  0                 0                157            0      562       50      0                  5                   0                     0                   0           0
             0                 0          0       0          0             0     371377.120          10    97                       0                 0              0                0                0                    5        148   180        148      0         0                  0                 0                157            0      562       50      0                  5                   0                     0                   0           0
             0                 0          0       0          0             0     375017.920          10    98                       0                 0              0                0                0                    5        148   180        148      0         0                  0                 0                157            0      562       50      0                  5                   0                     0                   0           0
             0                 0          0       0          0             0     378658.720          10    99                       0                 0              0                0                0                    5        148   180        148      0         0                  0                 0                157            0      562       50      0                  5                   0                     0                   0           0
#pos runNum=0 0@(1.00000,1.00000)@0 1@(0.80937,1.13883)@651 2@(1.05358,1.02249)@558 3@(0.93695,0.98804)@548 4@(0.96377,1.01848)@563 5@(0.80769,0.91364)@1262 6@(0.94482,1.01918)@625 7@(0.97213,0.95754)@554 8@(0.96992,1.00063)@1121 9@(0.95667,1.15500)@551 10@(0.80509,0.72967)@1252 11@(1.20082,0.98840)@1191 12@(1.02675,1.24739)@1791 13@(1.05238,1.00683)@1276 14@(1.10432,0.88405)@1536 15@(0.82688,0.83732)@1358 16@(0.72379,1.01363)@1188 17@(0.56027,1.05124)@1333 18@(0.88510,0.59163)@1401 19@(0.71954,0.93491)@1329 20@(1.02874,1.00780)@558 21@(1.19198,1.07779)@1362 22@(0.99970,1.00642)@512 23@(0.91756,0.75614)@804 24@(1.12809,1.02881)@1177 25@(0.99697,0.88847)@1289 26@(1.07873,1.30355)@1176 27@(1.06339,1.13917)@1684 28@(0.83317,0.88699)@1111 29@(1.26309,0.97896)@1326 30@(0.73500,1.10078)@938 31@(1.27248,1.15485)@1563 32@(0.65643,1.18335)@1265 33@(0.59692,1.28317)@1276 34@(1.05342,1.05512)@1675 35@(0.73495,0.93615)@1774 36@(1.01585,0.95640)@1116 37@(0.99493,1.19806)@1291 38@(0.97862,1.15069)@1070 39@(0.99068,0.96903)@1183 40@(1.21848,0.72948)@1431 41@(0.70666,1.20213)@1478 42@(1.00538,0.79760)@1162 43@(1.15907,1.16954)@682 44@(1.06066,1.02833)@1183 45@(0.98063,0.97630)@512 46@(1.01455,1.07572)@1126 47@(1.20402,1.17048)@1925 48@(0.91657,1.21079)@1382 49@(0.93568,1.09513)@1121
#links runNum=0 1-33@-89dBm@0.868 24-48@-90dBm@0.859 13-37@-96dBm@0.077 1-13@-89dBm@0.876 8-29@-94dBm@0.429 41-48@-96dBm@0.083 0-6@-90dBm@0.863 3-21@-95dBm@0.233 2-14@-95dBm@0.250 16-46@-92dBm@0.669 6-36@-81dBm@0.985 7-12@-93dBm@0.638 24-27@-94dBm@0.403 13-26@-90dBm@0.826 4-12@-93dBm@0.540 4-23@-91dBm@0.760 2-25@-91dBm@0.728 20-22@-85dBm@0.960 13-16@-94dBm@0.344 36-42@-95dBm@0.274 6-34@-95dBm@0.232 7-15@-92dBm@0.679 10-43@-96dBm@0.190 7-37@-96dBm@0.152 27-39@-93dBm@0.613 20-36@-77dBm@1.000 2-43@-96dBm@0.135 11-34@-95dBm@0.274 36-45@-81dBm@0.987 9-26@-90dBm@0.863 39-44@-85dBm@0.967 17-33@-92dBm@0.671 5-13@-94dBm@0.510 0-7@-83dBm@0.975 7-36@-93dBm@0.655 6-14@-88dBm@0.937 2-48@-88dBm@0.929 29-40@-94dBm@0.475 7-8@-74dBm@1.000 20-31@-95dBm@0.253 22-36@-90dBm@0.851 5-34@-92dBm@0.704 6-9@-88dBm@0.906 5-7@-87dBm@0.945 24-29@-88dBm@0.918 12-34@-89dBm@0.866 10-47@-96dBm@0.158 10-19@-97dBm@0.006 42-44@-89dBm@0.868 2-3@-88dBm@0.923 43-48@-94dBm@0.321 22-46@-93dBm@0.646 25-30@-95dBm@0.204 5-28@-87dBm@0.944 2-34@-96dBm@0.075 40-43@-97dBm@0.049 15-40@-94dBm@0.520 24-45@-89dBm@0.877 13-48@-89dBm@0.899 13-36@-89dBm@0.868 10-18@-86dBm@0.955 10-36@-90dBm@0.850 22-27@-85dBm@0.967 25-49@-95dBm@0.198 16-17@-87dBm@0.941 26-48@-94dBm@0.456 14-25@-84dBm@0.971 12-46@-92dBm@0.710 6-24@-97dBm@0.012 11-37@-95dBm@0.200 4-28@-90dBm@0.862 17-19@-87dBm@0.940 17-35@-93dBm@0.649 20-23@-93dBm@0.639 22-23@-89dBm@0.886 4-20@-90dBm@0.865 7-20@-96dBm@0.184 8-44@-88dBm@0.937 4-39@-86dBm@0.951 0-3@-79dBm@0.997 13-39@-91dBm@0.762 22-38@-87dBm@0.944 11-45@-95dBm@0.212 5-36@-88dBm@0.924 21-28@-93dBm@0.611 32-46@-93dBm@0.638 34-47@-88dBm@0.933 6-19@-91dBm@0.784 5-11@-93dBm@0.658 2-17@-97dBm@0.018 2-20@-79dBm@0.996 14-36@-82dBm@0.985 1-37@-89dBm@0.868 30-33@-95dBm@0.280 2-27@-93dBm@0.597 8-22@-79dBm@0.997 41-46@-95dBm@0.314 22-28@-97dBm@0.005 19-35@-74dBm@1.000 6-7@-83dBm@0.977 2-6@-82dBm@0.979 9-43@-91dBm@0.784 17-46@-96dBm@0.151 4-18@-93dBm@0.564 21-44@-88dBm@0.937 0-20@-86dBm@0.959 27-37@-91dBm@0.738 2-37@-89dBm@0.879 8-25@-90dBm@0.862 0-43@-91dBm@0.728 3-45@-78dBm@1.000 6-45@-96dBm@0.183 3-4@-79dBm@1.000 5-17@-97dBm@0.032 1-34@-93dBm@0.592 28-38@-97dBm@0.006 32-35@-96dBm@0.191 7-34@-93dBm@0.659 8-45@-96dBm@0.129 20-29@-93dBm@0.657 0-22@-64dBm@1.000 27-32@-93dBm@0.644 22-29@-92dBm@0.706 0-9@-88dBm@0.935 14-28@-95dBm@0.222 4-8@-74dBm@1.000 1-45@-92dBm@0.715 30-41@-88dBm@0.920 13-49@-92dBm@0.664 24-28@-92dBm@0.709 16-35@-81dBm@0.985 31-48@-96dBm@0.178 9-12@-88dBm@0.925 34-36@-88dBm@0.933 15-38@-95dBm@0.223 24-47@-89dBm@0.898 4-5@-92dBm@0.707 13-38@-87dBm@0.947 13-21@-88dBm@0.936 2-45@-80dBm@0.992 20-34@-93dBm@0.544 22-37@-89dBm@0.870 3-37@-95dBm@0.282 22-34@-89dBm@0.893 39-45@-84dBm@0.972 38-43@-91dBm@0.730 15-24@-91dBm@0.731 7-26@-94dBm@0.405 6-22@-78dBm@1.000 3-10@-91dBm@0.797 6-10@-91dBm@0.756 4-16@-89dBm@0.869 44-48@-88dBm@0.935 1-3@-89dBm@0.865 19-33@-93dBm@0.633 21-31@-82dBm@0.981 0-45@-71dBm@1.000 12-32@-92dBm@0.668 39-42@-87dBm@0.948 39-46@-91dBm@0.771 13-41@-93dBm@0.641 9-11@-90dBm@0.861 8-39@-80dBm@0.988 18-28@-92dBm@0.697 4-6@-88dBm@0.929 12-15@-93dBm@0.576 25-37@-95dBm@0.245 14-34@-91dBm@0.730 0-30@-93dBm@0.560 5-8@-94dBm@0.345 2-4@-86dBm@0.955 8-26@-95dBm@0.304 20-26@-93dBm@0.661 2-8@-84dBm@0.974 22-26@-94dBm@0.340 2-36@-82dBm@0.982 3-36@-79dBm@0.999 6-30@-92dBm@0.671 20-44@-91dBm@0.737 1-48@-92dBm@0.716 30-38@-92dBm@0.710 7-13@-96dBm@0.138 42-43@-94dBm@0.344 7-49@-90dBm@0.865 39-43@-92dBm@0.695 2-39@-88dBm@0.910 20-48@-90dBm@0.857 45-46@-84dBm@0.973 2-40@-95dBm@0.295 15-39@-87dBm@0.943 21-47@-84dBm@0.968 7-32@-93dBm@0.572 23-28@-93dBm@0.551 7-21@-93dBm@0.631 10-26@-97dBm@0.029 5-38@-93dBm@0.615 8-16@-95dBm@0.306 3-42@-90dBm@0.861 22-35@-95dBm@0.218 6-25@-92dBm@0.708 8-20@-90dBm@0.862 44-45@-81dBm@0.988 23-42@-89dBm@0.897 11-24@-91dBm@0.723 19-38@-95dBm@0.236 20-49@-83dBm@0.978 36-38@-95dBm@0.203 1-2@-93dBm@0.657 15-16@-97dBm@0.025 39-49@-91dBm@0.729 0-1@-91dBm@0.720 14-48@-97dBm@0.041 27-35@-93dBm@0.602 19-49@-95dBm@0.193 15-19@-85dBm@0.961 12-38@-86dBm@0.958 32-45@-94dBm@0.357 5-24@-91dBm@0.719 31-43@-86dBm@0.951 14-29@-87dBm@0.946 12-16@-95dBm@0.204 8-9@-89dBm@0.865 23-36@-93dBm@0.649 8-15@-94dBm@0.516 34-48@-93dBm@0.597 32-41@-83dBm@0.974 42-49@-96dBm@0.145 3-28@-84dBm@0.974 5-46@-89dBm@0.893 26-39@-96dBm@0.140 15-21@-96dBm@0.154 42-45@-89dBm@0.867 12-21@-89dBm@0.869 3-33@-93dBm@0.597 24-46@-94dBm@0.509 30-39@-95dBm@0.213 5-42@-90dBm@0.863 37-45@-94dBm@0.331 43-47@-87dBm@0.938 17-49@-92dBm@0.707 3-5@-93dBm@0.602 0-2@-82dBm@0.985 20-41@-97dBm@0.071 3-18@-92dBm@0.667 6-46@-94dBm@0.504 1-32@-90dBm@0.841 30-36@-96dBm@0.156 15-18@-91dBm@0.788 2-13@-70dBm@1.000 8-28@-89dBm@0.870 11-38@-90dBm@0.851 8-10@-92dBm@0.705 4-37@-96dBm@0.113 15-23@-88dBm@0.934 24-36@-84dBm@0.973 13-18@-95dBm@0.271 3-14@-96dBm@0.096 0-14@-94dBm@0.377 4-13@-95dBm@0.193 17-42@-96dBm@0.162 4-24@-85dBm@0.965 20-46@-97dBm@0.022 44-47@-92dBm@0.695 7-40@-92dBm@0.690 6-41@-92dBm@0.682 2-21@-92dBm@0.669 21-49@-90dBm@0.836 8-13@-86dBm@0.957 1-17@-90dBm@0.863 10-35@-95dBm@0.219 14-19@-93dBm@0.644 3-44@-88dBm@0.905 22-44@-97dBm@0.070 15-28@-86dBm@0.957 13-46@-92dBm@0.699 7-25@-78dBm@1.000 4-47@-95dBm@0.240 7-17@-93dBm@0.603 23-49@-92dBm@0.679 5-49@-88dBm@0.934 10-13@-94dBm@0.482 2-44@-89dBm@0.867 25-36@-81dBm@0.985 7-14@-93dBm@0.639 29-49@-97dBm@0.014 3-22@-78dBm@1.000 12-31@-90dBm@0.865 39-47@-95dBm@0.202 15-42@-95dBm@0.209 21-40@-94dBm@0.501 7-39@-68dBm@1.000 13-24@-97dBm@0.059 5-16@-89dBm@0.866 5-35@-78dBm@1.000 8-14@-91dBm@0.731 1-16@-97dBm@0.037 31-41@-96dBm@0.119 8-42@-95dBm@0.263 12-13@-95dBm@0.207 38-47@-90dBm@0.860 12-25@-97dBm@0.059 15-45@-90dBm@0.847 6-48@-92dBm@0.673 21-45@-89dBm@0.885 34-46@-94dBm@0.462 28-32@-91dBm@0.725 2-22@-91dBm@0.732 2-5@-91dBm@0.796 0-17@-95dBm@0.299 18-45@-96dBm@0.187 6-31@-93dBm@0.655 4-49@-84dBm@0.974 37-47@-95dBm@0.261 11-42@-91dBm@0.794 27-44@-90dBm@0.808 22-48@-91dBm@0.758 9-17@-96dBm@0.169 8-43@-96dBm@0.122 5-26@-96dBm@0.156 36-48@-95dBm@0.295 10-25@-95dBm@0.200 6-44@-94dBm@0.470 1-30@-79dBm@0.999 16-38@-93dBm@0.631 17-21@-97dBm@0.000 7-31@-93dBm@0.538 0-4@-83dBm@0.974 12-37@-76dBm@1.000 0-23@-91dBm@0.718 8-11@-92dBm@0.684 22-30@-91dBm@0.729 37-41@-89dBm@0.866 25-46@-91dBm@0.773 20-27@-84dBm@0.974 7-10@-96dBm@0.185 7-16@-90dBm@0.861 32-33@-83dBm@0.979 9-37@-95dBm@0.202 20-39@-91dBm@0.735 31-34@-95dBm@0.234 4-46@-85dBm@0.964 8-33@-94dBm@0.410 7-45@-85dBm@0.967 27-47@-87dBm@0.946 22-49@-87dBm@0.947 36-37@-91dBm@0.785 31-47@-79dBm@0.996 37-38@-96dBm@0.137
#aveChargePerCycle runNum=0 0@507.58 1@204.27 2@356.66 3@277.94 4@306.92 5@32.67 6@246.44 7@385.53 8@100.32 9@100.32 10@27.87 11@1.30 12@3.89 13@30.32 14@2.59 15@20.73 16@49.76 17@26.05 18@1.94 19@1.30 20@123.02 21@72.18 22@248.87 23@74.76 24@53.64 25@1.94 26@2.59 27@2.59 28@26.05 29@1.30 30@52.75 31@1.94 32@1.94 33@22.30 34@1.30 35@1.94 36@42.51 37@1.30 38@44.59 39@16.46 40@3.89 41@1.94 42@1.30 43@51.58 44@1.30 45@242.44 46@1.30 47@1.30 48@2.59 49@1.30