## dioPeriod = 1.0
## burstTimestamp = 20
## minRssi = -97
## numMotes = 50
## otfHousekeepingPeriod = 1.0
## sixtopNoRemoveWorstCell = 0
## simDataDir = simData
## numChans = 16
## slotframeLength = 101
## squareSide = 2.0
## cpuID = 6
## sixtopPdrThreshold = 1.5
## pkPeriod = None
## sixtopHousekeepingPeriod = 1.0
## sixtopNoHousekeeping = 0
## algorithm = otf
## pkPeriodVar = 0.05
## numCyclesPerRun = 100
## startTime = 1502276471.25
## slotDuration = 0.01
## numRuns = 1
## combinationKeys = ['algorithm', 'numMotes', 'otfThreshold']
## numPacketsBurst = 5
## otfThreshold = 1
## noInterference = 0
## gui = False


# appGenerated appReachesDagroot appRelayed aveHops aveLatency aveQueueDelay chargeConsumed collidedTxs cycle droppedAppFailedEnqueue droppedMacRetries droppedNoRoute droppedNoTxCells droppedQueueFull effectiveCollidedTxs numRxCells numTx numTxCells otfAdd otfRemove probableCollisions rplChurnParentSet rplChurnPrefParent rplChurnRank rplRxDIO rplTxDIO runNum scheduleCollisions topRxRelocatedCells topTxRelocatedBundles topTxRelocatedCells txQueueFill
             0                 0          0       0          0             0              0           0     0                       0                 0              0                0                0                    0          0     0          0      0         0                  0                 0                  0            0        0        0      0                  0                   0                     0                   0           0
             0                 0          0       0          0             0       1156.200          15     1                       0                 0              0                0                0                    3        106     0        106    106         0                  0               132                 94            1      492       50      0                  8                   0                     0                   0           0
             0                 0          0       0          0             0       4305.000          21     2                       0                 0              0                0                0                    5        128     0        128     22         0                  0                 0                146            0      492       50      0                 11                   0                     0                   0           0
             0                 0          0       0          0             0       7453.800          21     3                       0                 0              0                0                0                    5        128     0        128      0         0                  0                 0                146            0      492       50      0                 11                   0                     0                   0           0
             0                 0          0       0          0             0      10602.600          21     4                       0                 0              0                0                0                    5        128     0        128      0         0                  0                 0                146            0      492       50      0                 11                   0                     0                   0           0
             0                 0          0       0          0             0      13751.400          21     5                       0                 0              0                0                0                    5        128     0        128      0         0                  0                 0                146            0      492       50      0                 11                   0                     0                   0           0
             0                 0          0       0          0             0      16900.200          21     6                       0                 0              0                0                0                    5        128     0        128      0         0                  0                 0                146            0      492       50      0                 11                   0                     0                   0           0
             0                 0          0       0          0             0      20049.000          21     7                       0                 0              0                0                0                    5        128     0        128      0         0                  0                 0                146            0      492       50      0                 11                   0                     0                   0           0
             0                 0          0       0          0             0      23197.800          21     8                       0                 0              0                0                0                    5        128     0        128      0         0                  0                 0                146            0      492       50      0                 11                   0                     0                   0           0
             0                 0          0       0          0             0      26346.600          21     9                       0                 0              0                0                0                    5        128     0        128      0         0                  0                 0                146            0      492       50      0                 11                   0                     0                   0           0
             0                 0          0       0          0             0      29495.400          21    10                       0                 0              0                0                0                    5        128     0        128      0         0                  0                 0                146            0      492       50      0                 11                   0                     0                   0           0
             0                 0          0       0          0             0      32644.200          21    11                       0                 0              0                0                0                    5        128     0        128      0         0                  0                 0                146            0      492       50      0                 11                   0                     0                   0           0
             0                 0          0       0          0             0      35793.000          21    12                       0                 0              0                0                0                    5        128     0        128      0         0                  0                 0                146            0      492       50      0                 11                   0                     0                   0           0
             0                 0          0       0          0             0      38941.800          21    13                       0                 0              0                0                0                    5        128     0        128      0         0                  0                 0                146            0      492       50      0                 11                   0                     0                   0           0
             0                 0          0       0          0             0      42090.600          21    14                       0                 0              0                0                0                    5        128     0        128      0         0                  0                 0                146            0      492       50      0                 11                   0                     0                   0           0
             0                 0          0       0          0             0      45239.400          21    15                       0                 0              0                0                0                    5        128     0        128      0         0                  0                 0                146            0      492       50      0                 11                   0                     0                   0           0
             0                 0          0       0          0             0      48388.200          21    16                       0                 0              0                0                0                    5        128     0        128      0         0                  0                 0                146            0      492       50      0                 11                   0                     0                   0           0
             0                 0          0       0          0             0      51537.000          21    17                       0                 0              0                0                0                    5        128     0        128      0         0                  0                 0                146            0      492       50      0                 11                   0                     0                   0           0
             0                 0          0       0          0             0      54685.800          21    18                       0                 0              0                0                0                    5        128     0        128      0         0                  0                 0                146            0      492       50      0                 11                   0                     0                   0           0
            49                 2         11   1.000      8.500       130.000      59616.440          21    19                       0                 0              0                0                0                    5        132    17        132      2         0                  0                 0                146            0      492       50      0                 11                   0                     0                   0          47
             0                24         44   1.792     77.542      2001.283      73254.220          32    20                       0                 0              0                0                1                   10        206   111        206     21         0                  1                 0                149           12      492       50      0                 18                   0                     0                   0          23
             0                21          6   2.762    160.714       609.644      81423.540          18    21                       0                 0              0                0                0                    3        163   109        163     10        21                  2                 9                157           49      492       50      0                  9                   2                     0                   0           2
             0                 2          0   3.500    224.500        87.000      85446.180          15    22                       0                 0              0                0                0                    2        152    98        152      7         4                  0                10                151           45      492       50      0                  8                   0                     0                   0           0
             0                 0          0       0          0             0      89037.780          15    23                       0                 0              0                0                0                    2        144    91        144      0         4                  0                 0                152           19      492       50      0                  8                   0                     0                   0           0
             0                 0          0       0          0             0      92580.180          15    24                       0                 0              0                0                0                    2        144    91        144      0         0                  0                 0                152           17      492       50      0                  8                   0                     0                   0           0
             0                 0          0       0          0             0      96073.380          15    25                       0                 0              0                0                0                    2        142    87        142      0         1                  0                 0                151            0      492       50      0                  8                   0                     0                   0           0
             0                 0          0       0          0             0      99566.580          15    26                       0                 0              0                0                0                    2        142    87        142      0         0                  0                 0                151           11      492       50      0                  8                   0                     0                   0           0
             0                 0          0       0          0             0     103059.780          15    27                       0                 0              0                0                0                    2        142    87        142      0         0                  0                 0                151            0      492       50      0                  8                   0                     0                   0           0
             0                 0          0       0          0             0     106552.980          15    28                       0                 0              0                0                0                    2        142    87        142      0         0                  0                 0                151            0      492       50      0                  8                   0                     0                   0           0
             0                 0          0       0          0             0     110046.180          15    29                       0                 0              0                0                0                    2        142    87        142      0         0                  0                 0                151            0      492       50      0                  8                   0                     0                   0           0
             0                 0          0       0          0             0     113539.380          15    30                       0                 0              0                0                0                    2        142    87        142      0         0                  0                 0                151            0      492       50      0                  8                   0                     0                   0           0
             0                 0          0       0          0             0     117032.580          15    31                       0                 0              0                0                0                    2        142    87        142      0         0                  0                 0                151            0      492       50      0                  8                   0                     0                   0           0
             0                 0          0       0          0             0     120525.780          15    32                       0                 0              0                0                0                    2        142    87        142      0         0                  0                 0                151            0      492       50      0                  8                   0                     0                   0           0
             0                 0          0       0          0             0     124018.980          15    33                       0                 0              0                0                0                    2        142    87        142      0         0                  0                 0                151            0      492       50      0                  8                   0                     0                   0           0
             0                 0          0       0          0             0     127512.180          15    34                       0                 0              0                0                0                    2        142    87        142      0         0                  0                 0                151            0      492       50      0                  8                   0                     0                   0           0
             0                 0          0       0          0             0     131005.380          15    35                       0                 0              0                0                0                    2        142    87        142      0         0                  0                 0                151            0      492       50      0                  8                   0                     0                   0           0
             0                 0          0       0          0             0     134498.580          15    36                       0                 0              0                0                0                    2        142    87        142      0         0                  0                 0                151            0      492       50      0                  8                   0                     0                   0           0
             0                 0          0       0          0             0     137991.780          15    37                       0                 0              0                0                0                    2        142    87        142      0         0                  0                 0                151            0      492       50      0                  8                   0                     0                   0           0
             0                 0          0       0          0             0     141484.980          15    38                       0                 0              0                0                0                    2        142    87        142      0         0                  0                 0                151            0      492       50      0                  8                   0                     0                   0           0
             0                 0          0       0          0             0     144978.180          15    39                       0                 0              0                0                0                    2        142    87        142      0         0                  0                 0                151            0      492       50      0                  8                   0                     0                   0           0
             0                 0          0       0          0             0     148471.380          15    40                       0                 0              0                0                0                    2        142    87        142      0         0                  0                 0                151            0      492       50      0                  8                   0                     0                   0           0
             0                 0          0       0          0             0     151964.580          15    41                       0                 0              0                0                0                    2        142    87        142      0         0                  0                 0                151            0      492       50      0                  8                   0                     0                   0           0
             0                 0          0       0          0             0     155457.780          15    42                       0                 0              0                0                0                    2        142    87        142      0         0                  0                 0                151            0      492       50      0                  8                   0                     0                   0           0
             0                 0          0       0          0             0     158950.980          15    43                       0                 0              0                0                0                    2        142    87        142      0         0                  0                 0                151            0      492       50      0                  8                   0                     0                   0           0
             0                 0          0       0          0             0     162444.180          15    44                       0                 0              0                0                0                    2        142    87        142      0         0                  0                 0                151            0      492       50      0                  8                   0                     0                   0           0
             0                 0          0       0          0             0     165937.380          15    45                       0                 0              0                0                0                    2        142    87        142      0         0                  0                 0                151            0      492       50      0                  8                   0                     0                   0           0
             0                 0          0       0          0             0     169430.580          15    46                       0                 0              0                0                0                    2        142    87        142      0         0                  0                 0                151            0      492       50      0                  8                   0                     0                   0           0
             0                 0          0       0          0             0     172923.780          15    47                       0                 0              0                0                0                    2        142    87        142      0         0                  0                 0                151            0      492       50      0                  8                   0                     0                   0           0
             0                 0          0       0          0             0     176416.980          15    48                       0                 0              0                0                0                    2        142    87        142      0         0                  0                 0                151            0      492       50      0                  8                   0                     0                   0           0
             0                 0          0       0          0             0     179910.180          15    49                       0                 0              0                0                0                    2        142    87        142      0         0                  0                 0                151            0      492       50      0                  8                   0                     0                   0           0
             0                 0          0       0          0             0     183403.380          15    50                       0                 0              0                0                0                    2        142    87        142      0         0                  0                 0                151            0      492       50      0                  8                   0                     0                   0           0
             0                 0          0       0          0             0     186896.580          15    51                       0                 0              0                0                0                    2        142    87        142      0         0                  0                 0                151            0      492       50      0                  8                   0                     0                   0           0
             0                 0          0       0          0             0     190389.780          15    52                       0                 0              0                0                0                    2        142    87        142      0         0                  0                 0                151            0      492       50      0                  8                   0                     0                   0           0
             0                 0          0       0          0             0     193882.980          15    53                       0                 0              0                0                0                    2        142    87        142      0         0                  0                 0                151            0      492       50      0                  8                   0                     0                   0           0
             0                 0          0       0          0             0     197376.180          15    54                       0                 0              0                0                0                    2        142    87        142      0         0                  0                 0                151            0      492       50      0                  8                   0                     0                   0           0
             0                 0          0       0          0             0     200869.380          15    55                       0                 0              0                0                0                    2        142    87        142      0         0                  0                 0                151            0      492       50      0                  8                   0                     0                   0           0
             0                 0          0       0          0             0     204362.580          15    56                       0                 0              0                0                0                    2        142    87        142      0         0                  0                 0                151            0      492       50      0                  8                   0                     0                   0           0
             0                 0          0       0          0             0     207855.780          15    57                       0                 0              0                0                0                    2        142    87        142      0         0                  0                 0                151            0      492       50      0                  8                   0                     0                   0           0
             0                 0          0       0          0             0     211348.980          15    58                       0                 0              0                0                0                    2        142    87        142      0         0                  0                 0                151            0      492       50      0                  8                   0                     0                   0           0
            49                15         45   1.533     27.867       927.250     222926.800          24    59                       0                 0              0                0                0                    8        175   158        175     14         0                  0                 0                151            0      492       50      0                 13                   0                     0                   0          34
             0                24         17   2.417    111.833      1303.802     232977.120          19    60                       0                 0              0                0                0                    4        178   198        178     12        12                  1                 4                139           38      492       50      0                 10                   0                     0                   0          10
             0                 9          3   3.222    182.222       631.167     238618.060          19    61                       0                 0              0                0                0                    4        150   191        150      2        12                  0                 2                143           33      492       50      0                 10                   0                     0                   0           1
             0                 1          0   4.000    264.000         9.000     242326.780          17    62                       0                 0              0                0                0                    3        144   184        144      0         2                  0                 1                145           23      492       50      0                  9                   0                     0                   0           0
             0                 0          0       0          0             0     245869.180          17    63                       0                 0              0                0                0                    3        144   184        144      0         0                  0                 0                145           13      492       50      0                  9                   0                     0                   0           0
             0                 0          0       0          0             0     249362.380          17    64                       0                 0              0                0                0                    3        140   175        140      0         2                  0                 0                145            0      492       50      0                  9                   0                     0                   0           0
             0                 0          0       0          0             0     252806.380          17    65                       0                 0              0                0                0                    3        140   175        140      0         0                  0                 0                145           13      492       50      0                  9                   0                     0                   0           0
             0                 0          0       0          0             0     256250.380          17    66                       0                 0              0                0                0                    3        140   175        140      0         0                  0                 0                145            0      492       50      0                  9                   0                     0                   0           0
             0                 0          0       0          0             0     259694.380          17    67                       0                 0              0                0                0                    3        140   175        140      0         0                  0                 0                145            0      492       50      0                  9                   0                     0                   0           0
             0                 0          0       0          0             0     263138.380          17    68                       0                 0              0                0                0                    3        140   175        140      0         0                  0                 0                145            0      492       50      0                  9                   0                     0                   0           0
             0                 0          0       0          0             0     266582.380          17    69                       0                 0              0                0                0                    3        140   175        140      0         0                  0                 0                145            0      492       50      0                  9                   0                     0                   0           0
             0                 0          0       0          0             0     270026.380          17    70                       0                 0              0                0                0                    3        140   175        140      0         0                  0                 0                145            0      492       50      0                  9                   0                     0                   0           0
             0                 0          0       0          0             0     273470.380          17    71                       0                 0              0                0                0                    3        140   175        140      0         0                  0                 0                145            0      492       50      0                  9                   0                     0                   0           0
             0                 0          0       0          0             0     276914.380          17    72                       0                 0              0                0                0                    3        140   175        140      0         0                  0                 0                145            0      492       50      0                  9                   0                     0                   0           0
             0                 0          0       0          0             0     280358.380          17    73                       0                 0              0                0                0                    3        140   175        140      0         0                  0                 0                145            0      492       50      0                  9                   0                     0                   0           0
             0                 0          0       0          0             0     283802.380          17    74                       0                 0              0                0                0                    3        140   175        140      0         0                  0                 0                145            0      492       50      0                  9                   0                     0                   0           0
             0                 0          0       0          0             0     287246.380          17    75                       0                 0              0                0                0                    3        140   175        140      0         0                  0                 0                145            0      492       50      0                  9                   0                     0                   0           0
             0                 0          0       0          0             0     290690.380          17    76                       0                 0              0                0                0                    3        140   175        140      0         0                  0                 0                145            0      492       50      0                  9                   0                     0                   0           0
             0                 0          0       0          0             0     294134.380          17    77                       0                 0              0                0                0                    3        140   175        140      0         0                  0                 0                145            0      492       50      0                  9                   0                     0                   0           0
             0                 0          0       0          0             0     297578.380          17    78                       0                 0              0                0                0                    3        140   175        140      0         0                  0                 0                145            0      492       50      0                  9                   0                     0                   0           0
             0                 0          0       0          0             0     301022.380          17    79                       0                 0              0                0                0                    3        140   175        140      0         0                  0                 0                145            0      492       50      0                  9                   0                     0                   0           0
             0                 0          0       0          0             0     304466.380          17    80                       0                 0              0                0                0                    3        140   175        140      0         0                  0                 0                145            0      492       50      0                  9                   0                     0                   0           0
             0                 0          0       0          0             0     307910.380          17    81                       0                 0              0                0                0                    3        140   175        140      0         0                  0                 0                145            0      492       50      0                  9                   0                     0                   0           0
             0                 0          0       0          0             0     311354.380          17    82                       0                 0              0                0                0                    3        140   175        140      0         0                  0                 0                145            0      492       50      0                  9                   0                     0                   0           0
             0                 0          0       0          0             0     314798.380          17    83                       0                 0              0                0                0                    3        140   175        140      0         0                  0                 0                145            0      492       50      0                  9                   0                     0                   0           0
             0                 0          0       0          0             0     318242.380          17    84                       0                 0              0                0                0                    3        140   175        140      0         0                  0                 0                145            0      492       50      0                  9                   0                     0                   0           0
             0                 0          0       0          0             0     321686.380          17    85                       0                 0              0                0                0                    3        140   175        140      0         0                  0                 0                145            0      492       50      0                  9                   0                     0                   0           0
             0                 0          0       0          0             0     325130.380          17    86                       0                 0              0                0                0                    3        140   175        140      0         0                  0                 0                145            0      492       50      0                  9                   0                     0                   0           0
             0                 0          0       0          0             0     328574.380          17    87                       0                 0              0                0                0                    3        140   175        140      0         0                  0                 0                145            0      492       50      0                  9                   0                     0                   0           0
             0                 0          0       0          0             0     332018.380          17    88                       0                 0              0                0                0                    3        140   175        140      0         0                  0                 0                145            0      492       50      0                  9                   0                     0                   0           0
             0                 0          0       0          0             0     335462.380          17    89                       0                 0              0                0                0                    3        140   175        140      0         0                  0                 0                145            0      492       50      0                  9                   0                     0                   0           0
             0                 0          0       0          0             0     338906.380          17    90                       0                 0              0                0                0                    3        140   175        140      0         0                  0                 0                145            0      492       50      0                  9                   0                     0                   0           0
             0                 0          0       0          0             0     342350.380          17    91                       0                 0              0                0                0                    3        140   175        140      0         0                  0                 0                145            0      492       50      0                  9                   0                     0                   0           0
             0                 0          0       0          0             0     345794.380          17    92                       0                 0              0                0                0                    3        140   175        140      0         0                  0                 0                145            0      492       50      0                  9                   0                     0                   0           0
             0                 0          0       0          0             0     349238.380          17    93                       0                 0              0                0                0                    3        140   175        140      0         0                  0                 0                145            0      492       50      0                  9                   0                     0                   0           0
             0                 0          0       0          0             0     352682.380          17    94                       0                 0              0                0                0                    3        140   175        140      0         0                  0                 0                145            0      492       50      0                  9                   0                     0                   0           0
             0                 0          0       0          0             0     356126.380          17    95                       0                 0              0                0                0                    3        140   175        140      0         0                  0                 0                145            0      492       50      0                  9                   0                     0                   0           0
             0                 0          0       0          0             0     359570.380          17    96                       0                 0              0                0                0                    3        140   175        140      0         0                  0                 0                145            0      492       50      0                  9                   0                     0                   0           0
             0                 0          0       0          0             0     363014.380          17    97                       0                 0              0                0                0                    3        140   175        140      0         0                  0                 0                145            0      492       50      0                  9                   0                     0                   0           0
             0                 0          0       0          0             0     366458.380          17    98                       0                 0              0                0                0                    3        140   175        140      0         0                  0                 0                145            0      492       50      0                  9                   0                     0                   0           0
             0                 0          0       0          0             0     369902.380          17    99                       0                 0              0                0                0                    3        140   175        140      0         0                  0                 0                145            0      492       50      0                  9                   0                     0                   0           0
#pos runNum=0 0@(1.00000,1.00000)@0 1@(1.37150,1.12671)@938 2@(1.10547,1.11342)@546 3@(1.34870,1.11652)@768 4@(1.25470,1.08145)@580 5@(1.24081,1.08770)@614 6@(1.12658,1.00527)@551 7@(1.29123,1.13596)@1501 8@(1.01541,1.03024)@682 9@(1.37321,1.36342)@1706 10@(1.21934,0.84634)@1350 11@(1.23013,0.79052)@614 12@(1.06405,1.17374)@554 13@(1.34324,1.09329)@1250 14@(1.20417,0.78852)@1284 15@(1.19163,1.35054)@1296 16@(1.44455,1.41769)@1408 17@(1.10388,1.13163)@554 18@(1.19918,1.18853)@1384 19@(1.14345,1.23716)@1484 20@(1.24645,1.27641)@1258 21@(1.30028,1.14334)@1501 22@(0.96350,1.17909)@554 23@(1.57254,1.21759)@1742 24@(1.08746,1.16372)@1058 25@(1.30313,0.90659)@1171 26@(1.20748,1.14309)@625 27@(1.29505,1.18275)@1138 28@(1.42672,1.15693)@1501 29@(1.15477,1.12270)@1578 30@(1.05389,1.12333)@1250 31@(1.07083,0.86264)@1350 32@(1.27939,1.43340)@1742 33@(1.60814,1.21945)@1572 34@(1.12133,1.09138)@704 35@(1.22451,0.81145)@614 36@(1.49098,1.20919)@1501 37@(1.39027,1.32347)@1314 38@(1.50140,1.11173)@1138 39@(1.28729,1.01789)@1331 40@(1.41502,1.03655)@1348 41@(1.50947,1.12840)@2135 42@(1.29295,0.86995)@704 43@(1.39007,0.87237)@1284 44@(1.31980,1.27601)@1024 45@(1.54855,1.21145)@1318 46@(1.28821,0.67096)@1826 47@(1.62866,1.24751)@2033 48@(1.50935,0.93893)@1677 49@(1.10020,0.88014)@1350
#links runNum=0 37-44@-87dBm@0.939 8-22@-88dBm@0.935 38-45@-87dBm@0.946 24-30@-86dBm@0.952 36-37@-87dBm@0.940 19-30@-86dBm@0.957 36-40@-87dBm@0.946 4-44@-96dBm@0.165 1-48@-94dBm@0.444 10-11@-88dBm@0.937 4-7@-93dBm@0.660 6-8@-88dBm@0.912 14-23@-96dBm@0.172 5-27@-86dBm@0.958 8-30@-94dBm@0.444 0-6@-86dBm@0.957 10-48@-95dBm@0.226 15-18@-95dBm@0.256 3-25@-89dBm@0.867 0-8@-92dBm@0.700 0-34@-91dBm@0.771 33-43@-95dBm@0.232 5-45@-91dBm@0.739 6-27@-94dBm@0.496 25-38@-91dBm@0.797 2-34@-92dBm@0.695 27-44@-80dBm@0.990 11-21@-93dBm@0.535 7-49@-96dBm@0.143 3-17@-92dBm@0.669 2-19@-93dBm@0.615 7-30@-95dBm@0.281 28-45@-97dBm@0.010 1-17@-95dBm@0.203 12-30@-78dBm@1.000 20-22@-93dBm@0.637 27-29@-97dBm@0.073 38-48@-85dBm@0.960 2-6@-95dBm@0.216 10-14@-77dBm@1.000 1-6@-93dBm@0.656 2-46@-94dBm@0.473 42-43@-81dBm@0.985 20-29@-86dBm@0.957 46-49@-91dBm@0.724 4-18@-92dBm@0.677 28-32@-94dBm@0.491 6-22@-91dBm@0.745 7-38@-93dBm@0.640 1-29@-90dBm@0.857 19-20@-92dBm@0.678 20-37@-90dBm@0.844 3-11@-97dBm@0.024 6-13@-93dBm@0.642 26-29@-78dBm@1.000 3-13@-78dBm@1.000 25-42@-93dBm@0.600 4-40@-92dBm@0.715 15-29@-90dBm@0.810 41-45@-81dBm@0.986 21-22@-96dBm@0.144 39-43@-94dBm@0.336 3-10@-93dBm@0.647 7-21@-72dBm@1.000 4-32@-97dBm@0.048 1-13@-92dBm@0.681 8-15@-92dBm@0.711 3-16@-90dBm@0.840 23-42@-96dBm@0.110 28-43@-94dBm@0.518 4-21@-79dBm@0.998 1-28@-82dBm@0.985 26-38@-95dBm@0.226 2-31@-92dBm@0.699 29-41@-94dBm@0.521 9-20@-90dBm@0.861 3-4@-85dBm@0.966 7-31@-93dBm@0.637 3-39@-85dBm@0.963 17-26@-86dBm@0.956 18-22@-89dBm@0.868 14-39@-93dBm@0.568 19-21@-97dBm@0.043 6-36@-97dBm@0.033 15-22@-91dBm@0.767 7-16@-91dBm@0.774 17-34@-85dBm@0.967 1-9@-92dBm@0.715 31-49@-91dBm@0.737 29-30@-88dBm@0.930 16-32@-93dBm@0.648 7-27@-91dBm@0.733 34-43@-95dBm@0.217 6-25@-88dBm@0.916 0-26@-89dBm@0.867 5-29@-90dBm@0.861 16-18@-93dBm@0.637 45-47@-86dBm@0.959 4-14@-90dBm@0.854 36-45@-78dBm@1.000 27-39@-93dBm@0.639 1-22@-96dBm@0.181 9-27@-93dBm@0.601 7-19@-92dBm@0.687 0-22@-86dBm@0.957 6-43@-92dBm@0.708 23-28@-89dBm@0.870 22-24@-84dBm@0.974 27-28@-88dBm@0.936 14-35@-86dBm@0.957 4-27@-82dBm@0.981 4-9@-91dBm@0.767 19-29@-89dBm@0.866 30-49@-89dBm@0.884 25-28@-92dBm@0.668 26-30@-94dBm@0.479 21-44@-85dBm@0.960 28-29@-97dBm@0.019 7-8@-92dBm@0.674 6-41@-97dBm@0.015 34-36@-97dBm@0.008 21-34@-95dBm@0.258 5-18@-91dBm@0.746 5-16@-95dBm@0.278 18-43@-93dBm@0.660 4-8@-93dBm@0.578 5-46@-94dBm@0.402 6-12@-92dBm@0.671 3-28@-86dBm@0.952 2-24@-76dBm@1.000 7-36@-91dBm@0.765 32-44@-89dBm@0.868 9-32@-87dBm@0.940 2-37@-92dBm@0.662 36-48@-96dBm@0.151 2-7@-90dBm@0.823 28-47@-87dBm@0.938 5-34@-88dBm@0.916 15-19@-82dBm@0.984 3-21@-94dBm@0.323 0-4@-89dBm@0.868 0-3@-93dBm@0.603 33-37@-95dBm@0.275 15-31@-96dBm@0.171 4-19@-96dBm@0.167 2-30@-92dBm@0.712 17-18@-83dBm@0.974 21-38@-93dBm@0.638 24-27@-89dBm@0.869 39-44@-91dBm@0.747 3-24@-93dBm@0.641 9-40@-93dBm@0.568 5-15@-91dBm@0.792 26-28@-94dBm@0.346 6-29@-88dBm@0.933 0-36@-96dBm@0.173 5-10@-95dBm@0.270 42-46@-86dBm@0.950 32-45@-93dBm@0.598 6-42@-95dBm@0.210 9-38@-95dBm@0.216 3-6@-97dBm@0.064 39-48@-88dBm@0.914 12-44@-90dBm@0.807 2-10@-93dBm@0.638 18-20@-88dBm@0.918 4-25@-86dBm@0.954 2-3@-91dBm@0.801 19-40@-97dBm@0.046 16-47@-89dBm@0.867 4-5@-91dBm@0.778 17-24@-76dBm@1.000 29-39@-85dBm@0.961 10-49@-89dBm@0.890 26-34@-91dBm@0.724 4-36@-91dBm@0.760 23-40@-95dBm@0.209 0-17@-88dBm@0.906 12-24@-69dBm@1.000 5-38@-91dBm@0.734 21-35@-93dBm@0.646 3-35@-92dBm@0.669 4-24@-86dBm@0.958 12-26@-88dBm@0.934 4-43@-92dBm@0.716 1-21@-81dBm@0.985 2-28@-93dBm@0.650 1-2@-91dBm@0.769 1-36@-87dBm@0.946 22-40@-94dBm@0.441 21-43@-96dBm@0.100 34-47@-97dBm@0.046 4-38@-88dBm@0.918 13-21@-85dBm@0.964 16-45@-94dBm@0.481 17-30@-97dBm@0.070 0-11@-90dBm@0.861 34-41@-94dBm@0.359 32-41@-95dBm@0.221 14-31@-96dBm@0.180 36-38@-82dBm@0.984 6-38@-93dBm@0.641 15-30@-92dBm@0.697 4-29@-92dBm@0.667 11-46@-86dBm@0.954 36-41@-82dBm@0.985 3-33@-92dBm@0.686 40-44@-90dBm@0.861 0-44@-94dBm@0.468 10-25@-82dBm@0.984 9-23@-92dBm@0.680 30-39@-89dBm@0.869 15-23@-93dBm@0.600 6-35@-96dBm@0.163 1-12@-91dBm@0.756 8-17@-89dBm@0.895 19-37@-89dBm@0.881 23-45@-70dBm@1.000 1-3@-86dBm@0.953 18-39@-87dBm@0.941 16-37@-82dBm@0.985 32-40@-94dBm@0.433 0-5@-90dBm@0.842 21-48@-91dBm@0.728 15-26@-93dBm@0.647 2-17@-95dBm@0.231 3-5@-83dBm@0.974 31-36@-96dBm@0.159 41-47@-94dBm@0.331 15-27@-89dBm@0.897 13-28@-86dBm@0.959 0-2@-84dBm@0.974 20-41@-93dBm@0.657 11-35@-96dBm@0.122 8-10@-91dBm@0.778 21-28@-86dBm@0.954 38-42@-97dBm@0.039 2-49@-92dBm@0.708 20-27@-95dBm@0.224 0-35@-90dBm@0.807 32-34@-95dBm@0.229 6-48@-94dBm@0.479 6-46@-94dBm@0.517 0-1@-93dBm@0.528 1-32@-91dBm@0.719 1-7@-82dBm@0.985 0-42@-91dBm@0.760 6-11@-92dBm@0.665 38-46@-97dBm@0.032 18-29@-96dBm@0.145 3-37@-91dBm@0.802 2-13@-91dBm@0.799 30-36@-94dBm@0.505 22-49@-92dBm@0.665 21-33@-94dBm@0.514 12-40@-92dBm@0.704 6-28@-97dBm@0.045 12-15@-88dBm@0.934 16-39@-96dBm@0.174 4-10@-90dBm@0.863 26-36@-90dBm@0.841 39-46@-92dBm@0.666 40-45@-90dBm@0.862 10-42@-78dBm@1.000 17-20@-91dBm@0.731 10-35@-86dBm@0.953 6-34@-81dBm@0.987 1-23@-92dBm@0.673 4-6@-92dBm@0.675 13-40@-82dBm@0.985 2-5@-87dBm@0.939 44-45@-93dBm@0.660 3-9@-94dBm@0.511 2-25@-90dBm@0.809 14-26@-95dBm@0.261 13-39@-94dBm@0.324 38-41@-73dBm@1.000 29-31@-95dBm@0.292 16-23@-92dBm@0.708 17-31@-90dBm@0.857 13-30@-92dBm@0.671 11-14@-71dBm@1.000 28-44@-85dBm@0.967 23-33@-84dBm@0.974 6-39@-87dBm@0.940 3-12@-96dBm@0.189 31-35@-89dBm@0.887 38-47@-96dBm@0.167 2-4@-86dBm@0.953 13-22@-93dBm@0.554 5-36@-94dBm@0.452 15-16@-92dBm@0.689 0-12@-88dBm@0.933 18-33@-96dBm@0.172
#aveChargePerCycle runNum=0 0@552.11 1@252.49 2@471.45 3@279.52 4@442.83 5@231.86 6@317.82 7@1.30 8@51.98 9@9.09 10@1.94 11@52.35 12@130.71 13@1.94 14@26.30 15@77.75 16@50.68 17@104.63 18@1.30 19@1.94 20@60.14 21@31.16 22@82.49 23@1.30 24@1.30 25@1.30 26@1.30 27@18.80 28@26.70 29@1.94 30@21.90 31@1.30 32@2.59 33@1.30 34@25.40 35@54.42 36@1.30 37@27.99 38@76.75 39@1.30 40@2.59 41@1.94 42@26.82 43@1.30 44@112.81 45@46.66 46@1.30 47@1.30 48@1.94 49@1.94