## dioPeriod = 1.0
## burstTimestamp = 20
## minRssi = -97
## numMotes = 50
## otfHousekeepingPeriod = 1.0
## sixtopNoRemoveWorstCell = 0
## simDataDir = simData
## numChans = 16
## slotframeLength = 101
## squareSide = 2.0
## cpuID = 61
## sixtopPdrThreshold = 1.5
## pkPeriod = None
## sixtopHousekeepingPeriod = 1.0
## sixtopNoHousekeeping = 0
## algorithm = otf
## pkPeriodVar = 0.05
## numCyclesPerRun = 100
## startTime = 1502276471.3
## slotDuration = 0.01
## numRuns = 1
## combinationKeys = ['algorithm', 'numMotes', 'otfThreshold']
## numPacketsBurst = 5
## otfThreshold = 1
## noInterference = 0
## gui = False


# appGenerated appReachesDagroot appRelayed aveHops aveLatency aveQueueDelay chargeConsumed collidedTxs cycle droppedAppFailedEnqueue droppedMacRetries droppedNoRoute droppedNoTxCells droppedQueueFull effectiveCollidedTxs numRxCells numTx numTxCells otfAdd otfRemove probableCollisions rplChurnParentSet rplChurnPrefParent rplChurnRank rplRxDIO rplTxDIO runNum scheduleCollisions topRxRelocatedCells topTxRelocatedBundles topTxRelocatedCells txQueueFill
             0                 0          0       0          0             0              0           0     0                       0                 0              0                0                0                    0          0     0          0      0         0                  0                 0                  0            0        0        0      0                  0                   0                     0                   0           0
             0                 0          0       0          0             0       1328.400          10     1                       0                 0              0                0                0                    1        119     0        119    119         0                  0               145                 94            2      517       50      0                  5                   0                     0                   0           0
             0                 0          0       0          0             0       4501.800          14     2                       0                 0              0                0                0                    2        131     0        131     12         0                  0                 0                135            0      517       50      0                  7                   0                     0                   0           0
             0                 0          0       0          0             0       7724.400          14     3                       0                 0              0                0                0                    2        131     0        131      0         0                  0                 0                135            0      517       50      0                  7                   0                     0                   0           0
             0                 0          0       0          0             0      10947.000          14     4                       0                 0              0                0                0                    2        131     0        131      0         0                  0                 0                135            0      517       50      0                  7                   0                     0                   0           0
             0                 0          0       0          0             0      14169.600          14     5                       0                 0              0                0                0                    2        131     0        131      0         0                  0                 0                135            0      517       50      0                  7                   0                     0                   0           0
             0                 0          0       0          0             0      17392.200          14     6                       0                 0              0                0                0                    2        131     0        131      0         0                  0                 0                135            0      517       50      0                  7                   0                     0                   0           0
             0                 0          0       0          0             0      20614.800          14     7                       0                 0              0                0                0                    2        131     0        131      0         0                  0                 0                135            0      517       50      0                  7                   0                     0                   0           0
             0                 0          0       0          0             0      23837.400          14     8                       0                 0              0                0                0                    2        131     0        131      0         0                  0                 0                135            0      517       50      0                  7                   0                     0                   0           0
             0                 0          0       0          0             0      27060.000          14     9                       0                 0              0                0                0                    2        131     0        131      0         0                  0                 0                135            0      517       50      0                  7                   0                     0                   0           0
             0                 0          0       0          0             0      30282.600          14    10                       0                 0              0                0                0                    2        131     0        131      0         0                  0                 0                135            0      517       50      0                  7                   0                     0                   0           0
             0                 0          0       0          0             0      33505.200          14    11                       0                 0              0                0                0                    2        131     0        131      0         0                  0                 0                135            0      517       50      0                  7                   0                     0                   0           0
             0                 0          0       0          0             0      36727.800          14    12                       0                 0              0                0                0                    2        131     0        131      0         0                  0                 0                135            0      517       50      0                  7                   0                     0                   0           0
             0                 0          0       0          0             0      39950.400          14    13                       0                 0              0                0                0                    2        131     0        131      0         0                  0                 0                135            0      517       50      0                  7                   0                     0                   0           0
             0                 0          0       0          0             0      43173.000          14    14                       0                 0              0                0                0                    2        131     0        131      0         0                  0                 0                135            0      517       50      0                  7                   0                     0                   0           0
             0                 0          0       0          0             0      46395.600          14    15                       0                 0              0                0                0                    2        131     0        131      0         0                  0                 0                135            0      517       50      0                  7                   0                     0                   0           0
             0                 0          0       0          0             0      49618.200          14    16                       0                 0              0                0                0                    2        131     0        131      0         0                  0                 0                135            0      517       50      0                  7                   0                     0                   0           0
             0                 0          0       0          0             0      52840.800          14    17                       0                 0              0                0                0                    2        131     0        131      0         0                  0                 0                135            0      517       50      0                  7                   0                     0                   0           0
             0                 0          0       0          0             0      56063.400          14    18                       0                 0              0                0                0                    2        131     0        131      0         0                  0                 0                135            0      517       50      0                  7                   0                     0                   0           0
            49                 6         18   1.000      7.167       180.000      62356.160          14    19                       0                 0              0                0                0                    2        131    28        131      0         0                  1                 0                135            0      517       50      0                  7                   0                     0                   0          43
             0                26         45   2.154     84.769      1509.067      75624.880          40    20                       0                 0              0                0                0                   13        218   109        218     33         0                  0                 4                138           17      517       50      0                 20                   1                     0                   0          17
             0                17          3   3.118    157.941       515.190      82681.500          10    21                       0                 0              0                0                0                    1        165   107        165      8        25                  0                 8                135           46      517       50      0                  5                   3                     0                   0           0
             0                 0          0       0          0             0      86592.900           8    22                       0                 0              0                0                0                    1        157   100        157      5         4                  0                 2                136           32      517       50      0                  4                   0                     0                   0           0
             0                 0          0       0          0             0      90332.100           8    23                       0                 0              0                0                0                    1        151    93        151      0         3                  0                 0                137            2      517       50      0                  4                   0                     0                   0           0
             0                 0          0       0          0             0      93948.300           8    24                       0                 0              0                0                0                    1        147    90        147      0         1                  0                 1                141           10      517       50      0                  4                   0                     0                   0           0
             0                 0          0       0          0             0      97564.500           8    25                       0                 0              0                0                0                    1        147    86        147      1         1                  0                 1                142            2      517       50      0                  4                   0                     0                   0           0
             0                 0          0       0          0             0     101106.900           8    26                       0                 0              0                0                0                    1        143    86        143      0         0                  0                 2                142            0      517       50      0                  4                   0                     0                   0           0
             0                 0          0       0          0             0     104624.700           8    27                       0                 0              0                0                0                    1        143    86        143      0         0                  0                 0                142            0      517       50      0                  4                   0                     0                   0           0
             0                 0          0       0          0             0     108142.500           8    28                       0                 0              0                0                0                    1        143    86        143      0         0                  0                 0                142            0      517       50      0                  4                   0                     0                   0           0
             0                 0          0       0          0             0     111660.300           8    29                       0                 0              0                0                0                    1        143    86        143      0         0                  0                 0                142            0      517       50      0                  4                   0                     0                   0           0
             0                 0          0       0          0             0     115178.100           8    30                       0                 0              0                0                0                    1        143    86        143      0         0                  0                 0                142            0      517       50      0                  4                   0                     0                   0           0
             0                 0          0       0          0             0     118695.900           8    31                       0                 0              0                0                0                    1        143    86        143      0         0                  0                 0                142            0      517       50      0                  4                   0                     0                   0           0
             0                 0          0       0          0             0     122213.700           8    32                       0                 0              0                0                0                    1        143    86        143      0         0                  0                 0                142            0      517       50      0                  4                   0                     0                   0           0
             0                 0          0       0          0             0     125731.500           8    33                       0                 0              0                0                0                    1        143    86        143      0         0                  0                 0                142            0      517       50      0                  4                   0                     0                   0           0
             0                 0          0       0          0             0     129249.300           8    34                       0                 0              0                0                0                    1        143    86        143      0         0                  0                 0                142            0      517       50      0                  4                   0                     0                   0           0
             0                 0          0       0          0             0     132767.100           8    35                       0                 0              0                0                0                    1        143    86        143      0         0                  0                 0                142            0      517       50      0                  4                   0                     0                   0           0
             0                 0          0       0          0             0     136284.900           8    36                       0                 0              0                0                0                    1        143    86        143      0         0                  0                 0                142            0      517       50      0                  4                   0                     0                   0           0
             0                 0          0       0          0             0     139802.700           8    37                       0                 0              0                0                0                    1        143    86        143      0         0                  0                 0                142            0      517       50      0                  4                   0                     0                   0           0
             0                 0          0       0          0             0     143320.500           8    38                       0                 0              0                0                0                    1        143    86        143      0         0                  0                 0                142            0      517       50      0                  4                   0                     0                   0           0
             0                 0          0       0          0             0     146838.300           8    39                       0                 0              0                0                0                    1        143    86        143      0         0                  0                 0                142            0      517       50      0                  4                   0                     0                   0           0
             0                 0          0       0          0             0     150356.100           8    40                       0                 0              0                0                0                    1        143    86        143      0         0                  0                 0                142            0      517       50      0                  4                   0                     0                   0           0
             0                 0          0       0          0             0     153873.900           8    41                       0                 0              0                0                0                    1        143    86        143      0         0                  0                 0                142            0      517       50      0                  4                   0                     0                   0           0
             0                 0          0       0          0             0     157391.700           8    42                       0                 0              0                0                0                    1        143    86        143      0         0                  0                 0                142            0      517       50      0                  4                   0                     0                   0           0
             0                 0          0       0          0             0     160909.500           8    43                       0                 0              0                0                0                    1        143    86        143      0         0                  0                 0                142            0      517       50      0                  4                   0                     0                   0           0
             0                 0          0       0          0             0     164427.300           8    44                       0                 0              0                0                0                    1        143    86        143      0         0                  0                 0                142            0      517       50      0                  4                   0                     0                   0           0
             0                 0          0       0          0             0     167945.100           8    45                       0                 0              0                0                0                    1        143    86        143      0         0                  0                 0                142            0      517       50      0                  4                   0                     0                   0           0
             0                 0          0       0          0             0     171462.900           8    46                       0                 0              0                0                0                    1        143    86        143      0         0                  0                 0                142            0      517       50      0                  4                   0                     0                   0           0
             0                 0          0       0          0             0     174980.700           8    47                       0                 0              0                0                0                    1        143    86        143      0         0                  0                 0                142            0      517       50      0                  4                   0                     0                   0           0
             0                 0          0       0          0             0     178498.500           8    48                       0                 0              0                0                0                    1        143    86        143      0         0                  0                 0                142            0      517       50      0                  4                   0                     0                   0           0
             0                 0          0       0          0             0     182016.300           8    49                       0                 0              0                0                0                    1        143    86        143      0         0                  0                 0                142            0      517       50      0                  4                   0                     0                   0           0
             0                 0          0       0          0             0     185534.100           8    50                       0                 0              0                0                0                    1        143    86        143      0         0                  0                 0                142            0      517       50      0                  4                   0                     0                   0           0
             0                 0          0       0          0             0     189051.900           8    51                       0                 0              0                0                0                    1        143    86        143      0         0                  0                 0                142            0      517       50      0                  4                   0                     0                   0           0
             0                 0          0       0          0             0     192569.700           8    52                       0                 0              0                0                0                    1        143    86        143      0         0                  0                 0                142            0      517       50      0                  4                   0                     0                   0           0
             0                 0          0       0          0             0     196087.500           8    53                       0                 0              0                0                0                    1        143    86        143      0         0                  0                 0                142            0      517       50      0                  4                   0                     0                   0           0
             0                 0          0       0          0             0     199605.300           8    54                       0                 0              0                0                0                    1        143    86        143      0         0                  0                 0                142            0      517       50      0                  4                   0                     0                   0           0
             0                 0          0       0          0             0     203123.100           8    55                       0                 0              0                0                0                    1        143    86        143      0         0                  0                 0                142            0      517       50      0                  4                   0                     0                   0           0
             0                 0          0       0          0             0     206640.900           8    56                       0                 0              0                0                0                    1        143    86        143      0         0                  0                 0                142            0      517       50      0                  4                   0                     0                   0           0
             0                 0          0       0          0             0     210158.700           8    57                       0                 0              0                0                0                    1        143    86        143      0         0                  0                 0                142            0      517       50      0                  4                   0                     0                   0           0
             0                 0          0       0          0             0     213676.500           8    58                       0                 0              0                0                0                    1        143    86        143      0         0                  0                 0                142            0      517       50      0                  4                   0                     0                   0           0
            49                 5         45   1.000     33.200      1000.167     224121.000          10    59                       0                 0              0                0                0                    2        181   151        181     16         0                  0                 0                142            0      517       50      0                  5                   1                     0                   0          44
             0                34         26   2.382    102.735      1249.876     236302.880          10    60                       0                 0              0                0                0                    1        177   195        177     14        15                  0                 4                124           31      517       50      0                  5                   0                     0                   0          10
             0                 9          0   3.333    199.778       354.800     241145.360           6    61                       0                 0              0                0                0                    1        150   174        150      6        12                  0                 6                117           44      517       50      0                  3                   0                     0                   0           1
             0                 1          0   4.000    268.000       131.000     245026.280          10    62                       0                 0              0                0                0                    2        153   172        153      5         1                  0                 3                121           15      517       50      0                  5                   0                     0                   0           0
             0                 0          0       0          0             0     248765.480          10    63                       0                 0              0                0                0                    2        153   168        153      1         1                  0                 1                121            4      517       50      0                  5                   0                     0                   0           0
             0                 0          0       0          0             0     252480.080          10    64                       0                 0              0                0                0                    2        151   168        151      0         0                  0                 1                121            2      517       50      0                  5                   0                     0                   0           0
             0                 0          0       0          0             0     256145.480          10    65                       0                 0              0                0                0                    2        149   168        149      0         0                  0                 1                121            0      517       50      0                  5                   0                     0                   0           0
             0                 0          0       0          0             0     259810.880          10    66                       0                 0              0                0                0                    2        149   168        149      0         0                  0                 0                121            0      517       50      0                  5                   0                     0                   0           0
             0                 0          0       0          0             0     263476.280          10    67                       0                 0              0                0                0                    2        149   168        149      0         0                  0                 0                121            0      517       50      0                  5                   0                     0                   0           0
             0                 0          0       0          0             0     267141.680          10    68                       0                 0              0                0                0                    2        149   168        149      0         0                  0                 0                121            0      517       50      0                  5                   0                     0                   0           0
             0                 0          0       0          0             0     270807.080          10    69                       0                 0              0                0                0                    2        149   168        149      0         0                  0                 0                121            0      517       50      0                  5                   0                     0                   0           0
             0                 0          0       0          0             0     274472.480          10    70                       0                 0              0                0                0                    2        149   168        149      0         0                  0                 0                121            0      517       50      0                  5                   0                     0                   0           0
             0                 0          0       0          0             0     278137.880          10    71                       0                 0              0                0                0                    2        149   168        149      0         0                  0                 0                121            0      517       50      0                  5                   0                     0                   0           0
             0                 0          0       0          0             0     281803.280          10    72                       0                 0              0                0                0                    2        149   168        149      0         0                  0                 0                121            0      517       50      0                  5                   0                     0                   0           0
             0                 0          0       0          0             0     285468.680          10    73                       0                 0              0                0                0                    2        149   168        149      0         0                  0                 0                121            0      517       50      0                  5                   0                     0                   0           0
             0                 0          0       0          0             0     289134.080          10    74                       0                 0              0                0                0                    2        149   168        149      0         0                  0                 0                121            0      517       50      0                  5                   0                     0                   0           0
             0                 0          0       0          0             0     292799.480          10    75                       0                 0              0                0                0                    2        149   168        149      0         0                  0                 0                121            0      517       50      0                  5                   0                     0                   0           0
             0                 0          0       0          0             0     296464.880          10    76                       0                 0              0                0                0                    2        149   168        149      0         0                  0                 0                121            0      517       50      0                  5                   0                     0                   0           0
             0                 0          0       0          0             0     300130.280          10    77                       0                 0              0                0                0                    2        149   168        149      0         0                  0                 0                121            0      517       50      0                  5                   0                     0                   0           0
             0                 0          0       0          0             0     303795.680          10    78                       0                 0              0                0                0                    2        149   168        149      0         0                  0                 0                121            0      517       50      0                  5                   0                     0                   0           0
             0                 0          0       0          0             0     307461.080          10    79                       0                 0              0                0                0                    2        149   168        149      0         0                  0                 0                121            0      517       50      0                  5                   0                     0                   0           0
             0                 0          0       0          0             0     311126.480          10    80                       0                 0              0                0                0                    2        149   168        149      0         0                  0                 0                121            0      517       50      0                  5                   0                     0                   0           0
             0                 0          0       0          0             0     314791.880          10    81                       0                 0              0                0                0                    2        149   168        149      0         0                  0                 0                121            0      517       50      0                  5                   0                     0                   0           0
             0                 0          0       0          0             0     318457.280          10    82                       0                 0              0                0                0                    2        149   168        149      0         0                  0                 0                121            0      517       50      0                  5                   0                     0                   0           0
             0                 0          0       0          0             0     322122.680          10    83                       0                 0              0                0                0                    2        149   168        149      0         0                  0                 0                121            0      517       50      0                  5                   0                     0                   0           0
             0                 0          0       0          0             0     325788.080          10    84                       0                 0              0                0                0                    2        149   168        149      0         0                  0                 0                121            0      517       50      0                  5                   0                     0                   0           0
             0                 0          0       0          0             0     329453.480          10    85                       0                 0              0                0                0                    2        149   168        149      0         0                  0                 0                121            0      517       50      0                  5                   0                     0                   0           0
             0                 0          0       0          0             0     333118.880          10    86                       0                 0              0                0                0                    2        149   168        149      0         0                  0                 0                121            0      517       50      0                  5                   0                     0                   0           0
             0                 0          0       0          0             0     336784.280          10    87                       0                 0              0                0                0                    2        149   168        149      0         0                  0                 0                121            0      517       50      0                  5                   0                     0                   0           0
             0                 0          0       0          0             0     340449.680          10    88                       0                 0              0                0                0                    2        149   168        149      0         0                  0                 0                121            0      517       50      0                  5                   0                     0                   0           0
             0                 0          0       0          0             0     344115.080          10    89                       0                 0              0                0                0                    2        149   168        149      0         0                  0                 0                121            0      517       50      0                  5                   0                     0                   0           0
             0                 0          0       0          0             0     347780.480          10    90                       0                 0              0                0                0                    2        149   168        149      0         0                  0                 0                121            0      517       50      0                  5                   0                     0                   0           0
             0                 0          0       0          0             0     351445.880          10    91                       0                 0              0                0                0                    2        149   168        149      0         0                  0                 0                121            0      517       50      0                  5                   0                     0                   0           0
             0                 0          0       0          0             0     355111.280          10    92                       0                 0              0                0                0                    2        149   168        149      0         0                  0                 0                121            0      517       50      0                  5                   0                     0                   0           0
             0                 0          0       0          0             0     358776.680          10    93                       0                 0              0                0                0                    2        149   168        149      0         0                  0                 0                121            0      517       50      0                  5                   0                     0                   0           0
             0                 0          0       0          0             0     362442.080          10    94                       0                 0              0                0                0                    2        149   168        149      0         0                  0                 0                121            0      517       50      0                  5                   0                     0                   0           0
             0                 0          0       0          0             0     366107.480          10    95                       0                 0              0                0                0                    2        149   168        149      0         0                  0                 0                121            0      517       50      0                  5                   0                     0                   0           0
             0                 0          0       0          0             0     369772.880          10    96                       0                 0              0                0                0                    2        149   168        149      0         0                  0                 0                121            0      517       50      0                  5                   0                     0                   0           0
             0                 0          0       0          0             0     373438.280          10    97                       0                 0              0                0                0                    2        149   168        149      0         0                  0                 0                121            0      517       50      0                  5                   0                     0                   0           0
             0                 0          0       0          0             0     377103.680          10    98                       0                 0              0                0                0                    2        149   168        149      0         0                  0                 0                121            0      517       50      0                  5                   0                     0                   0           0
             0                 0          0       0          0             0     380769.080          10    99                       0                 0              0                0                0                    2        149   168        149      0         0                  0                 0                121            0      517       50      0                  5                   0                     0                   0           0
#pos runNum=0 0@(1.00000,1.00000)@0 1@(1.07227,1.20841)@605 2@(0.98280,1.02284)@512 3@(0.98712,0.92503)@551 4@(0.87884,0.78160)@716 5@(0.96374,0.99023)@558 6@(1.00585,0.96604)@614 7@(0.85833,0.94163)@551 8@(0.98239,1.10252)@554 9@(1.05907,0.93852)@1520 10@(0.93892,0.71597)@1496 11@(1.05108,1.07524)@546 12@(1.16460,1.22295)@1168 13@(1.08463,0.88539)@1362 14@(0.67713,0.94883)@1280 15@(1.19503,0.94498)@1070 16@(0.94780,0.99370)@1024 17@(0.79714,0.91401)@1070 18@(1.05633,1.05424)@1228 19@(1.07674,1.24081)@1117 20@(1.08920,0.91176)@1735 21@(0.67528,0.79379)@1356 22@(1.05391,0.62676)@1318 23@(0.83607,0.80808)@1484 24@(1.01255,1.20553)@1168 25@(0.83417,0.94922)@1894 26@(0.90185,0.77229)@1274 27@(0.95516,1.22046)@1629 28@(0.81194,0.79422)@1114 29@(0.95424,1.11444)@551 30@(0.82926,1.12005)@1245 31@(1.04278,1.18275)@1168 32@(0.90022,0.76300)@682 33@(0.90748,1.00126)@1575 34@(0.91245,0.90568)@1654 35@(0.66033,1.23630)@1319 36@(0.75385,1.06460)@1808 37@(1.13715,0.88497)@1179 38@(0.83200,0.84345)@1467 39@(0.89387,1.18762)@625 40@(0.95454,1.28859)@1245 41@(1.18166,1.23131)@1706 42@(0.90843,0.52635)@2059 43@(0.97840,0.53782)@1404 44@(1.19337,0.99468)@731 45@(1.19811,1.08700)@1119 46@(0.77071,0.70438)@2084 47@(1.41428,1.14440)@2032 48@(0.85544,0.88856)@1255 49@(1.14358,1.06912)@1177
#links runNum=0 15-18@-90dBm@0.861 11-18@-91dBm@0.751 23-32@-86dBm@0.959 34-48@-84dBm@0.973 0-14@-95dBm@0.259 12-49@-89dBm@0.885 15-43@-95dBm@0.313 1-2@-91dBm@0.766 8-24@-84dBm@0.971 23-45@-94dBm@0.458 6-25@-94dBm@0.419 13-37@-76dBm@1.000 14-36@-95dBm@0.243 7-29@-89dBm@0.888 4-7@-84dBm@0.969 18-46@-96dBm@0.169 6-19@-89dBm@0.868 10-43@-89dBm@0.878 5-27@-88dBm@0.936 19-40@-85dBm@0.965 29-38@-90dBm@0.862 0-39@-89dBm@0.899 6-33@-85dBm@0.961 25-48@-90dBm@0.847 5-34@-84dBm@0.974 29-49@-94dBm@0.468 2-27@-93dBm@0.542 25-39@-96dBm@0.104 26-42@-92dBm@0.672 11-19@-85dBm@0.961 18-44@-91dBm@0.719 20-28@-92dBm@0.715 17-23@-92dBm@0.677 8-29@-83dBm@0.974 33-48@-83dBm@0.974 1-40@-89dBm@0.867 12-27@-93dBm@0.529 15-37@-93dBm@0.642 13-38@-93dBm@0.593 3-17@-87dBm@0.948 44-46@-94dBm@0.348 0-41@-95dBm@0.311 17-25@-76dBm@1.000 34-39@-94dBm@0.477 26-28@-97dBm@0.028 17-34@-90dBm@0.862 23-26@-92dBm@0.685 26-46@-88dBm@0.937 9-10@-91dBm@0.743 25-38@-97dBm@0.061 0-48@-96dBm@0.090 29-31@-93dBm@0.538 32-36@-96dBm@0.089 34-46@-93dBm@0.655 4-23@-93dBm@0.651 20-29@-94dBm@0.326 25-29@-91dBm@0.764 10-45@-95dBm@0.230 42-48@-92dBm@0.686 18-27@-86dBm@0.954 3-44@-88dBm@0.923 18-32@-91dBm@0.766 11-26@-92dBm@0.695 19-49@-86dBm@0.958 3-11@-86dBm@0.953 11-12@-89dBm@0.891 25-35@-91dBm@0.735 30-38@-91dBm@0.735 13-49@-87dBm@0.940 28-36@-95dBm@0.222 9-20@-92dBm@0.676 13-15@-83dBm@0.978 7-32@-86dBm@0.954 29-34@-90dBm@0.862 31-41@-91dBm@0.795 3-20@-96dBm@0.102 27-31@-83dBm@0.974 5-26@-91dBm@0.756 7-25@-96dBm@0.132 0-3@-82dBm@0.982 6-23@-93dBm@0.655 6-40@-94dBm@0.379 5-31@-91dBm@0.745 27-33@-96dBm@0.077 30-41@-96dBm@0.118 34-44@-90dBm@0.820 2-18@-94dBm@0.365 23-39@-97dBm@0.045 9-16@-97dBm@0.021 15-24@-94dBm@0.501 4-38@-96dBm@0.154 30-35@-94dBm@0.517 6-10@-90dBm@0.831 1-31@-86dBm@0.953 23-38@-92dBm@0.671 17-18@-96dBm@0.171 11-15@-96dBm@0.119 32-46@-92dBm@0.678 3-6@-94dBm@0.483 17-26@-89dBm@0.866 10-32@-83dBm@0.974 21-28@-86dBm@0.959 16-19@-90dBm@0.865 8-39@-96dBm@0.152 13-34@-93dBm@0.654 7-34@-90dBm@0.846 16-29@-82dBm@0.985 1-9@-95dBm@0.266 25-37@-91dBm@0.728 10-25@-89dBm@0.869 45-49@-84dBm@0.972 7-27@-92dBm@0.678 33-36@-95dBm@0.222 4-34@-92dBm@0.680 16-20@-93dBm@0.591 8-30@-93dBm@0.650 23-30@-95dBm@0.221 45-47@-88dBm@0.910 6-8@-89dBm@0.876 19-35@-94dBm@0.371 8-20@-94dBm@0.463 14-25@-93dBm@0.533 5-44@-95dBm@0.202 29-44@-94dBm@0.385 20-22@-89dBm@0.865 2-29@-96dBm@0.165 9-13@-84dBm@0.968 17-39@-94dBm@0.510 14-35@-94dBm@0.503 5-13@-92dBm@0.671 2-3@-82dBm@0.981 0-7@-86dBm@0.958 31-37@-92dBm@0.711 14-33@-94dBm@0.379 30-40@-93dBm@0.640 8-28@-93dBm@0.569 2-15@-87dBm@0.938 37-42@-93dBm@0.645 22-28@-92dBm@0.669 14-28@-92dBm@0.682 1-30@-90dBm@0.864 11-46@-95dBm@0.290 5-16@-96dBm@0.101 28-42@-96dBm@0.124 12-24@-92dBm@0.663 27-39@-82dBm@0.985 6-12@-93dBm@0.650 3-28@-88dBm@0.935 2-16@-76dBm@1.000 15-16@-94dBm@0.383 6-16@-94dBm@0.444 1-24@-88dBm@0.922 11-14@-94dBm@0.360 42-46@-96dBm@0.186 6-49@-87dBm@0.940 13-20@-90dBm@0.850 0-1@-90dBm@0.863 10-28@-84dBm@0.974 10-22@-92dBm@0.711 9-18@-82dBm@0.983 31-32@-94dBm@0.420 4-15@-94dBm@0.412 8-37@-89dBm@0.878 5-7@-87dBm@0.940 10-42@-88dBm@0.924 20-30@-97dBm@0.004 30-31@-88dBm@0.933 8-14@-92dBm@0.663 18-47@-92dBm@0.689 9-45@-94dBm@0.437 23-29@-92dBm@0.666 9-40@-96dBm@0.163 18-25@-89dBm@0.895 6-29@-85dBm@0.959 34-38@-83dBm@0.978 0-8@-87dBm@0.938 5-10@-94dBm@0.519 19-47@-94dBm@0.508 15-29@-93dBm@0.659 0-29@-83dBm@0.974 8-11@-89dBm@0.879 5-48@-93dBm@0.639 10-31@-96dBm@0.169 7-13@-89dBm@0.889 26-33@-89dBm@0.869 4-21@-89dBm@0.886 4-9@-92dBm@0.672 29-45@-88dBm@0.932 26-32@-74dBm@1.000 26-37@-96dBm@0.079 39-41@-93dBm@0.527 8-9@-92dBm@0.715 37-44@-83dBm@0.974 7-43@-93dBm@0.659 9-15@-83dBm@0.974 22-33@-92dBm@0.678 17-21@-88dBm@0.916 7-16@-87dBm@0.941 14-46@-93dBm@0.620 8-15@-89dBm@0.900 15-22@-94dBm@0.433 27-36@-97dBm@0.017 20-24@-90dBm@0.851 6-31@-89dBm@0.877 40-49@-91dBm@0.769 19-23@-96dBm@0.163 5-6@-76dBm@1.000 4-49@-95dBm@0.228 1-45@-94dBm@0.465 10-34@-94dBm@0.420 29-35@-95dBm@0.262 14-49@-96dBm@0.168 7-17@-79dBm@0.998 36-45@-94dBm@0.366 14-17@-93dBm@0.559 0-44@-91dBm@0.741 0-11@-85dBm@0.959 15-44@-77dBm@1.000 12-45@-97dBm@0.026 26-36@-92dBm@0.696 33-35@-94dBm@0.371 6-38@-92dBm@0.694 6-20@-94dBm@0.367 24-36@-90dBm@0.864 6-22@-91dBm@0.744 3-4@-88dBm@0.913 3-33@-93dBm@0.572 4-26@-82dBm@0.984 36-38@-93dBm@0.639 10-21@-93dBm@0.548 1-27@-93dBm@0.619 12-41@-89dBm@0.901 44-45@-84dBm@0.974 23-48@-83dBm@0.979 17-48@-79dBm@0.995 1-12@-87dBm@0.948 20-49@-88dBm@0.917 8-31@-94dBm@0.344 1-3@-93dBm@0.652 0-2@-77dBm@1.000 0-5@-85dBm@0.967 21-48@-90dBm@0.863 28-32@-90dBm@0.860 3-48@-91dBm@0.725 2-17@-88dBm@0.931 35-36@-92dBm@0.701 17-38@-81dBm@0.987 3-5@-93dBm@0.640 13-23@-93dBm@0.523 10-44@-94dBm@0.480 0-45@-97dBm@0.033 41-47@-89dBm@0.892 19-24@-89dBm@0.877 15-38@-93dBm@0.537 1-19@-71dBm@1.000 15-45@-91dBm@0.733 4-28@-85dBm@0.959 25-36@-90dBm@0.865 24-27@-83dBm@0.977 9-25@-95dBm@0.271 9-44@-92dBm@0.679 2-32@-96dBm@0.162 12-30@-91dBm@0.745 7-48@-92dBm@0.708 33-41@-95dBm@0.246 0-6@-89dBm@0.895 1-7@-93dBm@0.613 42-43@-77dBm@1.000 0-4@-92dBm@0.675 13-41@-95dBm@0.261 15-41@-93dBm@0.629 5-9@-88dBm@0.936 17-46@-95dBm@0.232 31-33@-88dBm@0.936 24-30@-88dBm@0.934 0-49@-97dBm@0.046 4-14@-91dBm@0.747 4-10@-95dBm@0.227 11-40@-94dBm@0.372 9-48@-90dBm@0.860 0-32@-91dBm@0.725 36-39@-94dBm@0.479 2-6@-94dBm@0.404 6-34@-83dBm@0.974 9-27@-91dBm@0.772 4-6@-88dBm@0.937 6-9@-77dBm@1.000 29-33@-83dBm@0.974 2-5@-79dBm@1.000 31-47@-96dBm@0.137 18-22@-96dBm@0.159 33-45@-96dBm@0.160 2-14@-93dBm@0.660 11-16@-91dBm@0.782 7-35@-92dBm@0.671 30-45@-95dBm@0.284 23-33@-90dBm@0.854 12-44@-91dBm@0.718 3-30@-90dBm@0.860 2-4@-90dBm@0.862 13-22@-89dBm@0.893 31-39@-91dBm@0.798 5-8@-91dBm@0.748 31-46@-96dBm@0.189 20-31@-96dBm@0.111 6-39@-93dBm@0.645 10-26@-84dBm@0.974
#aveChargePerCycle runNum=0 0@515.21 1@204.12 2@296.92 3@230.85 4@183.46 5@210.82 6@368.96 7@179.88 8@209.75 9@1.30 10@26.82 11@159.06 12@28.39 13@1.30 14@53.24 15@200.32 16@1.30 17@78.80 18@27.22 19@87.22 20@3.24 21@1.30 22@2.59 23@1.30 24@35.49 25@1.30 26@77.35 27@3.24 28@76.86 29@288.41 30@1.30 31@1.30 32@66.58 33@1.30 34@1.94 35@27.47 36@1.94 37@26.82 38@1.30 39@1.30 40@2.59 41@18.68 42@1.30 43@1.30 44@52.75 45@11.14 46@1.30 47@1.94 48@1.30 49@28.39