## dioPeriod = 1.0
## burstTimestamp = 20
## minRssi = -97
## numMotes = 50
## otfHousekeepingPeriod = 1.0
## sixtopNoRemoveWorstCell = 0
## simDataDir = simData
## numChans = 16
## slotframeLength = 101
## squareSide = 2.0
## cpuID = 60
## sixtopPdrThreshold = 1.5
## pkPeriod = None
## sixtopHousekeepingPeriod = 1.0
## sixtopNoHousekeeping = 0
## algorithm = otf
## pkPeriodVar = 0.05
## numCyclesPerRun = 100
## startTime = 1502276471.28
## slotDuration = 0.01
## numRuns = 1
## combinationKeys = ['algorithm', 'numMotes', 'otfThreshold']
## numPacketsBurst = 5
## otfThreshold = 1
## noInterference = 0
## gui = False


# appGenerated appReachesDagroot appRelayed aveHops aveLatency aveQueueDelay chargeConsumed collidedTxs cycle droppedAppFailedEnqueue droppedMacRetries droppedNoRoute droppedNoTxCells droppedQueueFull effectiveCollidedTxs numRxCells numTx numTxCells otfAdd otfRemove probableCollisions rplChurnParentSet rplChurnPrefParent rplChurnRank rplRxDIO rplTxDIO runNum scheduleCollisions topRxRelocatedCells topTxRelocatedBundles topTxRelocatedCells txQueueFill
             0                 0          0       0          0             0              0           0     0                       0                 0              0                0                0                    0          0     0          0      0         0                  0                 0                  0            0        0        0      0                  0                   0                     0                   0           0
             0                 0          0       0          0             0       1574.400           6     1                       0                 0              0                0                0                    2        119     0        119    119         0                  0               146                105            6      544       50      0                  3                   0                     0                   0           0
             0                 0          0       0          0             0       4772.400           6     2                       0                 0              0                0                0                    2        130     0        130     11         0                  0                 0                169            0      544       50      0                  3                   0                     0                   0           0
             0                 0          0       0          0             0       7970.400           6     3                       0                 0              0                0                0                    2        130     0        130      0         0                  0                 0                169            0      544       50      0                  3                   0                     0                   0           0
             0                 0          0       0          0             0      11168.400           6     4                       0                 0              0                0                0                    2        130     0        130      0         0                  0                 0                169            0      544       50      0                  3                   0                     0                   0           0
             0                 0          0       0          0             0      14366.400           6     5                       0                 0              0                0                0                    2        130     0        130      0         0                  0                 0                169            0      544       50      0                  3                   0                     0                   0           0
             0                 0          0       0          0             0      17564.400           6     6                       0                 0              0                0                0                    2        130     0        130      0         0                  0                 0                169            0      544       50      0                  3                   0                     0                   0           0
             0                 0          0       0          0             0      20762.400           6     7                       0                 0              0                0                0                    2        130     0        130      0         0                  0                 0                169            0      544       50      0                  3                   0                     0                   0           0
             0                 0          0       0          0             0      23960.400           6     8                       0                 0              0                0                0                    2        130     0        130      0         0                  0                 0                169            0      544       50      0                  3                   0                     0                   0           0
             0                 0          0       0          0             0      27158.400           6     9                       0                 0              0                0                0                    2        130     0        130      0         0                  0                 0                169            0      544       50      0                  3                   0                     0                   0           0
             0                 0          0       0          0             0      30356.400           6    10                       0                 0              0                0                0                    2        130     0        130      0         0                  0                 0                169            0      544       50      0                  3                   0                     0                   0           0
             0                 0          0       0          0             0      33554.400           6    11                       0                 0              0                0                0                    2        130     0        130      0         0                  0                 0                169            0      544       50      0                  3                   0                     0                   0           0
             0                 0          0       0          0             0      36752.400           6    12                       0                 0              0                0                0                    2        130     0        130      0         0                  0                 0                169            0      544       50      0                  3                   0                     0                   0           0
             0                 0          0       0          0             0      39950.400           6    13                       0                 0              0                0                0                    2        130     0        130      0         0                  0                 0                169            0      544       50      0                  3                   0                     0                   0           0
             0                 0          0       0          0             0      43148.400           6    14                       0                 0              0                0                0                    2        130     0        130      0         0                  0                 0                169            0      544       50      0                  3                   0                     0                   0           0
             0                 0          0       0          0             0      46346.400           6    15                       0                 0              0                0                0                    2        130     0        130      0         0                  0                 0                169            0      544       50      0                  3                   0                     0                   0           0
             0                 0          0       0          0             0      49544.400           6    16                       0                 0              0                0                0                    2        130     0        130      0         0                  0                 0                169            0      544       50      0                  3                   0                     0                   0           0
             0                 0          0       0          0             0      52742.400           6    17                       0                 0              0                0                0                    2        130     0        130      0         0                  0                 0                169            0      544       50      0                  3                   0                     0                   0           0
             0                 0          0       0          0             0      55940.400           6    18                       0                 0              0                0                0                    2        130     0        130      0         0                  0                 0                169            0      544       50      0                  3                   0                     0                   0           0
            49                 1         20   1.000     19.000       171.000      62100.860           6    19                       0                 0              0                0                0                    2        151    28        151      9         0                  0                 0                169            0      544       50      0                  3                   0                     0                   0          48
             0                18         54   2.111     76.222      1799.526      76766.600          18    20                       0                 0              0                0                4                    3        232   123        232     28         2                  0                 3                168           22      544       50      0                  9                   0                     0                   0          30
             0                24         19   3.167    160.667       821.233      87906.280          14    21                       0                 0              0                0                1                    1        184   146        184      9        23                  0                 8                153           45      544       50      0                  7                   1                     0                   0           6
             0                 6          0   4.500    270.833       142.800      92855.820          10    22                       0                 0              0                0                0                    1        156   110        156      7        11                  0                 6                163           30      544       50      0                  5                   0                     0                   0           0
             0                 0          0       0          0             0      96619.620          10    23                       0                 0              0                0                0                    3        150    98        150      2         2                  0                 4                160           30      544       50      0                  5                   0                     0                   0           0
             0                 0          0       0          0             0     100285.020           8    24                       0                 0              0                0                0                    1        148    98        148      0         1                  0                 0                153           11      544       50      0                  4                   0                     0                   0           0
             0                 0          0       0          0             0     103925.820           8    25                       0                 0              0                0                0                    1        146    95        146      0         1                  0                 0                152            0      544       50      0                  4                   0                     0                   0           0
             0                 0          0       0          0             0     107517.420           8    26                       0                 0              0                0                0                    1        146    95        146      0         0                  0                 0                152           10      544       50      0                  4                   0                     0                   0           0
             0                 0          0       0          0             0     111109.020           8    27                       0                 0              0                0                0                    1        146    95        146      0         0                  0                 0                152            0      544       50      0                  4                   0                     0                   0           0
             0                 0          0       0          0             0     114700.620           8    28                       0                 0              0                0                0                    1        146    95        146      0         0                  0                 0                152            0      544       50      0                  4                   0                     0                   0           0
             0                 0          0       0          0             0     118292.220           8    29                       0                 0              0                0                0                    1        146    95        146      0         0                  0                 0                152            0      544       50      0                  4                   0                     0                   0           0
             0                 0          0       0          0             0     121883.820           8    30                       0                 0              0                0                0                    1        146    95        146      0         0                  0                 0                152            0      544       50      0                  4                   0                     0                   0           0
             0                 0          0       0          0             0     125475.420           8    31                       0                 0              0                0                0                    1        146    95        146      0         0                  0                 0                152            0      544       50      0                  4                   0                     0                   0           0
             0                 0          0       0          0             0     129067.020           8    32                       0                 0              0                0                0                    1        146    95        146      0         0                  0                 0                152            0      544       50      0                  4                   0                     0                   0           0
             0                 0          0       0          0             0     132658.620           8    33                       0                 0              0                0                0                    1        146    95        146      0         0                  0                 0                152            0      544       50      0                  4                   0                     0                   0           0
             0                 0          0       0          0             0     136250.220           8    34                       0                 0              0                0                0                    1        146    95        146      0         0                  0                 0                152            0      544       50      0                  4                   0                     0                   0           0
             0                 0          0       0          0             0     139841.820           8    35                       0                 0              0                0                0                    1        146    95        146      0         0                  0                 0                152            0      544       50      0                  4                   0                     0                   0           0
             0                 0          0       0          0             0     143433.420           8    36                       0                 0              0                0                0                    1        146    95        146      0         0                  0                 0                152            0      544       50      0                  4                   0                     0                   0           0
             0                 0          0       0          0             0     147025.020           8    37                       0                 0              0                0                0                    1        146    95        146      0         0                  0                 0                152            0      544       50      0                  4                   0                     0                   0           0
             0                 0          0       0          0             0     150616.620           8    38                       0                 0              0                0                0                    1        146    95        146      0         0                  0                 0                152            0      544       50      0                  4                   0                     0                   0           0
             0                 0          0       0          0             0     154208.220           8    39                       0                 0              0                0                0                    1        146    95        146      0         0                  0                 0                152            0      544       50      0                  4                   0                     0                   0           0
             0                 0          0       0          0             0     157799.820           8    40                       0                 0              0                0                0                    1        146    95        146      0         0                  0                 0                152            0      544       50      0                  4                   0                     0                   0           0
             0                 0          0       0          0             0     161391.420           8    41                       0                 0              0                0                0                    1        146    95        146      0         0                  0                 0                152            0      544       50      0                  4                   0                     0                   0           0
             0                 0          0       0          0             0     164983.020           8    42                       0                 0              0                0                0                    1        146    95        146      0         0                  0                 0                152            0      544       50      0                  4                   0                     0                   0           0
             0                 0          0       0          0             0     168574.620           8    43                       0                 0              0                0                0                    1        146    95        146      0         0                  0                 0                152            0      544       50      0                  4                   0                     0                   0           0
             0                 0          0       0          0             0     172166.220           8    44                       0                 0              0                0                0                    1        146    95        146      0         0                  0                 0                152            0      544       50      0                  4                   0                     0                   0           0
             0                 0          0       0          0             0     175757.820           8    45                       0                 0              0                0                0                    1        146    95        146      0         0                  0                 0                152            0      544       50      0                  4                   0                     0                   0           0
             0                 0          0       0          0             0     179349.420           8    46                       0                 0              0                0                0                    1        146    95        146      0         0                  0                 0                152            0      544       50      0                  4                   0                     0                   0           0
             0                 0          0       0          0             0     182941.020           8    47                       0                 0              0                0                0                    1        146    95        146      0         0                  0                 0                152            0      544       50      0                  4                   0                     0                   0           0
             0                 0          0       0          0             0     186532.620           8    48                       0                 0              0                0                0                    1        146    95        146      0         0                  0                 0                152            0      544       50      0                  4                   0                     0                   0           0
             0                 0          0       0          0             0     190124.220           8    49                       0                 0              0                0                0                    1        146    95        146      0         0                  0                 0                152            0      544       50      0                  4                   0                     0                   0           0
             0                 0          0       0          0             0     193715.820           8    50                       0                 0              0                0                0                    1        146    95        146      0         0                  0                 0                152            0      544       50      0                  4                   0                     0                   0           0
             0                 0          0       0          0             0     197307.420           8    51                       0                 0              0                0                0                    1        146    95        146      0         0                  0                 0                152            0      544       50      0                  4                   0                     0                   0           0
             0                 0          0       0          0             0     200899.020           8    52                       0                 0              0                0                0                    1        146    95        146      0         0                  0                 0                152            0      544       50      0                  4                   0                     0                   0           0
             0                 0          0       0          0             0     204490.620           8    53                       0                 0              0                0                0                    1        146    95        146      0         0                  0                 0                152            0      544       50      0                  4                   0                     0                   0           0
             0                 0          0       0          0             0     208082.220           8    54                       0                 0              0                0                0                    1        146    95        146      0         0                  0                 0                152            0      544       50      0                  4                   0                     0                   0           0
             0                 0          0       0          0             0     211673.820           8    55                       0                 0              0                0                0                    1        146    95        146      0         0                  0                 0                152            0      544       50      0                  4                   0                     0                   0           0
             0                 0          0       0          0             0     215265.420           8    56                       0                 0              0                0                0                    1        146    95        146      0         0                  0                 0                152            0      544       50      0                  4                   0                     0                   0           0
             0                 0          0       0          0             0     218857.020           8    57                       0                 0              0                0                0                    1        146    95        146      0         0                  0                 0                152            0      544       50      0                  4                   0                     0                   0           0
             0                 0          0       0          0             0     222448.620           8    58                       0                 0              0                0                0                    1        146    95        146      0         0                  0                 0                152            0      544       50      0                  4                   0                     0                   0           0
            49                 8         47   1.750     44.375      1033.333     233548.980          14    59                       0                 0              0                0                1                    2        182   163        182     16         0                  0                 0                152            0      544       50      0                  7                   0                     0                   0          41
             0                24         38   2.583    120.375      1242.600     247241.020          12    60                       0                 0              0                0                7                    2        205   226        205     18        10                  0                 0                164           43      544       50      0                  6                   1                     0                   0          17
             0                14          8   3.714    213.857       484.562     254495.960           6    61                       0                 0              0                0                0                    1        168   222        168      6        18                  0                 5                165           45      544       50      0                  3                   1                     0                   0           3
             0                 3          2   5.333    323.333       163.667     259017.560           8    62                       0                 0              0                0                0                    2        156   208        156      1         4                  0                 3                159           32      544       50      0                  4                   0                     0                   0           0
             0                 0          0       0          0             0     262805.960           8    63                       0                 0              0                0                0                    2        150   195        150      0         3                  0                 0                159           28      544       50      0                  4                   0                     0                   0           0
             0                 0          0       0          0             0     266495.960           8    64                       0                 0              0                0                0                    2        150   195        150      0         0                  0                 0                159           11      544       50      0                  4                   0                     0                   0           0
             0                 0          0       0          0             0     270185.960           8    65                       0                 0              0                0                0                    2        150   195        150      0         0                  0                 0                159            0      544       50      0                  4                   0                     0                   0           0
             0                 0          0       0          0             0     273875.960           8    66                       0                 0              0                0                0                    2        150   195        150      0         0                  0                 0                159            0      544       50      0                  4                   0                     0                   0           0
             0                 0          0       0          0             0     277565.960           8    67                       0                 0              0                0                0                    2        150   195        150      0         0                  0                 0                159            0      544       50      0                  4                   0                     0                   0           0
             0                 0          0       0          0             0     281255.960           8    68                       0                 0              0                0                0                    2        150   195        150      0         0                  0                 0                159            0      544       50      0                  4                   0                     0                   0           0
             0                 0          0       0          0             0     284945.960           8    69                       0                 0              0                0                0                    2        150   195        150      0         0                  0                 0                159            0      544       50      0                  4                   0                     0                   0           0
             0                 0          0       0          0             0     288635.960           8    70                       0                 0              0                0                0                    2        150   195        150      0         0                  0                 0                159            0      544       50      0                  4                   0                     0                   0           0
             0                 0          0       0          0             0     292325.960           8    71                       0                 0              0                0                0                    2        150   195        150      0         0                  0                 0                159            0      544       50      0                  4                   0                     0                   0           0
             0                 0          0       0          0             0     296015.960           8    72                       0                 0              0                0                0                    2        150   195        150      0         0                  0                 0                159            0      544       50      0                  4                   0                     0                   0           0
             0                 0          0       0          0             0     299705.960           8    73                       0                 0              0                0                0                    2        150   195        150      0         0                  0                 0                159            0      544       50      0                  4                   0                     0                   0           0
             0                 0          0       0          0             0     303395.960           8    74                       0                 0              0                0                0                    2        150   195        150      0         0                  0                 0                159            0      544       50      0                  4                   0                     0                   0           0
             0                 0          0       0          0             0     307085.960           8    75                       0                 0              0                0                0                    2        150   195        150      0         0                  0                 0                159            0      544       50      0                  4                   0                     0                   0           0
             0                 0          0       0          0             0     310775.960           8    76                       0                 0              0                0                0                    2        150   195        150      0         0                  0                 0                159            0      544       50      0                  4                   0                     0                   0           0
             0                 0          0       0          0             0     314465.960           8    77                       0                 0              0                0                0                    2        150   195        150      0         0                  0                 0                159            0      544       50      0                  4                   0                     0                   0           0
             0                 0          0       0          0             0     318155.960           8    78                       0                 0              0                0                0                    2        150   195        150      0         0                  0                 0                159            0      544       50      0                  4                   0                     0                   0           0
             0                 0          0       0          0             0     321845.960           8    79                       0                 0              0                0                0                    2        150   195        150      0         0                  0                 0                159            0      544       50      0                  4                   0                     0                   0           0
             0                 0          0       0          0             0     325535.960           8    80                       0                 0              0                0                0                    2        150   195        150      0         0                  0                 0                159            0      544       50      0                  4                   0                     0                   0           0
             0                 0          0       0          0             0     329225.960           8    81                       0                 0              0                0                0                    2        150   195        150      0         0                  0                 0                159            0      544       50      0                  4                   0                     0                   0           0
             0                 0          0       0          0             0     332915.960           8    82                       0                 0              0                0                0                    2        150   195        150      0         0                  0                 0                159            0      544       50      0                  4                   0                     0                   0           0
             0                 0          0       0          0             0     336605.960           8    83                       0                 0              0                0                0                    2        150   195        150      0         0                  0                 0                159            0      544       50      0                  4                   0                     0                   0           0
             0                 0          0       0          0             0     340295.960           8    84                       0                 0              0                0                0                    2        150   195        150      0         0                  0                 0                159            0      544       50      0                  4                   0                     0                   0           0
             0                 0          0       0          0             0     343985.960           8    85                       0                 0              0                0                0                    2        150   195        150      0         0                  0                 0                159            0      544       50      0                  4                   0                     0                   0           0
             0                 0          0       0          0             0     347675.960           8    86                       0                 0              0                0                0                    2        150   195        150      0         0                  0                 0                159            0      544       50      0                  4                   0                     0                   0           0
             0                 0          0       0          0             0     351365.960           8    87                       0                 0              0                0                0                    2        150   195        150      0         0                  0                 0                159            0      544       50      0                  4                   0                     0                   0           0
             0                 0          0       0          0             0     355055.960           8    88                       0                 0              0                0                0                    2        150   195        150      0         0                  0                 0                159            0      544       50      0                  4                   0                     0                   0           0
             0                 0          0       0          0             0     358745.960           8    89                       0                 0              0                0                0                    2        150   195        150      0         0                  0                 0                159            0      544       50      0                  4                   0                     0                   0           0
             0                 0          0       0          0             0     362435.960           8    90                       0                 0              0                0                0                    2        150   195        150      0         0                  0                 0                159            0      544       50      0                  4                   0                     0                   0           0
             0                 0          0       0          0             0     366125.960           8    91                       0                 0              0                0                0                    2        150   195        150      0         0                  0                 0                159            0      544       50      0                  4                   0                     0                   0           0
             0                 0          0       0          0             0     369815.960           8    92                       0                 0              0                0                0                    2        150   195        150      0         0                  0                 0                159            0      544       50      0                  4                   0                     0                   0           0
             0                 0          0       0          0             0     373505.960           8    93                       0                 0              0                0                0                    2        150   195        150      0         0                  0                 0                159            0      544       50      0                  4                   0                     0                   0           0
             0                 0          0       0          0             0     377195.960           8    94                       0                 0              0                0                0                    2        150   195        150      0         0                  0                 0                159            0      544       50      0                  4                   0                     0                   0           0
             0                 0          0       0          0             0     380885.960           8    95                       0                 0              0                0                0                    2        150   195        150      0         0                  0                 0                159            0      544       50      0                  4                   0                     0                   0           0
             0                 0          0       0          0             0     384575.960           8    96                       0                 0              0                0                0                    2        150   195        150      0         0                  0                 0                159            0      544       50      0                  4                   0                     0                   0           0
             0                 0          0       0          0             0     388265.960           8    97                       0                 0              0                0                0                    2        150   195        150      0         0                  0                 0                159            0      544       50      0                  4                   0                     0                   0           0
             0                 0          0       0          0             0     391955.960           8    98                       0                 0              0                0                0                    2        150   195        150      0         0                  0                 0                159            0      544       50      0                  4                   0                     0                   0           0
             0                 0          0       0          0             0     395645.960           8    99                       0                 0              0                0                0                    2        150   195        150      0         0                  0                 0                159            0      544       50      0                  4                   0                     0                   0           0
#pos runNum=0 0@(1.00000,1.00000)@0 1@(1.10738,1.44937)@832 2@(0.96625,1.23168)@580 3@(0.86515,1.27379)@739 4@(0.87100,1.27555)@832 5@(1.17956,1.34704)@1386 6@(1.13510,1.40304)@1344 7@(1.20061,1.07034)@804 8@(0.76287,1.60610)@1685 9@(0.89833,1.49300)@1379 10@(0.98034,1.30457)@1134 11@(1.11653,1.28511)@1245 12@(1.21599,1.10401)@1316 13@(1.12195,1.22096)@1457 14@(1.31717,1.27876)@1563 15@(0.96903,1.23449)@542 16@(1.02066,1.44227)@1457 17@(1.06385,1.28638)@1636 18@(1.16390,1.08794)@1362 19@(1.20416,1.35243)@1636 20@(0.74196,1.54975)@2112 21@(0.87493,1.44517)@1947 22@(1.04350,1.32494)@1514 23@(0.99182,1.14298)@1543 24@(1.29399,1.16319)@1770 25@(0.87978,1.13209)@1709 26@(0.99757,1.18613)@597 27@(0.83824,1.08228)@1202 28@(1.22943,1.38006)@1457 29@(1.03109,1.11458)@1429 30@(1.07673,1.53231)@1870 31@(0.79840,1.31005)@1421 32@(0.78948,1.43870)@2325 33@(1.11833,1.34527)@1803 34@(1.30083,1.16234)@1870 35@(1.25510,1.01710)@2512 36@(0.76307,0.97234)@1024 37@(1.12203,1.20970)@1134 38@(1.24160,0.80466)@2261 39@(1.01001,1.04647)@630 40@(0.97276,1.21946)@1092 41@(0.94673,1.24653)@1759 42@(0.56608,1.53180)@1763 43@(0.75251,0.96085)@625 44@(0.80975,1.44375)@2148 45@(1.17411,1.39692)@1949 46@(1.12877,1.12369)@1685 47@(0.80685,1.23594)@1143 48@(0.95938,1.02665)@1165 49@(1.24295,1.43933)@1954
#links runNum=0 3-40@-92dBm@0.673 13-37@-93dBm@0.657 6-19@-92dBm@0.682 5-47@-96dBm@0.188 28-32@-94dBm@0.383 7-47@-94dBm@0.360 15-34@-91dBm@0.774 5-11@-93dBm@0.654 22-30@-93dBm@0.657 4-13@-89dBm@0.876 18-19@-95dBm@0.230 11-24@-87dBm@0.946 26-27@-90dBm@0.828 13-36@-93dBm@0.630 13-49@-89dBm@0.888 10-40@-86dBm@0.956 5-20@-94dBm@0.384 31-44@-88dBm@0.909 7-15@-91dBm@0.803 3-8@-91dBm@0.752 28-45@-85dBm@0.959 0-39@-91dBm@0.774 10-15@-90dBm@0.860 31-32@-84dBm@0.972 3-21@-95dBm@0.254 11-17@-91dBm@0.736 20-25@-96dBm@0.135 0-36@-93dBm@0.541 15-40@-92dBm@0.680 18-38@-97dBm@0.037 5-45@-81dBm@0.987 4-43@-92dBm@0.670 33-36@-96dBm@0.080 5-49@-82dBm@0.985 13-22@-88dBm@0.903 35-36@-97dBm@0.051 12-13@-97dBm@0.042 21-49@-96dBm@0.148 3-15@-95dBm@0.239 7-12@-77dBm@1.000 22-40@-95dBm@0.244 1-17@-93dBm@0.637 3-44@-97dBm@0.059 35-46@-92dBm@0.716 2-6@-93dBm@0.632 2-47@-87dBm@0.940 13-34@-91dBm@0.727 1-6@-77dBm@1.000 23-47@-94dBm@0.459 33-37@-83dBm@0.974 45-46@-94dBm@0.490 7-33@-96dBm@0.083 12-28@-92dBm@0.667 23-35@-91dBm@0.717 2-25@-90dBm@0.862 6-22@-92dBm@0.670 1-29@-94dBm@0.331 14-19@-89dBm@0.881 16-28@-97dBm@0.012 11-12@-89dBm@0.866 23-29@-96dBm@0.094 11-44@-96dBm@0.160 25-31@-89dBm@0.873 14-37@-96dBm@0.134 4-40@-89dBm@0.866 23-39@-84dBm@0.974 10-20@-92dBm@0.681 40-44@-89dBm@0.868 16-21@-86dBm@0.950 3-10@-94dBm@0.512 8-11@-96dBm@0.169 8-20@-82dBm@0.981 17-41@-82dBm@0.980 4-9@-92dBm@0.706 19-41@-89dBm@0.869 26-31@-93dBm@0.646 9-45@-97dBm@0.025 24-34@-66dBm@1.000 0-43@-90dBm@0.818 10-28@-97dBm@0.049 1-28@-87dBm@0.942 2-31@-95dBm@0.227 16-27@-93dBm@0.638 21-47@-88dBm@0.904 18-21@-96dBm@0.125 1-31@-95dBm@0.295 5-17@-83dBm@0.974 12-25@-93dBm@0.537 40-41@-93dBm@0.652 10-13@-97dBm@0.048 22-49@-93dBm@0.661 17-45@-96dBm@0.096 24-28@-89dBm@0.879 19-25@-95dBm@0.270 19-23@-95dBm@0.261 15-22@-85dBm@0.960 34-39@-94dBm@0.423 21-25@-93dBm@0.638 13-46@-97dBm@0.052 16-31@-89dBm@0.867 16-17@-97dBm@0.044 30-45@-87dBm@0.939 0-15@-88dBm@0.934 11-30@-89dBm@0.886 12-22@-94dBm@0.441 2-10@-85dBm@0.961 17-18@-96dBm@0.182 11-34@-89dBm@0.888 12-48@-96dBm@0.135 10-22@-80dBm@0.993 7-39@-87dBm@0.940 6-16@-92dBm@0.716 11-39@-89dBm@0.872 20-47@-91dBm@0.782 28-33@-93dBm@0.659 2-29@-96dBm@0.118 13-45@-94dBm@0.446 6-44@-91dBm@0.726 17-33@-80dBm@0.988 32-41@-94dBm@0.397 17-46@-92dBm@0.667 19-21@-91dBm@0.741 24-26@-91dBm@0.743 5-14@-91dBm@0.755 3-42@-93dBm@0.575 0-7@-92dBm@0.661 39-48@-79dBm@1.000 25-27@-84dBm@0.968 17-20@-93dBm@0.601 2-15@-78dBm@1.000 36-43@-71dBm@1.000 7-13@-85dBm@0.961 23-32@-93dBm@0.643 13-24@-88dBm@0.937 5-16@-87dBm@0.947 20-31@-95dBm@0.226 2-41@-96dBm@0.166 6-12@-90dBm@0.808 7-17@-96dBm@0.154 5-35@-93dBm@0.568 26-41@-80dBm@0.988 32-47@-96dBm@0.177 10-18@-96dBm@0.137 15-37@-91dBm@0.798 1-16@-90dBm@0.852 19-30@-88dBm@0.933 6-49@-94dBm@0.340 2-37@-86dBm@0.950 2-7@-91dBm@0.777 1-5@-84dBm@0.971 11-29@-90dBm@0.825 4-15@-89dBm@0.869 40-45@-97dBm@0.012 18-48@-89dBm@0.887 16-48@-95dBm@0.238 5-7@-91dBm@0.725 5-39@-93dBm@0.642 8-10@-96dBm@0.161 17-21@-91dBm@0.786 2-11@-92dBm@0.705 25-47@-92dBm@0.699 21-32@-92dBm@0.687 15-19@-92dBm@0.695 46-48@-89dBm@0.870 5-22@-89dBm@0.866 23-33@-89dBm@0.884 4-22@-91dBm@0.719 33-45@-88dBm@0.935 6-41@-93dBm@0.624 5-33@-93dBm@0.590 23-46@-85dBm@0.965 29-49@-93dBm@0.574 4-47@-88dBm@0.902 3-31@-91dBm@0.792 37-44@-97dBm@0.030 5-48@-92dBm@0.688 9-10@-90dBm@0.806 27-41@-93dBm@0.609 0-26@-90dBm@0.844 18-31@-93dBm@0.633 29-47@-90dBm@0.842 2-3@-82dBm@0.985 27-46@-90dBm@0.861 17-22@-93dBm@0.650 34-37@-89dBm@0.892 16-47@-97dBm@0.031 7-24@-85dBm@0.963 13-38@-93dBm@0.614 8-37@-95dBm@0.203 10-47@-93dBm@0.641 10-11@-88dBm@0.936 4-8@-93dBm@0.604 4-5@-92dBm@0.707 21-30@-88dBm@0.937 11-41@-85dBm@0.959 11-46@-95dBm@0.211 5-28@-91dBm@0.770 14-47@-97dBm@0.021 19-33@-96dBm@0.150 6-31@-97dBm@0.044 22-45@-87dBm@0.938 13-17@-95dBm@0.200 45-48@-94dBm@0.519 1-25@-92dBm@0.666 31-37@-95dBm@0.316 4-49@-95dBm@0.232 33-48@-96dBm@0.142 1-2@-89dBm@0.886 1-8@-92dBm@0.663 48-49@-97dBm@0.041 31-42@-92dBm@0.676 11-13@-88dBm@0.933 11-45@-84dBm@0.974 6-45@-75dBm@1.000 7-18@-87dBm@0.941 32-44@-85dBm@0.964 23-48@-89dBm@0.866 27-31@-90dBm@0.863 11-23@-96dBm@0.122 45-49@-81dBm@0.985 7-29@-90dBm@0.850 17-29@-95dBm@0.226 17-19@-84dBm@0.974 14-34@-91dBm@0.746 22-35@-92dBm@0.713 7-26@-93dBm@0.548 12-46@-93dBm@0.641 45-47@-96dBm@0.134 2-40@-69dBm@1.000 26-48@-86dBm@0.954 3-4@-88dBm@0.934 5-26@-91dBm@0.793 6-33@-80dBm@0.992 10-21@-91dBm@0.738 1-14@-91dBm@0.743 7-45@-94dBm@0.411 32-36@-97dBm@0.026 2-26@-95dBm@0.315 1-24@-93dBm@0.585 11-47@-91dBm@0.794 26-40@-80dBm@0.990 6-9@-89dBm@0.867 1-3@-91dBm@0.781 32-42@-90dBm@0.865 2-38@-96dBm@0.176 4-17@-97dBm@0.075 29-40@-88dBm@0.935 39-40@-96dBm@0.149 12-36@-94dBm@0.322 5-6@-86dBm@0.954 33-34@-90dBm@0.829 2-17@-94dBm@0.419 24-48@-96dBm@0.134 17-24@-92dBm@0.713 8-32@-89dBm@0.869 23-40@-89dBm@0.890 18-39@-93dBm@0.648 6-17@-90dBm@0.806 0-2@-89dBm@0.865 1-19@-93dBm@0.646 3-23@-91dBm@0.724 44-45@-93dBm@0.560 11-37@-86dBm@0.950 0-4@-94dBm@0.513 14-30@-96dBm@0.098 9-21@-83dBm@0.974 27-28@-95dBm@0.311 41-45@-91dBm@0.753 10-44@-88dBm@0.934 19-22@-92dBm@0.709 0-1@-93dBm@0.539 5-19@-83dBm@0.974 22-26@-84dBm@0.974 14-45@-93dBm@0.586 27-30@-96dBm@0.145 25-49@-95dBm@0.223 7-40@-92dBm@0.704 5-9@-95dBm@0.208 16-40@-96dBm@0.123 11-49@-86dBm@0.954 12-14@-91dBm@0.730 4-20@-94dBm@0.458 31-49@-96dBm@0.083 25-29@-95dBm@0.303 16-30@-81dBm@0.985 6-28@-81dBm@0.986 24-31@-94dBm@0.341 24-38@-92dBm@0.715 11-18@-93dBm@0.535 4-10@-86dBm@0.955 11-40@-85dBm@0.962 11-33@-80dBm@0.991 29-36@-92dBm@0.679 6-37@-93dBm@0.648 22-23@-93dBm@0.593 8-44@-95dBm@0.258 20-32@-90dBm@0.836 44-48@-95dBm@0.215 6-48@-96dBm@0.155 0-3@-93dBm@0.623 2-5@-92dBm@0.673 29-39@-79dBm@0.996 26-29@-91dBm@0.792 23-45@-95dBm@0.196 3-9@-90dBm@0.861 22-41@-91dBm@0.739 18-40@-90dBm@0.826 15-41@-86dBm@0.955 17-23@-91dBm@0.763 9-17@-90dBm@0.861 9-43@-97dBm@0.044 15-23@-97dBm@0.002 9-49@-96dBm@0.165 10-41@-89dBm@0.875 30-33@-90dBm@0.862 16-22@-86dBm@0.957 17-25@-88dBm@0.903 13-18@-91dBm@0.746 25-33@-96dBm@0.189 23-38@-93dBm@0.623 2-4@-88dBm@0.934 7-27@-95dBm@0.291 20-42@-95dBm@0.289 1-46@-92dBm@0.674 23-41@-97dBm@0.003 30-44@-97dBm@0.032 10-35@-96dBm@0.160
#aveChargePerCycle runNum=0 0@434.03 1@289.97 2@448.91 3@263.79 4@238.39 5@216.72 6@96.54 7@187.13 8@51.18 9@30.08 10@164.01 11@214.46 12@97.22 13@76.21 14@1.94 15@271.89 16@51.58 17@1.30 18@7.39 19@28.77 20@1.30 21@25.65 22@28.39 23@78.03 24@25.40 25@3.89 26@144.56 27@80.88 28@1.94 29@1.30 30@1.30 31@79.82 32@1.94 33@1.30 34@1.94 35@1.94 36@26.88 37@66.62 38@1.30 39@122.13 40@48.11 41@1.30 42@1.94 43@27.87 44@1.94 45@1.94 46@1.30 47@1.30 48@1.30 49@1.94