## dioPeriod = 1.0
## burstTimestamp = 20
## minRssi = -97
## numMotes = 50
## otfHousekeepingPeriod = 1.0
## sixtopNoRemoveWorstCell = 0
## simDataDir = simData
## numChans = 16
## slotframeLength = 101
## squareSide = 2.0
## cpuID = 79
## sixtopPdrThreshold = 1.5
## pkPeriod = None
## sixtopHousekeepingPeriod = 1.0
## sixtopNoHousekeeping = 0
## algorithm = otf
## pkPeriodVar = 0.05
## numCyclesPerRun = 100
## startTime = 1502276471.29
## slotDuration = 0.01
## numRuns = 1
## combinationKeys = ['algorithm', 'numMotes', 'otfThreshold']
## numPacketsBurst = 5
## otfThreshold = 1
## noInterference = 0
## gui = False


# appGenerated appReachesDagroot appRelayed aveHops aveLatency aveQueueDelay chargeConsumed collidedTxs cycle droppedAppFailedEnqueue droppedMacRetries droppedNoRoute droppedNoTxCells droppedQueueFull effectiveCollidedTxs numRxCells numTx numTxCells otfAdd otfRemove probableCollisions rplChurnParentSet rplChurnPrefParent rplChurnRank rplRxDIO rplTxDIO runNum scheduleCollisions topRxRelocatedCells topTxRelocatedBundles topTxRelocatedCells txQueueFill
             0                 0          0       0          0             0              0           0     0                       0                 0              0                0                0                    0          0     0          0      0         0                  0                 0                  0            0        0        0      0                  0                   0                     0                   0           0
             0                 0          0       0          0             0       1722.000           6     1                       0                 0              0                0                0                    1        111     0        111    111         0                  0               145                 93            4      484       50      0                  3                   0                     0                   0           0
             0                 0          0       0          0             0       4944.600          10     2                       0                 0              0                0                0                    2        132     0        132     21         0                  0                 0                146            0      484       50      0                  5                   0                     0                   0           0
             0                 0          0       0          0             0       8191.800          10     3                       0                 0              0                0                0                    2        132     0        132      0         0                  0                 0                146            0      484       50      0                  5                   0                     0                   0           0
             0                 0          0       0          0             0      11439.000          10     4                       0                 0              0                0                0                    2        132     0        132      0         0                  0                 0                146            0      484       50      0                  5                   0                     0                   0           0
             0                 0          0       0          0             0      14686.200          10     5                       0                 0              0                0                0                    2        132     0        132      0         0                  0                 0                146            0      484       50      0                  5                   0                     0                   0           0
             0                 0          0       0          0             0      17933.400          10     6                       0                 0              0                0                0                    2        132     0        132      0         0                  0                 0                146            0      484       50      0                  5                   0                     0                   0           0
             0                 0          0       0          0             0      21180.600          10     7                       0                 0              0                0                0                    2        132     0        132      0         0                  0                 0                146            0      484       50      0                  5                   0                     0                   0           0
             0                 0          0       0          0             0      24427.800          10     8                       0                 0              0                0                0                    2        132     0        132      0         0                  0                 0                146            0      484       50      0                  5                   0                     0                   0           0
             0                 0          0       0          0             0      27675.000          10     9                       0                 0              0                0                0                    2        132     0        132      0         0                  0                 0                146            0      484       50      0                  5                   0                     0                   0           0
             0                 0          0       0          0             0      30922.200          10    10                       0                 0              0                0                0                    2        132     0        132      0         0                  0                 0                146            0      484       50      0                  5                   0                     0                   0           0
             0                 0          0       0          0             0      34169.400          10    11                       0                 0              0                0                0                    2        132     0        132      0         0                  0                 0                146            0      484       50      0                  5                   0                     0                   0           0
             0                 0          0       0          0             0      37416.600          10    12                       0                 0              0                0                0                    2        132     0        132      0         0                  0                 0                146            0      484       50      0                  5                   0                     0                   0           0
             0                 0          0       0          0             0      40663.800          10    13                       0                 0              0                0                0                    2        132     0        132      0         0                  0                 0                146            0      484       50      0                  5                   0                     0                   0           0
             0                 0          0       0          0             0      43911.000          10    14                       0                 0              0                0                0                    2        132     0        132      0         0                  0                 0                146            0      484       50      0                  5                   0                     0                   0           0
             0                 0          0       0          0             0      47158.200          10    15                       0                 0              0                0                0                    2        132     0        132      0         0                  0                 0                146            0      484       50      0                  5                   0                     0                   0           0
             0                 0          0       0          0             0      50405.400          10    16                       0                 0              0                0                0                    2        132     0        132      0         0                  0                 0                146            0      484       50      0                  5                   0                     0                   0           0
             0                 0          0       0          0             0      53652.600          10    17                       0                 0              0                0                0                    2        132     0        132      0         0                  0                 0                146            0      484       50      0                  5                   0                     0                   0           0
             0                 0          0       0          0             0      56899.800          10    18                       0                 0              0                0                0                    2        132     0        132      0         0                  0                 0                146            0      484       50      0                  5                   0                     0                   0           0
            49                 5         14   1.000     13.400       194.000      62875.220          10    19                       0                 0              0                0                0                    2        142    26        142      5         0                  1                 0                146            0      484       50      0                  5                   0                     0                   0          44
             0                29         40   2.069     80.552      1755.800      75746.480          25    20                       0                 0              0                0                0                    8        209   103        209     29         2                  0                 3                151           27      484       50      0                 13                   0                     0                   0          15
             0                15          4   2.800    152.800       424.833      82645.760           8    21                       0                 0              0                0                0                    0        159   105        159      7        24                  0                 5                146           44      484       50      0                  4                   1                     0                   0           0
             0                 0          0       0          0             0      86311.160           6    22                       0                 0              0                0                0                    0        145    89        145      1         6                  0                 2                145           27      484       50      0                  3                   0                     0                   0           0
             0                 0          0       0          0             0      89828.960           6    23                       0                 0              0                0                0                    0        143    87        143      0         1                  0                 0                148           18      484       50      0                  3                   0                     0                   0           0
             0                 0          0       0          0             0      93346.760           6    24                       0                 0              0                0                0                    0        143    87        143      0         0                  0                 0                147            3      484       50      0                  3                   0                     0                   0           0
             0                 0          0       0          0             0      96815.360           6    25                       0                 0              0                0                0                    0        141    84        141      0         1                  0                 0                147            0      484       50      0                  3                   0                     0                   0           0
             0                 0          0       0          0             0     100283.960           6    26                       0                 0              0                0                0                    0        141    84        141      0         0                  0                 0                147            3      484       50      0                  3                   0                     0                   0           0
             0                 0          0       0          0             0     103727.960           6    27                       0                 0              0                0                0                    0        140    83        140      0         0                  0                 1                147            0      484       50      0                  3                   0                     0                   0           0
             0                 0          0       0          0             0     107171.960           6    28                       0                 0              0                0                0                    0        140    83        140      0         0                  0                 0                147            0      484       50      0                  3                   0                     0                   0           0
             0                 0          0       0          0             0     110615.960           6    29                       0                 0              0                0                0                    0        140    83        140      0         0                  0                 0                147            0      484       50      0                  3                   0                     0                   0           0
             0                 0          0       0          0             0     114059.960           6    30                       0                 0              0                0                0                    0        140    83        140      0         0                  0                 0                147            0      484       50      0                  3                   0                     0                   0           0
             0                 0          0       0          0             0     117503.960           6    31                       0                 0              0                0                0                    0        140    83        140      0         0                  0                 0                147            0      484       50      0                  3                   0                     0                   0           0
             0                 0          0       0          0             0     120947.960           6    32                       0                 0              0                0                0                    0        140    83        140      0         0                  0                 0                147            0      484       50      0                  3                   0                     0                   0           0
             0                 0          0       0          0             0     124391.960           6    33                       0                 0              0                0                0                    0        140    83        140      0         0                  0                 0                147            0      484       50      0                  3                   0                     0                   0           0
             0                 0          0       0          0             0     127835.960           6    34                       0                 0              0                0                0                    0        140    83        140      0         0                  0                 0                147            0      484       50      0                  3                   0                     0                   0           0
             0                 0          0       0          0             0     131279.960           6    35                       0                 0              0                0                0                    0        140    83        140      0         0                  0                 0                147            0      484       50      0                  3                   0                     0                   0           0
             0                 0          0       0          0             0     134723.960           6    36                       0                 0              0                0                0                    0        140    83        140      0         0                  0                 0                147            0      484       50      0                  3                   0                     0                   0           0
             0                 0          0       0          0             0     138167.960           6    37                       0                 0              0                0                0                    0        140    83        140      0         0                  0                 0                147            0      484       50      0                  3                   0                     0                   0           0
             0                 0          0       0          0             0     141611.960           6    38                       0                 0              0                0                0                    0        140    83        140      0         0                  0                 0                147            0      484       50      0                  3                   0                     0                   0           0
             0                 0          0       0          0             0     145055.960           6    39                       0                 0              0                0                0                    0        140    83        140      0         0                  0                 0                147            0      484       50      0                  3                   0                     0                   0           0
             0                 0          0       0          0             0     148499.960           6    40                       0                 0              0                0                0                    0        140    83        140      0         0                  0                 0                147            0      484       50      0                  3                   0                     0                   0           0
             0                 0          0       0          0             0     151943.960           6    41                       0                 0              0                0                0                    0        140    83        140      0         0                  0                 0                147            0      484       50      0                  3                   0                     0                   0           0
             0                 0          0       0          0             0     155387.960           6    42                       0                 0              0                0                0                    0        140    83        140      0         0                  0                 0                147            0      484       50      0                  3                   0                     0                   0           0
             0                 0          0       0          0             0     158831.960           6    43                       0                 0              0                0                0                    0        140    83        140      0         0                  0                 0                147            0      484       50      0                  3                   0                     0                   0           0
             0                 0          0       0          0             0     162275.960           6    44                       0                 0              0                0                0                    0        140    83        140      0         0                  0                 0                147            0      484       50      0                  3                   0                     0                   0           0
             0                 0          0       0          0             0     165719.960           6    45                       0                 0              0                0                0                    0        140    83        140      0         0                  0                 0                147            0      484       50      0                  3                   0                     0                   0           0
             0                 0          0       0          0             0     169163.960           6    46                       0                 0              0                0                0                    0        140    83        140      0         0                  0                 0                147            0      484       50      0                  3                   0                     0                   0           0
             0                 0          0       0          0             0     172607.960           6    47                       0                 0              0                0                0                    0        140    83        140      0         0                  0                 0                147            0      484       50      0                  3                   0                     0                   0           0
             0                 0          0       0          0             0     176051.960           6    48                       0                 0              0                0                0                    0        140    83        140      0         0                  0                 0                147            0      484       50      0                  3                   0                     0                   0           0
             0                 0          0       0          0             0     179495.960           6    49                       0                 0              0                0                0                    0        140    83        140      0         0                  0                 0                147            0      484       50      0                  3                   0                     0                   0           0
             0                 0          0       0          0             0     182939.960           6    50                       0                 0              0                0                0                    0        140    83        140      0         0                  0                 0                147            0      484       50      0                  3                   0                     0                   0           0
             0                 0          0       0          0             0     186383.960           6    51                       0                 0              0                0                0                    0        140    83        140      0         0                  0                 0                147            0      484       50      0                  3                   0                     0                   0           0
             0                 0          0       0          0             0     189827.960           6    52                       0                 0              0                0                0                    0        140    83        140      0         0                  0                 0                147            0      484       50      0                  3                   0                     0                   0           0
             0                 0          0       0          0             0     193271.960           6    53                       0                 0              0                0                0                    0        140    83        140      0         0                  0                 0                147            0      484       50      0                  3                   0                     0                   0           0
             0                 0          0       0          0             0     196715.960           6    54                       0                 0              0                0                0                    0        140    83        140      0         0                  0                 0                147            0      484       50      0                  3                   0                     0                   0           0
             0                 0          0       0          0             0     200159.960           6    55                       0                 0              0                0                0                    0        140    83        140      0         0                  0                 0                147            0      484       50      0                  3                   0                     0                   0           0
             0                 0          0       0          0             0     203603.960           6    56                       0                 0              0                0                0                    0        140    83        140      0         0                  0                 0                147            0      484       50      0                  3                   0                     0                   0           0
             0                 0          0       0          0             0     207047.960           6    57                       0                 0              0                0                0                    0        140    83        140      0         0                  0                 0                147            0      484       50      0                  3                   0                     0                   0           0
             0                 0          0       0          0             0     210491.960           6    58                       0                 0              0                0                0                    0        140    83        140      0         0                  0                 0                147            0      484       50      0                  3                   0                     0                   0           0
            49                13         41   1.308     36.538      1103.500     221121.060           6    59                       0                 0              0                0                0                    0        175   148        175     15         0                  0                 0                147            0      484       50      0                  3                   0                     0                   0          36
             0                24         22   2.333    102.458      1071.283     232083.420          10    60                       0                 0              0                0                0                    3        189   193        189     18        11                  0                 4                147           38      484       50      0                  5                   0                     0                   0          12
             0                12          1   3.333    196.667       524.929     237738.780           6    61                       0                 0              0                0                0                    0        150   181        150      2        19                  0                 1                149           34      484       50      0                  3                   0                     0                   0           0
             0                 0          0       0          0             0     241379.580           8    62                       0                 0              0                0                0                    0        147   176        147      2         2                  0                 2                151           23      484       50      0                  4                   0                     0                   0           0
             0                 0          0       0          0             0     244995.780           8    63                       0                 0              0                0                0                    0        147   176        147      0         0                  0                 0                151            0      484       50      0                  4                   0                     0                   0           0
             0                 0          0       0          0             0     248587.380           8    64                       0                 0              0                0                0                    0        145   170        145      0         1                  0                 0                151            0      484       50      0                  4                   0                     0                   0           0
             0                 0          0       0          0             0     252154.380           8    65                       0                 0              0                0                0                    0        145   170        145      0         0                  0                 0                151            0      484       50      0                  4                   0                     0                   0           0
             0                 0          0       0          0             0     255721.380           8    66                       0                 0              0                0                0                    0        145   170        145      0         0                  0                 0                151            0      484       50      0                  4                   0                     0                   0           0
             0                 0          0       0          0             0     259288.380           8    67                       0                 0              0                0                0                    0        145   170        145      0         0                  0                 0                151            0      484       50      0                  4                   0                     0                   0           0
             0                 0          0       0          0             0     262855.380           8    68                       0                 0              0                0                0                    0        145   170        145      0         0                  0                 0                151            0      484       50      0                  4                   0                     0                   0           0
             0                 0          0       0          0             0     266422.380           8    69                       0                 0              0                0                0                    0        145   170        145      0         0                  0                 0                151            0      484       50      0                  4                   0                     0                   0           0
             0                 0          0       0          0             0     269989.380           8    70                       0                 0              0                0                0                    0        145   170        145      0         0                  0                 0                151            0      484       50      0                  4                   0                     0                   0           0
             0                 0          0       0          0             0     273556.380           8    71                       0                 0              0                0                0                    0        145   170        145      0         0                  0                 0                151            0      484       50      0                  4                   0                     0                   0           0
             0                 0          0       0          0             0     277123.380           8    72                       0                 0              0                0                0                    0        145   170        145      0         0                  0                 0                151            0      484       50      0                  4                   0                     0                   0           0
             0                 0          0       0          0             0     280690.380           8    73                       0                 0              0                0                0                    0        145   170        145      0         0                  0                 0                151            0      484       50      0                  4                   0                     0                   0           0
             0                 0          0       0          0             0     284257.380           8    74                       0                 0              0                0                0                    0        145   170        145      0         0                  0                 0                151            0      484       50      0                  4                   0                     0                   0           0
             0                 0          0       0          0             0     287824.380           8    75                       0                 0              0                0                0                    0        145   170        145      0         0                  0                 0                151            0      484       50      0                  4                   0                     0                   0           0
             0                 0          0       0          0             0     291391.380           8    76                       0                 0              0                0                0                    0        145   170        145      0         0                  0                 0                151            0      484       50      0                  4                   0                     0                   0           0
             0                 0          0       0          0             0     294958.380           8    77                       0                 0              0                0                0                    0        145   170        145      0         0                  0                 0                151            0      484       50      0                  4                   0                     0                   0           0
             0                 0          0       0          0             0     298525.380           8    78                       0                 0              0                0                0                    0        145   170        145      0         0                  0                 0                151            0      484       50      0                  4                   0                     0                   0           0
             0                 0          0       0          0             0     302092.380           8    79                       0                 0              0                0                0                    0        145   170        145      0         0                  0                 0                151            0      484       50      0                  4                   0                     0                   0           0
             0                 0          0       0          0             0     305659.380           8    80                       0                 0              0                0                0                    0        145   170        145      0         0                  0                 0                151            0      484       50      0                  4                   0                     0                   0           0
             0                 0          0       0          0             0     309226.380           8    81                       0                 0              0                0                0                    0        145   170        145      0         0                  0                 0                151            0      484       50      0                  4                   0                     0                   0           0
             0                 0          0       0          0             0     312793.380           8    82                       0                 0              0                0                0                    0        145   170        145      0         0                  0                 0                151            0      484       50      0                  4                   0                     0                   0           0
             0                 0          0       0          0             0     316360.380           8    83                       0                 0              0                0                0                    0        145   170        145      0         0                  0                 0                151            0      484       50      0                  4                   0                     0                   0           0
             0                 0          0       0          0             0     319927.380           8    84                       0                 0              0                0                0                    0        145   170        145      0         0                  0                 0                151            0      484       50      0                  4                   0                     0                   0           0
             0                 0          0       0          0             0     323494.380           8    85                       0                 0              0                0                0                    0        145   170        145      0         0                  0                 0                151            0      484       50      0                  4                   0                     0                   0           0
             0                 0          0       0          0             0     327061.380           8    86                       0                 0              0                0                0                    0        145   170        145      0         0                  0                 0                151            0      484       50      0                  4                   0                     0                   0           0
             0                 0          0       0          0             0     330628.380           8    87                       0                 0              0                0                0                    0        145   170        145      0         0                  0                 0                151            0      484       50      0                  4                   0                     0                   0           0
             0                 0          0       0          0             0     334195.380           8    88                       0                 0              0                0                0                    0        145   170        145      0         0                  0                 0                151            0      484       50      0                  4                   0                     0                   0           0
             0                 0          0       0          0             0     337762.380           8    89                       0                 0              0                0                0                    0        145   170        145      0         0                  0                 0                151            0      484       50      0                  4                   0                     0                   0           0
             0                 0          0       0          0             0     341329.380           8    90                       0                 0              0                0                0                    0        145   170        145      0         0                  0                 0                151            0      484       50      0                  4                   0                     0                   0           0
             0                 0          0       0          0             0     344896.380           8    91                       0                 0              0                0                0                    0        145   170        145      0         0                  0                 0                151            0      484       50      0                  4                   0                     0                   0           0
             0                 0          0       0          0             0     348463.380           8    92                       0                 0              0                0                0                    0        145   170        145      0         0                  0                 0                151            0      484       50      0                  4                   0                     0                   0           0
             0                 0          0       0          0             0     352030.380           8    93                       0                 0              0                0                0                    0        145   170        145      0         0                  0                 0                151            0      484       50      0                  4                   0                     0                   0           0
             0                 0          0       0          0             0     355597.380           8    94                       0                 0              0                0                0                    0        145   170        145      0         0                  0                 0                151            0      484       50      0                  4                   0                     0                   0           0
             0                 0          0       0          0             0     359164.380           8    95                       0                 0              0                0                0                    0        145   170        145      0         0                  0                 0                151            0      484       50      0                  4                   0                     0                   0           0
             0                 0          0       0          0             0     362731.380           8    96                       0                 0              0                0                0                    0        145   170        145      0         0                  0                 0                151            0      484       50      0                  4                   0                     0                   0           0
             0                 0          0       0          0             0     366298.380           8    97                       0                 0              0                0                0                    0        145   170        145      0         0                  0                 0                151            0      484       50      0                  4                   0                     0                   0           0
             0                 0          0       0          0             0     369865.380           8    98                       0                 0              0                0                0                    0        145   170        145      0         0                  0                 0                151            0      484       50      0                  4                   0                     0                   0           0
             0                 0          0       0          0             0     373432.380           8    99                       0                 0              0                0                0                    0        145   170        145      0         0                  0                 0                151            0      484       50      0                  4                   0                     0                   0           0
#pos runNum=0 0@(1.00000,1.00000)@0 1@(1.17931,0.99754)@739 2@(1.01654,1.05479)@512 3@(0.87722,0.99772)@614 4@(0.62310,0.99537)@804 5@(1.15300,1.08943)@614 6@(1.15672,0.80264)@1307 7@(1.15688,1.01522)@546 8@(1.01795,0.95506)@1353 9@(1.10201,1.00517)@1543 10@(1.05958,0.88955)@605 11@(1.00697,1.02475)@1063 12@(1.27372,0.97696)@1638 13@(0.84903,0.97144)@682 14@(1.28567,0.74642)@1443 15@(0.84458,1.21604)@1592 16@(0.94498,0.79352)@1382 17@(1.16261,1.09338)@1172 18@(0.99068,0.76150)@1216 19@(0.98871,1.01187)@512 20@(1.20907,1.19682)@1297 21@(0.99944,0.97318)@554 22@(1.20486,0.81820)@1482 23@(0.97507,0.88579)@1543 24@(1.27451,1.34274)@1552 25@(0.76798,1.01971)@1894 26@(1.39361,1.17137)@1254 27@(1.08769,0.66679)@1365 28@(1.02860,1.39733)@1345 29@(0.96973,1.32337)@1706 30@(1.06866,0.87829)@1160 31@(1.02332,0.91474)@551 32@(0.95408,0.65240)@2086 33@(1.12574,1.20026)@665 34@(1.44359,0.80771)@1350 35@(0.91321,0.71880)@1287 36@(1.44329,1.14836)@2218 37@(0.79882,1.25069)@1228 38@(0.90195,0.65921)@2001 39@(1.06316,0.83166)@590 40@(1.03725,1.11376)@605 41@(0.92882,0.93360)@853 42@(1.23390,0.98877)@1251 43@(1.05387,0.74832)@1467 44@(1.05876,1.24976)@1254 45@(0.99391,0.81575)@1592 46@(1.05541,0.55167)@2007 47@(0.82097,1.21063)@1629 48@(1.31076,1.18341)@1290 49@(1.33467,0.98388)@1379
#links runNum=0 20-48@-92dBm@0.661 1-10@-86dBm@0.951 11-31@-91dBm@0.737 2-8@-92dBm@0.715 3-40@-90dBm@0.860 17-36@-90dBm@0.863 1-20@-88dBm@0.902 8-40@-92dBm@0.716 2-20@-94dBm@0.509 26-34@-91dBm@0.720 24-33@-93dBm@0.650 15-25@-91dBm@0.769 17-42@-85dBm@0.961 22-32@-90dBm@0.857 11-40@-87dBm@0.941 13-27@-96dBm@0.171 18-34@-94dBm@0.471 2-36@-95dBm@0.313 19-36@-95dBm@0.210 3-8@-88dBm@0.933 8-38@-96dBm@0.092 8-12@-95dBm@0.259 0-39@-91dBm@0.800 29-33@-90dBm@0.832 1-48@-95dBm@0.211 16-30@-97dBm@0.020 2-27@-93dBm@0.643 12-40@-92dBm@0.703 11-48@-93dBm@0.592 15-31@-91dBm@0.752 0-21@-86dBm@0.957 21-29@-91dBm@0.738 11-25@-93dBm@0.647 15-37@-89dBm@0.885 32-46@-83dBm@0.974 9-18@-97dBm@0.005 16-46@-89dBm@0.870 13-45@-92dBm@0.694 8-45@-85dBm@0.965 15-17@-91dBm@0.735 6-7@-94dBm@0.323 23-46@-92dBm@0.668 8-19@-89dBm@0.869 7-26@-92dBm@0.710 12-39@-96dBm@0.162 30-42@-94dBm@0.363 10-47@-92dBm@0.681 8-31@-75dBm@1.000 2-6@-93dBm@0.654 10-14@-89dBm@0.872 5-21@-89dBm@0.867 5-34@-95dBm@0.257 11-39@-91dBm@0.723 4-41@-93dBm@0.529 2-21@-94dBm@0.381 18-39@-82dBm@0.984 6-22@-91dBm@0.772 3-44@-90dBm@0.861 14-19@-97dBm@0.066 22-27@-94dBm@0.505 22-30@-92dBm@0.686 17-19@-95dBm@0.207 29-48@-94dBm@0.371 3-13@-81dBm@0.986 14-32@-91dBm@0.734 27-39@-91dBm@0.785 9-13@-94dBm@0.506 9-23@-97dBm@0.014 8-11@-97dBm@0.017 27-32@-90dBm@0.810 36-45@-96dBm@0.159 8-21@-81dBm@0.987 1-49@-89dBm@0.888 2-18@-92dBm@0.715 24-28@-89dBm@0.870 9-16@-94dBm@0.428 33-49@-93dBm@0.657 18-24@-96dBm@0.087 7-17@-93dBm@0.621 16-18@-91dBm@0.793 39-45@-80dBm@0.990 1-31@-94dBm@0.393 32-47@-96dBm@0.127 5-17@-86dBm@0.951 22-39@-87dBm@0.945 9-12@-92dBm@0.707 21-35@-97dBm@0.051 17-26@-93dBm@0.643 31-45@-88dBm@0.934 16-19@-89dBm@0.870 11-38@-93dBm@0.644 10-32@-96dBm@0.104 7-34@-91dBm@0.722 30-39@-94dBm@0.496 1-9@-93dBm@0.658 5-37@-95dBm@0.231 16-32@-91dBm@0.752 2-9@-86dBm@0.954 32-35@-96dBm@0.102 6-25@-95dBm@0.210 2-33@-91dBm@0.790 20-30@-92dBm@0.667 9-29@-93dBm@0.658 0-41@-92dBm@0.670 7-39@-95dBm@0.192 9-26@-96dBm@0.153 12-33@-92dBm@0.668 0-33@-91dBm@0.724 18-30@-87dBm@0.939 17-33@-83dBm@0.974 35-39@-87dBm@0.945 16-43@-92dBm@0.680 14-26@-95dBm@0.300 12-17@-89dBm@0.867 0-7@-87dBm@0.945 13-29@-93dBm@0.561 21-41@-93dBm@0.578 1-15@-93dBm@0.639 17-20@-83dBm@0.978 2-15@-91dBm@0.742 27-48@-97dBm@0.017 11-20@-94dBm@0.485 24-40@-97dBm@0.014 15-29@-94dBm@0.332 5-24@-93dBm@0.551 10-30@-92dBm@0.692 0-19@-64dBm@1.000 6-12@-97dBm@0.062 1-45@-92dBm@0.685 20-29@-91dBm@0.746 0-31@-87dBm@0.947 1-23@-92dBm@0.664 11-37@-91dBm@0.719 5-16@-93dBm@0.622 30-46@-94dBm@0.451 21-22@-94dBm@0.504 0-1@-93dBm@0.622 7-45@-96dBm@0.173 43-45@-90dBm@0.849 14-48@-96dBm@0.173 3-25@-94dBm@0.402 12-14@-91dBm@0.719 0-3@-90dBm@0.846 1-42@-78dBm@1.000 5-7@-87dBm@0.938 22-45@-91dBm@0.728 33-42@-92dBm@0.701 2-11@-83dBm@0.975 30-34@-92dBm@0.695 3-16@-93dBm@0.641 17-43@-93dBm@0.532 9-40@-95dBm@0.317 8-17@-87dBm@0.947 7-15@-93dBm@0.646 0-40@-87dBm@0.945 8-24@-95dBm@0.195 11-30@-94dBm@0.510 12-34@-91dBm@0.758 7-11@-86dBm@0.950 8-13@-91dBm@0.761 3-31@-91dBm@0.794 5-48@-96dBm@0.112 18-45@-87dBm@0.945 17-24@-91dBm@0.728 2-10@-88dBm@0.933 35-46@-95dBm@0.231 2-3@-90dBm@0.862 9-48@-90dBm@0.864 33-39@-93dBm@0.648 41-45@-94dBm@0.466 18-35@-80dBm@0.988 13-21@-84dBm@0.974 10-17@-93dBm@0.553 37-47@-97dBm@0.005 19-42@-95dBm@0.319 6-14@-86dBm@0.954 0-17@-97dBm@0.021 14-16@-92dBm@0.695 11-41@-95dBm@0.220 5-28@-92dBm@0.715 2-45@-95dBm@0.223 39-43@-79dBm@0.998 0-25@-95dBm@0.289 5-6@-92dBm@0.663 10-48@-96dBm@0.163 1-2@-85dBm@0.959 3-37@-89dBm@0.880 18-46@-96dBm@0.158 19-22@-97dBm@0.005 10-43@-90dBm@0.849 7-18@-91dBm@0.719 33-44@-83dBm@0.976 16-45@-97dBm@0.072 20-39@-92dBm@0.673 0-11@-96dBm@0.178 18-38@-84dBm@0.974 8-27@-90dBm@0.823 0-13@-91dBm@0.751 25-31@-90dBm@0.861 2-40@-85dBm@0.964 19-44@-91dBm@0.767 5-49@-95dBm@0.229 5-26@-89dBm@0.882 45-46@-97dBm@0.058 23-35@-92dBm@0.676 13-25@-83dBm@0.978 29-45@-94dBm@0.366 4-16@-96dBm@0.148 1-14@-92dBm@0.703 13-18@-89dBm@0.867 42-44@-96dBm@0.170 0-10@-89dBm@0.868 21-39@-97dBm@0.044 13-31@-87dBm@0.942 1-3@-91dBm@0.736 8-41@-81dBm@0.987 20-23@-96dBm@0.140 0-5@-90dBm@0.865 26-36@-92dBm@0.703 21-48@-94dBm@0.486 33-48@-90dBm@0.863 7-12@-83dBm@0.974 7-31@-87dBm@0.940 21-47@-90dBm@0.862 3-5@-91dBm@0.764 20-36@-89dBm@0.868 7-28@-93dBm@0.655 12-48@-93dBm@0.653 0-2@-79dBm@1.000 13-23@-84dBm@0.974 1-19@-93dBm@0.593 7-8@-88dBm@0.921 0-4@-92dBm@0.663 12-37@-95dBm@0.226 5-43@-92dBm@0.663 36-48@-87dBm@0.939 4-37@-95dBm@0.208 19-38@-92dBm@0.683 15-44@-96dBm@0.124 3-41@-92dBm@0.662 39-42@-93dBm@0.657 1-7@-76dBm@1.000 9-32@-94dBm@0.464 6-35@-96dBm@0.103 7-40@-96dBm@0.122 8-25@-91dBm@0.740 3-15@-92dBm@0.687 17-44@-90dBm@0.830 1-8@-89dBm@0.866 12-41@-93dBm@0.640 39-41@-91dBm@0.737 23-45@-80dBm@0.989 9-11@-85dBm@0.961 19-41@-85dBm@0.960 2-4@-93dBm@0.649 37-41@-96dBm@0.131 11-28@-94dBm@0.359 12-24@-91dBm@0.724 34-46@-94dBm@0.416 7-20@-86dBm@0.958 29-44@-94dBm@0.497 3-18@-89dBm@0.897 5-12@-94dBm@0.506 12-49@-82dBm@0.984 15-40@-89dBm@0.866 10-35@-92dBm@0.704 3-19@-96dBm@0.171 18-23@-86dBm@0.951 41-47@-92dBm@0.688 10-42@-95dBm@0.239 7-30@-89dBm@0.890 6-9@-93dBm@0.528 3-4@-90dBm@0.832 2-5@-88dBm@0.936 19-28@-95dBm@0.260 8-35@-95dBm@0.232 7-42@-78dBm@1.000 32-45@-90dBm@0.830 14-34@-90dBm@0.861 1-6@-87dBm@0.939 22-40@-91dBm@0.719 21-31@-93dBm@0.645 29-37@-93dBm@0.650 10-31@-76dBm@1.000 23-30@-92dBm@0.704 10-18@-91dBm@0.749 2-42@-88dBm@0.934 11-45@-90dBm@0.845 5-8@-94dBm@0.460 10-22@-92dBm@0.689 10-46@-95dBm@0.192 8-49@-94dBm@0.338
#aveChargePerCycle runNum=0 0@521.61 1@253.38 2@468.20 3@288.11 4@1.94 5@205.31 6@25.40 7@310.37 8@61.26 9@1.94 10@180.46 11@203.56 12@1.30 13@74.79 14@25.65 15@1.94 16@52.35 17@103.55 18@103.55 19@102.47 20@25.65 21@123.75 22@3.24 23@25.65 24@1.30 25@1.30 26@6.22 27@28.12 28@27.87 29@1.94 30@48.08 31@117.31 32@1.94 33@80.86 34@1.94 35@1.30 36@1.94 37@1.94 38@2.59 39@130.34 40@70.53 41@27.22 42@1.30 43@1.30 44@1.30 45@1.30 46@1.94 47@5.19 48@1.94 49@2.59