## dioPeriod = 1.0
## burstTimestamp = 20
## minRssi = -97
## numMotes = 50
## otfHousekeepingPeriod = 1.0
## sixtopNoRemoveWorstCell = 0
## simDataDir = simData
## numChans = 16
## slotframeLength = 101
## squareSide = 2.0
## cpuID = 83
## sixtopPdrThreshold = 1.5
## pkPeriod = None
## sixtopHousekeepingPeriod = 1.0
## sixtopNoHousekeeping = 0
## algorithm = otf
## pkPeriodVar = 0.05
## numCyclesPerRun = 100
## startTime = 1502276471.3
## slotDuration = 0.01
## numRuns = 1
## combinationKeys = ['algorithm', 'numMotes', 'otfThreshold']
## numPacketsBurst = 5
## otfThreshold = 1
## noInterference = 0
## gui = False


# appGenerated appReachesDagroot appRelayed aveHops aveLatency aveQueueDelay chargeConsumed collidedTxs cycle droppedAppFailedEnqueue droppedMacRetries droppedNoRoute droppedNoTxCells droppedQueueFull effectiveCollidedTxs numRxCells numTx numTxCells otfAdd otfRemove probableCollisions rplChurnParentSet rplChurnPrefParent rplChurnRank rplRxDIO rplTxDIO runNum scheduleCollisions topRxRelocatedCells topTxRelocatedBundles topTxRelocatedCells txQueueFill
             0                 0          0       0          0             0              0           0     0                       0                 0              0                0                0                    0          0     0          0      0         0                  0                 0                  0            0        0        0      0                  0                   0                     0                   0           0
             0                 0          0       0          0             0       1377.600           2     1                       0                 0              0                0                0                    1        107     0        107    107         0                  0               140                 70            8      500       50      0                  1                   0                     0                   0           0
             0                 0          0       0          0             0       4378.800           4     2                       0                 0              0                0                0                    1        123     0        123     17         0                  0                 4                 97            1      500       50      0                  2                   0                     0                   0           0
             0                 0          0       0          0             0       7429.200           4     3                       0                 0              0                0                0                    1        124     0        124      1         0                  0                 0                 96            0      500       50      0                  2                   0                     0                   0           0
             0                 0          0       0          0             0      10479.600           4     4                       0                 0              0                0                0                    1        124     0        124      0         0                  0                 0                 96            0      500       50      0                  2                   0                     0                   0           0
             0                 0          0       0          0             0      13530.000           4     5                       0                 0              0                0                0                    1        124     0        124      0         0                  0                 0                 96            0      500       50      0                  2                   0                     0                   0           0
             0                 0          0       0          0             0      16580.400           4     6                       0                 0              0                0                0                    1        124     0        124      0         0                  0                 0                 96            0      500       50      0                  2                   0                     0                   0           0
             0                 0          0       0          0             0      19630.800           4     7                       0                 0              0                0                0                    1        124     0        124      0         0                  0                 0                 96            0      500       50      0                  2                   0                     0                   0           0
             0                 0          0       0          0             0      22681.200           4     8                       0                 0              0                0                0                    1        124     0        124      0         0                  0                 0                 96            0      500       50      0                  2                   0                     0                   0           0
             0                 0          0       0          0             0      25731.600           4     9                       0                 0              0                0                0                    1        124     0        124      0         0                  0                 0                 96            0      500       50      0                  2                   0                     0                   0           0
             0                 0          0       0          0             0      28782.000           4    10                       0                 0              0                0                0                    1        124     0        124      0         0                  0                 0                 96            0      500       50      0                  2                   0                     0                   0           0
             0                 0          0       0          0             0      31832.400           4    11                       0                 0              0                0                0                    1        124     0        124      0         0                  0                 0                 96            0      500       50      0                  2                   0                     0                   0           0
             0                 0          0       0          0             0      34882.800           4    12                       0                 0              0                0                0                    1        124     0        124      0         0                  0                 0                 96            0      500       50      0                  2                   0                     0                   0           0
             0                 0          0       0          0             0      37933.200           4    13                       0                 0              0                0                0                    1        124     0        124      0         0                  0                 0                 96            0      500       50      0                  2                   0                     0                   0           0
             0                 0          0       0          0             0      40983.600           4    14                       0                 0              0                0                0                    1        124     0        124      0         0                  0                 0                 96            0      500       50      0                  2                   0                     0                   0           0
             0                 0          0       0          0             0      44034.000           4    15                       0                 0              0                0                0                    1        124     0        124      0         0                  0                 0                 96            0      500       50      0                  2                   0                     0                   0           0
             0                 0          0       0          0             0      47084.400           4    16                       0                 0              0                0                0                    1        124     0        124      0         0                  0                 0                 96            0      500       50      0                  2                   0                     0                   0           0
             0                 0          0       0          0             0      50134.800           4    17                       0                 0              0                0                0                    1        124     0        124      0         0                  0                 0                 96            0      500       50      0                  2                   0                     0                   0           0
             0                 0          0       0          0             0      53185.200           4    18                       0                 0              0                0                0                    1        124     0        124      0         0                  0                 0                 96            0      500       50      0                  2                   0                     0                   0           0
            49                 1         19   1.000     13.000       192.000      58732.240           4    19                       0                 0              0                0                0                    1        128    22        128      2         0                  0                 0                 96            0      500       50      0                  2                   0                     0                   0          48
             0                22         54   2.091     88.364      1706.200      72670.100          30    20                       0                 0              0                0                1                    8        235   110        235     35         0                  0                 3                 88            8      500       50      0                 15                   0                     0                   0          26
             0                25          6   3.080    164.880       520.311      81325.860           6    21                       0                 0              0                0                0                    0        158   104        158      5        30                  0                 9                 88           53      500       50      0                  3                   1                     0                   0           1
             0                 1          0   4.000    253.000       132.000      85206.780           5    22                       0                 0              0                0                0                    2        152    93        152     10         5                  0                 9                 87           41      500       50      0                  3                   0                     0                   0           0
             0                 0          0       0          0             0      88896.780           4    23                       0                 0              0                0                0                    0        146    88        146      1         3                  0                 2                 98           24      500       50      0                  2                   0                     0                   0           0
             0                 0          0       0          0             0      92439.180           4    24                       0                 0              0                0                0                    0        141    82        141      0         2                  0                 1                104            7      500       50      0                  2                   0                     0                   0           0
             0                 0          0       0          0             0      95907.780           4    25                       0                 0              0                0                0                    0        141    82        141      0         0                  0                 0                104           11      500       50      0                  2                   0                     0                   0           0
             0                 0          0       0          0             0      99376.380           4    26                       0                 0              0                0                0                    0        141    82        141      0         0                  0                 0                104            0      500       50      0                  2                   0                     0                   0           0
             0                 0          0       0          0             0     102844.980           4    27                       0                 0              0                0                0                    0        141    82        141      0         0                  0                 0                104            0      500       50      0                  2                   0                     0                   0           0
             0                 0          0       0          0             0     106313.580           4    28                       0                 0              0                0                0                    0        141    82        141      0         0                  0                 0                104            0      500       50      0                  2                   0                     0                   0           0
             0                 0          0       0          0             0     109782.180           4    29                       0                 0              0                0                0                    0        141    82        141      0         0                  0                 0                104            0      500       50      0                  2                   0                     0                   0           0
             0                 0          0       0          0             0     113250.780           4    30                       0                 0              0                0                0                    0        141    82        141      0         0                  0                 0                104            0      500       50      0                  2                   0                     0                   0           0
             0                 0          0       0          0             0     116719.380           4    31                       0                 0              0                0                0                    0        141    82        141      0         0                  0                 0                104            0      500       50      0                  2                   0                     0                   0           0
             0                 0          0       0          0             0     120187.980           4    32                       0                 0              0                0                0                    0        141    82        141      0         0                  0                 0                104            0      500       50      0                  2                   0                     0                   0           0
             0                 0          0       0          0             0     123656.580           4    33                       0                 0              0                0                0                    0        141    82        141      0         0                  0                 0                104            0      500       50      0                  2                   0                     0                   0           0
             0                 0          0       0          0             0     127125.180           4    34                       0                 0              0                0                0                    0        141    82        141      0         0                  0                 0                104            0      500       50      0                  2                   0                     0                   0           0
             0                 0          0       0          0             0     130593.780           4    35                       0                 0              0                0                0                    0        141    82        141      0         0                  0                 0                104            0      500       50      0                  2                   0                     0                   0           0
             0                 0          0       0          0             0     134062.380           4    36                       0                 0              0                0                0                    0        141    82        141      0         0                  0                 0                104            0      500       50      0                  2                   0                     0                   0           0
             0                 0          0       0          0             0     137530.980           4    37                       0                 0              0                0                0                    0        141    82        141      0         0                  0                 0                104            0      500       50      0                  2                   0                     0                   0           0
             0                 0          0       0          0             0     140999.580           4    38                       0                 0              0                0                0                    0        141    82        141      0         0                  0                 0                104            0      500       50      0                  2                   0                     0                   0           0
             0                 0          0       0          0             0     144468.180           4    39                       0                 0              0                0                0                    0        141    82        141      0         0                  0                 0                104            0      500       50      0                  2                   0                     0                   0           0
             0                 0          0       0          0             0     147936.780           4    40                       0                 0              0                0                0                    0        141    82        141      0         0                  0                 0                104            0      500       50      0                  2                   0                     0                   0           0
             0                 0          0       0          0             0     151405.380           4    41                       0                 0              0                0                0                    0        141    82        141      0         0                  0                 0                104            0      500       50      0                  2                   0                     0                   0           0
             0                 0          0       0          0             0     154873.980           4    42                       0                 0              0                0                0                    0        141    82        141      0         0                  0                 0                104            0      500       50      0                  2                   0                     0                   0           0
             0                 0          0       0          0             0     158342.580           4    43                       0                 0              0                0                0                    0        141    82        141      0         0                  0                 0                104            0      500       50      0                  2                   0                     0                   0           0
             0                 0          0       0          0             0     161811.180           4    44                       0                 0              0                0                0                    0        141    82        141      0         0                  0                 0                104            0      500       50      0                  2                   0                     0                   0           0
             0                 0          0       0          0             0     165279.780           4    45                       0                 0              0                0                0                    0        141    82        141      0         0                  0                 0                104            0      500       50      0                  2                   0                     0                   0           0
             0                 0          0       0          0             0     168748.380           4    46                       0                 0              0                0                0                    0        141    82        141      0         0                  0                 0                104            0      500       50      0                  2                   0                     0                   0           0
             0                 0          0       0          0             0     172216.980           4    47                       0                 0              0                0                0                    0        141    82        141      0         0                  0                 0                104            0      500       50      0                  2                   0                     0                   0           0
             0                 0          0       0          0             0     175685.580           4    48                       0                 0              0                0                0                    0        141    82        141      0         0                  0                 0                104            0      500       50      0                  2                   0                     0                   0           0
             0                 0          0       0          0             0     179154.180           4    49                       0                 0              0                0                0                    0        141    82        141      0         0                  0                 0                104            0      500       50      0                  2                   0                     0                   0           0
             0                 0          0       0          0             0     182622.780           4    50                       0                 0              0                0                0                    0        141    82        141      0         0                  0                 0                104            0      500       50      0                  2                   0                     0                   0           0
             0                 0          0       0          0             0     186091.380           4    51                       0                 0              0                0                0                    0        141    82        141      0         0                  0                 0                104            0      500       50      0                  2                   0                     0                   0           0
             0                 0          0       0          0             0     189559.980           4    52                       0                 0              0                0                0                    0        141    82        141      0         0                  0                 0                104            0      500       50      0                  2                   0                     0                   0           0
             0                 0          0       0          0             0     193028.580           4    53                       0                 0              0                0                0                    0        141    82        141      0         0                  0                 0                104            0      500       50      0                  2                   0                     0                   0           0
             0                 0          0       0          0             0     196497.180           4    54                       0                 0              0                0                0                    0        141    82        141      0         0                  0                 0                104            0      500       50      0                  2                   0                     0                   0           0
             0                 0          0       0          0             0     199965.780           4    55                       0                 0              0                0                0                    0        141    82        141      0         0                  0                 0                104            0      500       50      0                  2                   0                     0                   0           0
             0                 0          0       0          0             0     203434.380           4    56                       0                 0              0                0                0                    0        141    82        141      0         0                  0                 0                104            0      500       50      0                  2                   0                     0                   0           0
             0                 0          0       0          0             0     206902.980           4    57                       0                 0              0                0                0                    0        141    82        141      0         0                  0                 0                104            0      500       50      0                  2                   0                     0                   0           0
             0                 0          0       0          0             0     210371.580           4    58                       0                 0              0                0                0                    0        141    82        141      0         0                  0                 0                104            0      500       50      0                  2                   0                     0                   0           0
            49                 9         35   1.556     31.000      1031.833     219869.700           6    59                       0                 0              0                0                0                    1        164   138        164     10         0                  0                 0                104            0      500       50      0                  3                   0                     0                   0          40
             0                21         43   2.571    112.381      1677.995     232562.240           8    60                       0                 0              0                0                0                    0        182   209        182     13         7                  0                 3                 98           44      500       50      0                  4                   0                     0                   0          19
             0                15          9   3.533    204.667       535.733     239682.420           4    61                       0                 0              0                0                0                    0        154   195        154      3        12                  0                 5                121           51      500       50      0                  2                   0                     0                   0           4
             0                 4          0   3.750    272.000       250.667     243742.500           6    62                       0                 0              0                0                0                    1        150   182        150      9         4                  0                14                 94           45      500       50      0                  3                   0                     0                   0           0
             0                 0          0       0          0             0     247407.900           8    63                       0                 0              0                0                0                    2        149   177        149      3         1                  0                 4                 94           14      500       50      0                  4                   0                     0                   0           0
             0                 0          0       0          0             0     251073.300           8    64                       0                 0              0                0                0                    2        149   177        149      0         0                  0                 0                 89            8      500       50      0                  4                   0                     0                   0           0
             0                 0          0       0          0             0     254738.700           8    65                       0                 0              0                0                0                    2        149   177        149      0         0                  0                 0                 89            0      500       50      0                  4                   0                     0                   0           0
             0                 0          0       0          0             0     258404.100           8    66                       0                 0              0                0                0                    2        149   177        149      0         0                  0                 0                 89            0      500       50      0                  4                   0                     0                   0           0
             0                 0          0       0          0             0     262069.500           8    67                       0                 0              0                0                0                    2        149   177        149      0         0                  0                 0                 89            0      500       50      0                  4                   0                     0                   0           0
             0                 0          0       0          0             0     265734.900           8    68                       0                 0              0                0                0                    2        149   177        149      0         0                  0                 0                 89            0      500       50      0                  4                   0                     0                   0           0
             0                 0          0       0          0             0     269400.300           8    69                       0                 0              0                0                0                    2        149   177        149      0         0                  0                 0                 89            0      500       50      0                  4                   0                     0                   0           0
             0                 0          0       0          0             0     273065.700           8    70                       0                 0              0                0                0                    2        149   177        149      0         0                  0                 0                 89            0      500       50      0                  4                   0                     0                   0           0
             0                 0          0       0          0             0     276731.100           8    71                       0                 0              0                0                0                    2        149   177        149      0         0                  0                 0                 89            0      500       50      0                  4                   0                     0                   0           0
             0                 0          0       0          0             0     280396.500           8    72                       0                 0              0                0                0                    2        149   177        149      0         0                  0                 0                 89            0      500       50      0                  4                   0                     0                   0           0
             0                 0          0       0          0             0     284061.900           8    73                       0                 0              0                0                0                    2        149   177        149      0         0                  0                 0                 89            0      500       50      0                  4                   0                     0                   0           0
             0                 0          0       0          0             0     287727.300           8    74                       0                 0              0                0                0                    2        149   177        149      0         0                  0                 0                 89            0      500       50      0                  4                   0                     0                   0           0
             0                 0          0       0          0             0     291392.700           8    75                       0                 0              0                0                0                    2        149   177        149      0         0                  0                 0                 89            0      500       50      0                  4                   0                     0                   0           0
             0                 0          0       0          0             0     295058.100           8    76                       0                 0              0                0                0                    2        149   177        149      0         0                  0                 0                 89            0      500       50      0                  4                   0                     0                   0           0
             0                 0          0       0          0             0     298723.500           8    77                       0                 0              0                0                0                    2        149   177        149      0         0                  0                 0                 89            0      500       50      0                  4                   0                     0                   0           0
             0                 0          0       0          0             0     302388.900           8    78                       0                 0              0                0                0                    2        149   177        149      0         0                  0                 0                 89            0      500       50      0                  4                   0                     0                   0           0
             0                 0          0       0          0             0     306054.300           8    79                       0                 0              0                0                0                    2        149   177        149      0         0                  0                 0                 89            0      500       50      0                  4                   0                     0                   0           0
             0                 0          0       0          0             0     309719.700           8    80                       0                 0              0                0                0                    2        149   177        149      0         0                  0                 0                 89            0      500       50      0                  4                   0                     0                   0           0
             0                 0          0       0          0             0     313385.100           8    81                       0                 0              0                0                0                    2        149   177        149      0         0                  0                 0                 89            0      500       50      0                  4                   0                     0                   0           0
             0                 0          0       0          0             0     317050.500           8    82                       0                 0              0                0                0                    2        149   177        149      0         0                  0                 0                 89            0      500       50      0                  4                   0                     0                   0           0
             0                 0          0       0          0             0     320715.900           8    83                       0                 0              0                0                0                    2        149   177        149      0         0                  0                 0                 89            0      500       50      0                  4                   0                     0                   0           0
             0                 0          0       0          0             0     324381.300           8    84                       0                 0              0                0                0                    2        149   177        149      0         0                  0                 0                 89            0      500       50      0                  4                   0                     0                   0           0
             0                 0          0       0          0             0     328046.700           8    85                       0                 0              0                0                0                    2        149   177        149      0         0                  0                 0                 89            0      500       50      0                  4                   0                     0                   0           0
             0                 0          0       0          0             0     331712.100           8    86                       0                 0              0                0                0                    2        149   177        149      0         0                  0                 0                 89            0      500       50      0                  4                   0                     0                   0           0
             0                 0          0       0          0             0     335377.500           8    87                       0                 0              0                0                0                    2        149   177        149      0         0                  0                 0                 89            0      500       50      0                  4                   0                     0                   0           0
             0                 0          0       0          0             0     339042.900           8    88                       0                 0              0                0                0                    2        149   177        149      0         0                  0                 0                 89            0      500       50      0                  4                   0                     0                   0           0
             0                 0          0       0          0             0     342708.300           8    89                       0                 0              0                0                0                    2        149   177        149      0         0                  0                 0                 89            0      500       50      0                  4                   0                     0                   0           0
             0                 0          0       0          0             0     346373.700           8    90                       0                 0              0                0                0                    2        149   177        149      0         0                  0                 0                 89            0      500       50      0                  4                   0                     0                   0           0
             0                 0          0       0          0             0     350039.100           8    91                       0                 0              0                0                0                    2        149   177        149      0         0                  0                 0                 89            0      500       50      0                  4                   0                     0                   0           0
             0                 0          0       0          0             0     353704.500           8    92                       0                 0              0                0                0                    2        149   177        149      0         0                  0                 0                 89            0      500       50      0                  4                   0                     0                   0           0
             0                 0          0       0          0             0     357369.900           8    93                       0                 0              0                0                0                    2        149   177        149      0         0                  0                 0                 89            0      500       50      0                  4                   0                     0                   0           0
             0                 0          0       0          0             0     361035.300           8    94                       0                 0              0                0                0                    2        149   177        149      0         0                  0                 0                 89            0      500       50      0                  4                   0                     0                   0           0
             0                 0          0       0          0             0     364700.700           8    95                       0                 0              0                0                0                    2        149   177        149      0         0                  0                 0                 89            0      500       50      0                  4                   0                     0                   0           0
             0                 0          0       0          0             0     368366.100           8    96                       0                 0              0                0                0                    2        149   177        149      0         0                  0                 0                 89            0      500       50      0                  4                   0                     0                   0           0
             0                 0          0       0          0             0     372031.500           8    97                       0                 0              0                0                0                    2        149   177        149      0         0                  0                 0                 89            0      500       50      0                  4                   0                     0                   0           0
             0                 0          0       0          0             0     375696.900           8    98                       0                 0              0                0                0                    2        149   177        149      0         0                  0                 0                 89            0      500       50      0                  4                   0                     0                   0           0
             0                 0          0       0          0             0     379362.300           8    99                       0                 0              0                0                0                    2        149   177        149      0         0                  0                 0                 89            0      500       50      0                  4                   0                     0                   0           0
#pos runNum=0 0@(1.00000,1.00000)@0 1@(0.81386,0.91388)@580 2@(1.07558,1.00522)@938 3@(1.04254,0.93045)@544 4@(0.88237,0.93562)@739 5@(0.91656,1.04986)@804 6@(1.18447,1.00292)@1642 7@(0.83202,1.13493)@1169 8@(1.07738,1.00390)@558 9@(0.85943,0.83554)@1111 10@(0.86471,0.92314)@1143 11@(0.88257,0.92724)@597 12@(0.74868,1.00453)@1507 13@(0.74732,0.75349)@1138 14@(0.70681,0.66743)@1592 15@(0.97343,1.04620)@1184 16@(0.73717,1.00432)@551 17@(1.19259,0.87785)@1397 18@(0.82612,0.96713)@1301 19@(0.91286,0.88117)@1348 20@(0.71423,1.12064)@1134 21@(1.06276,1.31294)@1742 22@(0.95891,0.85617)@1205 23@(0.98278,1.27235)@1572 24@(0.90057,1.23916)@768 25@(1.17520,0.91848)@716 26@(0.83073,1.18657)@1372 27@(0.83555,1.17445)@1454 28@(0.93333,1.03941)@1220 29@(0.67456,0.99062)@1114 30@(1.02307,0.92890)@548 31@(0.75422,1.06320)@1604 32@(0.69864,0.91629)@1307 33@(1.02940,0.74829)@1112 34@(1.18162,0.93202)@1228 35@(0.84400,0.82838)@1143 36@(1.16480,1.13884)@1444 37@(0.76310,1.07912)@1732 38@(0.77865,1.13913)@1748 39@(0.87447,0.75367)@1205 40@(0.85770,0.69168)@1155 41@(0.95181,1.21433)@1367 42@(0.88430,0.83731)@1138 43@(1.01544,1.26332)@2140 44@(1.26498,0.78020)@1275 45@(0.70684,1.11407)@896 46@(0.62310,1.34678)@1918 47@(1.28247,1.21219)@1791 48@(0.55153,0.94322)@1328 49@(0.73994,0.78058)@1701
#links runNum=0 8-36@-85dBm@0.960 1-10@-86dBm@0.952 2-8@-48dBm@1.000 18-38@-89dBm@0.875 11-18@-90dBm@0.862 4-11@-64dBm@1.000 10-42@-89dBm@0.873 5-11@-93dBm@0.661 27-45@-88dBm@0.936 4-13@-95dBm@0.283 1-13@-88dBm@0.925 4-7@-89dBm@0.878 22-32@-92dBm@0.710 31-38@-91dBm@0.731 38-42@-96dBm@0.130 7-9@-91dBm@0.793 22-38@-95dBm@0.316 19-49@-89dBm@0.884 5-14@-96dBm@0.094 32-42@-88dBm@0.922 29-32@-80dBm@0.990 10-13@-89dBm@0.901 9-18@-89dBm@0.866 26-38@-84dBm@0.973 2-14@-95dBm@0.222 39-41@-95dBm@0.196 2-21@-93dBm@0.649 17-25@-85dBm@0.967 1-35@-82dBm@0.984 20-32@-89dBm@0.873 13-39@-96dBm@0.135 0-25@-92dBm@0.668 33-42@-94dBm@0.399 9-40@-93dBm@0.625 17-30@-85dBm@0.961 34-47@-92dBm@0.704 3-17@-93dBm@0.623 19-45@-92dBm@0.716 2-19@-94dBm@0.325 7-12@-90dBm@0.815 39-40@-76dBm@1.000 1-17@-95dBm@0.216 9-10@-89dBm@0.869 15-35@-95dBm@0.225 4-12@-91dBm@0.743 1-20@-88dBm@0.906 5-21@-92dBm@0.711 20-23@-95dBm@0.241 10-14@-91dBm@0.799 26-27@-71dBm@1.000 11-39@-97dBm@0.020 9-22@-96dBm@0.187 9-30@-88dBm@0.933 2-25@-87dBm@0.940 28-31@-91dBm@0.735 22-33@-96dBm@0.080 6-34@-88dBm@0.919 3-44@-91dBm@0.739 17-42@-91dBm@0.769 3-11@-87dBm@0.946 11-22@-88dBm@0.935 11-30@-96dBm@0.141 6-13@-95dBm@0.200 23-43@-88dBm@0.908 35-40@-96dBm@0.136 7-24@-83dBm@0.974 23-31@-94dBm@0.418 13-33@-94dBm@0.321 38-47@-95dBm@0.195 2-47@-93dBm@0.649 14-32@-90dBm@0.862 3-33@-88dBm@0.934 19-33@-87dBm@0.938 8-11@-97dBm@0.030 8-39@-94dBm@0.382 27-41@-92dBm@0.706 4-32@-88dBm@0.923 19-39@-86dBm@0.958 5-31@-91dBm@0.726 2-18@-93dBm@0.553 17-33@-89dBm@0.897 1-28@-90dBm@0.840 33-49@-91dBm@0.760 0-16@-89dBm@0.901 19-34@-91dBm@0.720 39-45@-95dBm@0.317 1-31@-94dBm@0.423 11-20@-93dBm@0.657 16-37@-82dBm@0.980 23-34@-93dBm@0.657 14-18@-95dBm@0.258 9-12@-87dBm@0.938 7-37@-86dBm@0.956 31-45@-88dBm@0.937 11-37@-93dBm@0.656 22-24@-95dBm@0.208 7-20@-85dBm@0.965 26-28@-91dBm@0.765 35-39@-89dBm@0.870 16-31@-92dBm@0.689 29-48@-95dBm@0.278 15-28@-86dBm@0.955 9-35@-66dBm@1.000 2-9@-93dBm@0.660 36-49@-95dBm@0.224 20-45@-87dBm@0.948 10-31@-86dBm@0.952 18-29@-90dBm@0.840 36-47@-96dBm@0.185 3-22@-93dBm@0.539 38-39@-94dBm@0.445 29-49@-92dBm@0.687 4-14@-93dBm@0.658 11-33@-89dBm@0.891 1-22@-89dBm@0.889 36-37@-93dBm@0.648 27-36@-92dBm@0.669 6-47@-90dBm@0.852 23-45@-92dBm@0.671 18-37@-92dBm@0.685 15-42@-94dBm@0.372 12-20@-96dBm@0.148 26-32@-96dBm@0.157 19-21@-94dBm@0.425 6-15@-96dBm@0.149 12-27@-92dBm@0.706 17-28@-95dBm@0.206 29-37@-84dBm@0.970 38-46@-91dBm@0.718 41-46@-96dBm@0.109 21-23@-89dBm@0.896 7-8@-91dBm@0.734 20-29@-88dBm@0.934 3-7@-90dBm@0.856 1-4@-92dBm@0.679 31-40@-93dBm@0.621 10-29@-94dBm@0.366 13-20@-94dBm@0.350 38-41@-96dBm@0.180 1-45@-95dBm@0.211 19-32@-96dBm@0.158 2-24@-95dBm@0.314 30-44@-96dBm@0.178 5-41@-86dBm@0.952 25-35@-93dBm@0.652 1-16@-86dBm@0.958 20-38@-90dBm@0.816 20-40@-97dBm@0.010 0-28@-95dBm@0.274 6-23@-91dBm@0.718 0-1@-90dBm@0.862 7-45@-96dBm@0.177 1-5@-91dBm@0.765 23-27@-90dBm@0.862 16-20@-92dBm@0.715 15-39@-94dBm@0.398 0-3@-86dBm@0.958 5-7@-86dBm@0.955 8-10@-95dBm@0.256 2-11@-93dBm@0.627 8-45@-93dBm@0.658 16-35@-90dBm@0.861 11-36@-96dBm@0.191 12-32@-81dBm@0.987 5-22@-90dBm@0.834 23-25@-94dBm@0.337 4-22@-95dBm@0.237 0-8@-85dBm@0.959 3-26@-96dBm@0.186 24-43@-95dBm@0.264 7-11@-91dBm@0.740 37-49@-92dBm@0.702 1-42@-88dBm@0.922 3-6@-87dBm@0.941 8-30@-84dBm@0.974 36-44@-93dBm@0.659 4-21@-93dBm@0.633 2-3@-87dBm@0.949 20-28@-95dBm@0.274 17-34@-95dBm@0.212 19-29@-92dBm@0.669 7-16@-86dBm@0.957 8-41@-93dBm@0.638 24-28@-88dBm@0.935 9-15@-88dBm@0.903 12-16@-89dBm@0.871 4-5@-90dBm@0.816 19-25@-89dBm@0.868 39-49@-94dBm@0.342 23-36@-90dBm@0.862 21-46@-93dBm@0.530 5-28@-85dBm@0.961 4-16@-91dBm@0.736 10-35@-83dBm@0.975 10-38@-92dBm@0.698 5-6@-92dBm@0.701 23-32@-97dBm@0.070 6-49@-97dBm@0.001 12-37@-82dBm@0.982 24-26@-90dBm@0.820 1-2@-89dBm@0.871 9-32@-93dBm@0.641 4-38@-95dBm@0.318 24-25@-95dBm@0.209 7-18@-87dBm@0.946 15-33@-95dBm@0.239 38-43@-90dBm@0.860 16-26@-92dBm@0.667 9-42@-96dBm@0.163 0-11@-90dBm@0.829 5-35@-88dBm@0.937 10-22@-93dBm@0.530 2-6@-91dBm@0.744 6-38@-96dBm@0.126 12-29@-79dBm@1.000 25-40@-97dBm@0.052 36-43@-88dBm@0.931 3-4@-84dBm@0.970 5-26@-87dBm@0.949 9-31@-90dBm@0.843 7-19@-94dBm@0.479 22-28@-92dBm@0.709 14-43@-97dBm@0.014 0-24@-93dBm@0.655 11-42@-91dBm@0.747 27-38@-89dBm@0.866 5-42@-90dBm@0.846 34-39@-91dBm@0.727 19-20@-91dBm@0.722 18-22@-92dBm@0.674 12-13@-88dBm@0.926 1-3@-88dBm@0.910 0-45@-92dBm@0.693 37-46@-95dBm@0.210 0-5@-93dBm@0.643 18-31@-86dBm@0.956 15-26@-96dBm@0.157 28-32@-94dBm@0.456 20-42@-97dBm@0.015 25-30@-88dBm@0.935 3-5@-96dBm@0.102 4-42@-87dBm@0.948 9-14@-92dBm@0.677 0-2@-93dBm@0.577 39-42@-92dBm@0.691 5-32@-92dBm@0.714 1-19@-95dBm@0.195 13-49@-84dBm@0.974 0-4@-92dBm@0.700 24-27@-91dBm@0.733 22-45@-94dBm@0.336 15-19@-86dBm@0.959 5-43@-95dBm@0.262 16-29@-87dBm@0.940 30-36@-89dBm@0.866 10-44@-96dBm@0.167 9-39@-93dBm@0.646 11-48@-92dBm@0.710 9-36@-95dBm@0.195 38-45@-79dBm@0.998 19-26@-95dBm@0.256 25-41@-93dBm@0.622 3-10@-95dBm@0.277 26-48@-92dBm@0.662 10-15@-86dBm@0.954 10-39@-95dBm@0.211 3-15@-89dBm@0.886 17-44@-94dBm@0.486 10-11@-88dBm@0.935 37-45@-95dBm@0.199 4-20@-97dBm@0.023 29-46@-92dBm@0.666 13-17@-96dBm@0.190 22-23@-97dBm@0.006 18-19@-92dBm@0.688 28-45@-95dBm@0.298 40-44@-92dBm@0.661 5-23@-93dBm@0.638 12-24@-92dBm@0.688 25-44@-88dBm@0.906 4-10@-67dBm@1.000 11-40@-88dBm@0.907 1-18@-96dBm@0.107 27-43@-91dBm@0.727 4-30@-89dBm@0.870 15-17@-91dBm@0.773 3-19@-92dBm@0.661 2-30@-90dBm@0.862 5-36@-90dBm@0.808 6-17@-84dBm@0.972 16-32@-85dBm@0.959 3-9@-93dBm@0.654 12-49@-97dBm@0.073 31-37@-75dBm@1.000 7-42@-96dBm@0.094 25-34@-69dBm@1.000 29-45@-95dBm@0.297 1-39@-89dBm@0.883 28-30@-87dBm@0.946 13-30@-92dBm@0.705 18-48@-89dBm@0.869 23-38@-89dBm@0.900 14-35@-96dBm@0.108 3-30@-69dBm@1.000 20-43@-95dBm@0.218 10-18@-83dBm@0.975 11-19@-97dBm@0.054 4-35@-90dBm@0.820 15-31@-90dBm@0.822 22-42@-81dBm@0.985 5-8@-89dBm@0.866 0-30@-87dBm@0.943 25-36@-93dBm@0.576
#aveChargePerCycle runNum=0 0@490.12 1@340.01 2@131.27 3@396.03 4@206.70 5@329.80 6@26.58 7@78.80 8@156.86 9@38.44 10@82.37 11@195.24 12@3.24 13@53.49 14@1.30 15@52.23 16@207.14 17@1.30 18@28.15 19@26.82 20@46.69 21@26.82 22@1.30 23@25.40 24@53.64 25@157.35 26@19.99 27@26.98 28@1.30 29@50.93 30@174.88 31@1.94 32@26.05 33@29.29 34@50.93 35@7.39 36@26.58 37@1.94 38@25.16 39@44.29 40@47.18 41@1.30 42@12.55 43@1.30 44@1.30 45@78.40 46@3.24 47@1.30 48@1.30 49@1.30