## dioPeriod = 1.0
## burstTimestamp = 20
## minRssi = -97
## numMotes = 50
## otfHousekeepingPeriod = 1.0
## sixtopNoRemoveWorstCell = 0
## simDataDir = simData
## numChans = 16
## slotframeLength = 101
## squareSide = 2.0
## cpuID = 76
## sixtopPdrThreshold = 1.5
## pkPeriod = None
## sixtopHousekeepingPeriod = 1.0
## sixtopNoHousekeeping = 0
## algorithm = otf
## pkPeriodVar = 0.05
## numCyclesPerRun = 100
## startTime = 1502276471.3
## slotDuration = 0.01
## numRuns = 1
## combinationKeys = ['algorithm', 'numMotes', 'otfThreshold']
## numPacketsBurst = 5
## otfThreshold = 1
## noInterference = 0
## gui = False


# appGenerated appReachesDagroot appRelayed aveHops aveLatency aveQueueDelay chargeConsumed collidedTxs cycle droppedAppFailedEnqueue droppedMacRetries droppedNoRoute droppedNoTxCells droppedQueueFull effectiveCollidedTxs numRxCells numTx numTxCells otfAdd otfRemove probableCollisions rplChurnParentSet rplChurnPrefParent rplChurnRank rplRxDIO rplTxDIO runNum scheduleCollisions topRxRelocatedCells topTxRelocatedBundles topTxRelocatedCells txQueueFill
             0                 0          0       0          0             0              0           0     0                       0                 0              0                0                0                    0          0     0          0      0         0                  0                 0                  0            0        0        0      0                  0                   0                     0                   0           0
             0                 0          0       0          0             0       1549.800          12     1                       0                 0              0                0                0                    4        113     0        113    113         0                  0               156                110           11      561       50      0                  6                   0                     0                   0           0
             0                 0          0       0          0             0       4846.200          12     2                       0                 0              0                0                0                    4        134     0        134     21         0                  0                 0                144            0      561       50      0                  6                   0                     0                   0           0
             0                 0          0       0          0             0       8142.600          12     3                       0                 0              0                0                0                    4        134     0        134      0         0                  0                 0                144            0      561       50      0                  6                   0                     0                   0           0
             0                 0          0       0          0             0      11439.000          12     4                       0                 0              0                0                0                    4        134     0        134      0         0                  0                 0                144            0      561       50      0                  6                   0                     0                   0           0
             0                 0          0       0          0             0      14735.400          12     5                       0                 0              0                0                0                    4        134     0        134      0         0                  0                 0                144            0      561       50      0                  6                   0                     0                   0           0
             0                 0          0       0          0             0      18031.800          12     6                       0                 0              0                0                0                    4        134     0        134      0         0                  0                 0                144            0      561       50      0                  6                   0                     0                   0           0
             0                 0          0       0          0             0      21328.200          12     7                       0                 0              0                0                0                    4        134     0        134      0         0                  0                 0                144            0      561       50      0                  6                   0                     0                   0           0
             0                 0          0       0          0             0      24624.600          12     8                       0                 0              0                0                0                    4        134     0        134      0         0                  0                 0                144            0      561       50      0                  6                   0                     0                   0           0
             0                 0          0       0          0             0      27921.000          12     9                       0                 0              0                0                0                    4        134     0        134      0         0                  0                 0                144            0      561       50      0                  6                   0                     0                   0           0
             0                 0          0       0          0             0      31217.400          12    10                       0                 0              0                0                0                    4        134     0        134      0         0                  0                 0                144            0      561       50      0                  6                   0                     0                   0           0
             0                 0          0       0          0             0      34513.800          12    11                       0                 0              0                0                0                    4        134     0        134      0         0                  0                 0                144            0      561       50      0                  6                   0                     0                   0           0
             0                 0          0       0          0             0      37810.200          12    12                       0                 0              0                0                0                    4        134     0        134      0         0                  0                 0                144            0      561       50      0                  6                   0                     0                   0           0
             0                 0          0       0          0             0      41106.600          12    13                       0                 0              0                0                0                    4        134     0        134      0         0                  0                 0                144            0      561       50      0                  6                   0                     0                   0           0
             0                 0          0       0          0             0      44403.000          12    14                       0                 0              0                0                0                    4        134     0        134      0         0                  0                 0                144            0      561       50      0                  6                   0                     0                   0           0
             0                 0          0       0          0             0      47699.400          12    15                       0                 0              0                0                0                    4        134     0        134      0         0                  0                 0                144            0      561       50      0                  6                   0                     0                   0           0
             0                 0          0       0          0             0      50995.800          12    16                       0                 0              0                0                0                    4        134     0        134      0         0                  0                 0                144            0      561       50      0                  6                   0                     0                   0           0
             0                 0          0       0          0             0      54292.200          12    17                       0                 0              0                0                0                    4        134     0        134      0         0                  0                 0                144            0      561       50      0                  6                   0                     0                   0           0
             0                 0          0       0          0             0      57588.600          12    18                       0                 0              0                0                0                    4        134     0        134      0         0                  0                 0                144            0      561       50      0                  6                   0                     0                   0           0
            49                 2         19   1.000     10.500       213.000      63863.080          12    19                       0                 0              0                0                0                    4        134    29        134      0         0                  0                 0                144            0      561       50      0                  6                   0                     0                   0          47
             0                28         49   2.143     85.536      1859.267      78377.680          30    20                       0                 0              0                0                0                   10        204   124        204     23         0                  4                 4                140           15      561       50      0                 15                   2                     0                   0          19
             0                18          3   3.056    165.500       352.190      85533.460          12    21                       0                 0              0                0                0                    2        170   118        170     10        18                  0                 9                147           51      561       50      0                  6                   2                     0                   0           1
             0                 1          0   3.000    227.000       115.000      89463.580          12    22                       0                 0              0                0                0                    2        155   107        155      5         6                  0                 8                141           34      561       50      0                  6                   0                     0                   0           0
             0                 0          0       0          0             0      93153.580          12    23                       0                 0              0                0                0                    2        147    99        147      0         4                  0                 0                138           26      561       50      0                  6                   0                     0                   0           0
             0                 0          0       0          0             0      96745.180          12    24                       0                 0              0                0                0                    2        147    95        147      1         1                  0                 1                138           14      561       50      0                  6                   0                     0                   0           0
             0                 0          0       0          0             0     100312.180          12    25                       0                 0              0                0                0                    2        145    95        145      0         0                  0                 1                148            8      561       50      0                  6                   0                     0                   0           0
             0                 0          0       0          0             0     103829.980          12    26                       0                 0              0                0                0                    2        143    95        143      0         0                  0                 1                148            0      561       50      0                  6                   0                     0                   0           0
             0                 0          0       0          0             0     107347.780          12    27                       0                 0              0                0                0                    2        143    95        143      0         0                  0                 0                148            0      561       50      0                  6                   0                     0                   0           0
             0                 0          0       0          0             0     110865.580          12    28                       0                 0              0                0                0                    2        143    95        143      0         0                  0                 0                148            0      561       50      0                  6                   0                     0                   0           0
             0                 0          0       0          0             0     114383.380          12    29                       0                 0              0                0                0                    2        143    95        143      0         0                  0                 0                148            0      561       50      0                  6                   0                     0                   0           0
             0                 0          0       0          0             0     117901.180          12    30                       0                 0              0                0                0                    2        143    95        143      0         0                  0                 0                148            0      561       50      0                  6                   0                     0                   0           0
             0                 0          0       0          0             0     121418.980          12    31                       0                 0              0                0                0                    2        143    95        143      0         0                  0                 0                148            0      561       50      0                  6                   0                     0                   0           0
             0                 0          0       0          0             0     124936.780          12    32                       0                 0              0                0                0                    2        143    95        143      0         0                  0                 0                148            0      561       50      0                  6                   0                     0                   0           0
             0                 0          0       0          0             0     128454.580          12    33                       0                 0              0                0                0                    2        143    95        143      0         0                  0                 0                148            0      561       50      0                  6                   0                     0                   0           0
             0                 0          0       0          0             0     131972.380          12    34                       0                 0              0                0                0                    2        143    95        143      0         0                  0                 0                148            0      561       50      0                  6                   0                     0                   0           0
             0                 0          0       0          0             0     135490.180          12    35                       0                 0              0                0                0                    2        143    95        143      0         0                  0                 0                148            0      561       50      0                  6                   0                     0                   0           0
             0                 0          0       0          0             0     139007.980          12    36                       0                 0              0                0                0                    2        143    95        143      0         0                  0                 0                148            0      561       50      0                  6                   0                     0                   0           0
             0                 0          0       0          0             0     142525.780          12    37                       0                 0              0                0                0                    2        143    95        143      0         0                  0                 0                148            0      561       50      0                  6                   0                     0                   0           0
             0                 0          0       0          0             0     146043.580          12    38                       0                 0              0                0                0                    2        143    95        143      0         0                  0                 0                148            0      561       50      0                  6                   0                     0                   0           0
             0                 0          0       0          0             0     149561.380          12    39                       0                 0              0                0                0                    2        143    95        143      0         0                  0                 0                148            0      561       50      0                  6                   0                     0                   0           0
             0                 0          0       0          0             0     153079.180          12    40                       0                 0              0                0                0                    2        143    95        143      0         0                  0                 0                148            0      561       50      0                  6                   0                     0                   0           0
             0                 0          0       0          0             0     156596.980          12    41                       0                 0              0                0                0                    2        143    95        143      0         0                  0                 0                148            0      561       50      0                  6                   0                     0                   0           0
             0                 0          0       0          0             0     160114.780          12    42                       0                 0              0                0                0                    2        143    95        143      0         0                  0                 0                148            0      561       50      0                  6                   0                     0                   0           0
             0                 0          0       0          0             0     163632.580          12    43                       0                 0              0                0                0                    2        143    95        143      0         0                  0                 0                148            0      561       50      0                  6                   0                     0                   0           0
             0                 0          0       0          0             0     167150.380          12    44                       0                 0              0                0                0                    2        143    95        143      0         0                  0                 0                148            0      561       50      0                  6                   0                     0                   0           0
             0                 0          0       0          0             0     170668.180          12    45                       0                 0              0                0                0                    2        143    95        143      0         0                  0                 0                148            0      561       50      0                  6                   0                     0                   0           0
             0                 0          0       0          0             0     174185.980          12    46                       0                 0              0                0                0                    2        143    95        143      0         0                  0                 0                148            0      561       50      0                  6                   0                     0                   0           0
             0                 0          0       0          0             0     177703.780          12    47                       0                 0              0                0                0                    2        143    95        143      0         0                  0                 0                148            0      561       50      0                  6                   0                     0                   0           0
             0                 0          0       0          0             0     181221.580          12    48                       0                 0              0                0                0                    2        143    95        143      0         0                  0                 0                148            0      561       50      0                  6                   0                     0                   0           0
             0                 0          0       0          0             0     184739.380          12    49                       0                 0              0                0                0                    2        143    95        143      0         0                  0                 0                148            0      561       50      0                  6                   0                     0                   0           0
             0                 0          0       0          0             0     188257.180          12    50                       0                 0              0                0                0                    2        143    95        143      0         0                  0                 0                148            0      561       50      0                  6                   0                     0                   0           0
             0                 0          0       0          0             0     191774.980          12    51                       0                 0              0                0                0                    2        143    95        143      0         0                  0                 0                148            0      561       50      0                  6                   0                     0                   0           0
             0                 0          0       0          0             0     195292.780          12    52                       0                 0              0                0                0                    2        143    95        143      0         0                  0                 0                148            0      561       50      0                  6                   0                     0                   0           0
             0                 0          0       0          0             0     198810.580          12    53                       0                 0              0                0                0                    2        143    95        143      0         0                  0                 0                148            0      561       50      0                  6                   0                     0                   0           0
             0                 0          0       0          0             0     202328.380          12    54                       0                 0              0                0                0                    2        143    95        143      0         0                  0                 0                148            0      561       50      0                  6                   0                     0                   0           0
             0                 0          0       0          0             0     205846.180          12    55                       0                 0              0                0                0                    2        143    95        143      0         0                  0                 0                148            0      561       50      0                  6                   0                     0                   0           0
             0                 0          0       0          0             0     209363.980          12    56                       0                 0              0                0                0                    2        143    95        143      0         0                  0                 0                148            0      561       50      0                  6                   0                     0                   0           0
             0                 0          0       0          0             0     212881.780          12    57                       0                 0              0                0                0                    2        143    95        143      0         0                  0                 0                148            0      561       50      0                  6                   0                     0                   0           0
             0                 0          0       0          0             0     216399.580          12    58                       0                 0              0                0                0                    2        143    95        143      0         0                  0                 0                148            0      561       50      0                  6                   0                     0                   0           0
            49                11         44   1.273     29.636      1170.500     227040.760          16    59                       0                 0              0                0                0                    3        161   159        161      9         0                  0                 0                148            0      561       50      0                  8                   0                     0                   0          38
             0                21         29   2.714    117.905      1310.611     238102.600          31    60                       0                 0              0                0                0                    7        186   214        186     17         5                  0                 7                129           44      561       50      0                 16                   0                     0                   0          17
             0                13          3   2.923    199.462       609.929     244328.380          18    61                       0                 0              0                0                0                    1        160   208        160      4        10                  0                 7                134           43      561       50      0                  9                   0                     0                   0           4
             0                 3          1   3.667    294.333       335.500     248804.320          14    62                       0                 0              0                0                0                    1        156   200        156      4         4                  0                 4                133           35      561       50      0                  7                   0                     0                   0           1
             0                 1          0   6.000    394.000        92.000     252685.240          14    63                       0                 0              0                0                0                    1        156   188        156      3         1                  0                 5                133           20      561       50      0                  7                   0                     0                   0           0
             0                 0          0       0          0             0     256522.840          16    64                       0                 0              0                0                0                    2        156   182        156      2         1                  0                 3                133            6      561       50      0                  8                   0                     0                   0           0
             0                 0          0       0          0             0     260311.240          14    65                       0                 0              0                0                0                    2        154   182        154      0         0                  0                 1                133            1      561       50      0                  7                   0                     0                   0           0
             0                 0          0       0          0             0     264099.640          14    66                       0                 0              0                0                0                    2        154   182        154      0         0                  0                 0                133            0      561       50      0                  7                   0                     0                   0           0
             0                 0          0       0          0             0     267888.040          14    67                       0                 0              0                0                0                    2        154   182        154      0         0                  0                 0                133            0      561       50      0                  7                   0                     0                   0           0
             0                 0          0       0          0             0     271676.440          14    68                       0                 0              0                0                0                    2        154   182        154      0         0                  0                 0                133            0      561       50      0                  7                   0                     0                   0           0
             0                 0          0       0          0             0     275464.840          14    69                       0                 0              0                0                0                    2        154   182        154      0         0                  0                 0                133            0      561       50      0                  7                   0                     0                   0           0
             0                 0          0       0          0             0     279253.240          14    70                       0                 0              0                0                0                    2        154   182        154      0         0                  0                 0                133            0      561       50      0                  7                   0                     0                   0           0
             0                 0          0       0          0             0     283041.640          14    71                       0                 0              0                0                0                    2        154   182        154      0         0                  0                 0                133            0      561       50      0                  7                   0                     0                   0           0
             0                 0          0       0          0             0     286830.040          14    72                       0                 0              0                0                0                    2        154   182        154      0         0                  0                 0                133            0      561       50      0                  7                   0                     0                   0           0
             0                 0          0       0          0             0     290618.440          14    73                       0                 0              0                0                0                    2        154   182        154      0         0                  0                 0                133            0      561       50      0                  7                   0                     0                   0           0
             0                 0          0       0          0             0     294406.840          14    74                       0                 0              0                0                0                    2        154   182        154      0         0                  0                 0                133            0      561       50      0                  7                   0                     0                   0           0
             0                 0          0       0          0             0     298195.240          14    75                       0                 0              0                0                0                    2        154   182        154      0         0                  0                 0                133            0      561       50      0                  7                   0                     0                   0           0
             0                 0          0       0          0             0     301983.640          14    76                       0                 0              0                0                0                    2        154   182        154      0         0                  0                 0                133            0      561       50      0                  7                   0                     0                   0           0
             0                 0          0       0          0             0     305772.040          14    77                       0                 0              0                0                0                    2        154   182        154      0         0                  0                 0                133            0      561       50      0                  7                   0                     0                   0           0
             0                 0          0       0          0             0     309560.440          14    78                       0                 0              0                0                0                    2        154   182        154      0         0                  0                 0                133            0      561       50      0                  7                   0                     0                   0           0
             0                 0          0       0          0             0     313348.840          14    79                       0                 0              0                0                0                    2        154   182        154      0         0                  0                 0                133            0      561       50      0                  7                   0                     0                   0           0
             0                 0          0       0          0             0     317137.240          14    80                       0                 0              0                0                0                    2        154   182        154      0         0                  0                 0                133            0      561       50      0                  7                   0                     0                   0           0
             0                 0          0       0          0             0     320925.640          14    81                       0                 0              0                0                0                    2        154   182        154      0         0                  0                 0                133            0      561       50      0                  7                   0                     0                   0           0
             0                 0          0       0          0             0     324714.040          14    82                       0                 0              0                0                0                    2        154   182        154      0         0                  0                 0                133            0      561       50      0                  7                   0                     0                   0           0
             0                 0          0       0          0             0     328502.440          14    83                       0                 0              0                0                0                    2        154   182        154      0         0                  0                 0                133            0      561       50      0                  7                   0                     0                   0           0
             0                 0          0       0          0             0     332290.840          14    84                       0                 0              0                0                0                    2        154   182        154      0         0                  0                 0                133            0      561       50      0                  7                   0                     0                   0           0
             0                 0          0       0          0             0     336079.240          14    85                       0                 0              0                0                0                    2        154   182        154      0         0                  0                 0                133            0      561       50      0                  7                   0                     0                   0           0
             0                 0          0       0          0             0     339867.640          14    86                       0                 0              0                0                0                    2        154   182        154      0         0                  0                 0                133            0      561       50      0                  7                   0                     0                   0           0
             0                 0          0       0          0             0     343656.040          14    87                       0                 0              0                0                0                    2        154   182        154      0         0                  0                 0                133            0      561       50      0                  7                   0                     0                   0           0
             0                 0          0       0          0             0     347444.440          14    88                       0                 0              0                0                0                    2        154   182        154      0         0                  0                 0                133            0      561       50      0                  7                   0                     0                   0           0
             0                 0          0       0          0             0     351232.840          14    89                       0                 0              0                0                0                    2        154   182        154      0         0                  0                 0                133            0      561       50      0                  7                   0                     0                   0           0
             0                 0          0       0          0             0     355021.240          14    90                       0                 0              0                0                0                    2        154   182        154      0         0                  0                 0                133            0      561       50      0                  7                   0                     0                   0           0
             0                 0          0       0          0             0     358809.640          14    91                       0                 0              0                0                0                    2        154   182        154      0         0                  0                 0                133            0      561       50      0                  7                   0                     0                   0           0
             0                 0          0       0          0             0     362598.040          14    92                       0                 0              0                0                0                    2        154   182        154      0         0                  0                 0                133            0      561       50      0                  7                   0                     0                   0           0
             0                 0          0       0          0             0     366386.440          14    93                       0                 0              0                0                0                    2        154   182        154      0         0                  0                 0                133            0      561       50      0                  7                   0                     0                   0           0
             0                 0          0       0          0             0     370174.840          14    94                       0                 0              0                0                0                    2        154   182        154      0         0                  0                 0                133            0      561       50      0                  7                   0                     0                   0           0
             0                 0          0       0          0             0     373963.240          14    95                       0                 0              0                0                0                    2        154   182        154      0         0                  0                 0                133            0      561       50      0                  7                   0                     0                   0           0
             0                 0          0       0          0             0     377751.640          14    96                       0                 0              0                0                0                    2        154   182        154      0         0                  0                 0                133            0      561       50      0                  7                   0                     0                   0           0
             0                 0          0       0          0             0     381540.040          14    97                       0                 0              0                0                0                    2        154   182        154      0         0                  0                 0                133            0      561       50      0                  7                   0                     0                   0           0
             0                 0          0       0          0             0     385328.440          14    98                       0                 0              0                0                0                    2        154   182        154      0         0                  0                 0                133            0      561       50      0                  7                   0                     0                   0           0
             0                 0          0       0          0             0     389116.840          14    99                       0                 0              0                0                0                    2        154   182        154      0         0                  0                 0                133            0      561       50      0                  7                   0                     0                   0           0
#pos runNum=0 0@(1.00000,1.00000)@0 1@(0.95971,0.99227)@832 2@(1.04296,1.12892)@563 3@(1.00779,1.09385)@548 4@(1.02631,1.13596)@1563 5@(1.05594,1.08184)@1395 6@(1.07691,1.04501)@585 7@(1.09732,1.07935)@1177 8@(1.19011,1.07200)@1636 9@(0.94698,1.27746)@1228 10@(0.98719,1.07333)@605 11@(1.20486,0.98200)@590 12@(1.10360,1.09031)@1097 13@(1.10860,1.05211)@546 14@(0.79184,1.29014)@1513 15@(0.85335,1.17632)@1162 16@(1.16047,1.00121)@1230 17@(1.19693,0.84306)@1104 18@(1.07894,0.73022)@1667 19@(1.05209,1.16508)@1060 20@(1.00336,0.89674)@563 21@(1.01886,0.76185)@1981 22@(1.08575,1.29954)@1536 23@(0.96975,0.68870)@1294 24@(1.01557,1.41821)@1250 25@(1.18595,0.88686)@1225 26@(1.08183,0.84218)@1219 27@(1.16412,1.15228)@1131 28@(0.89656,0.94729)@704 29@(0.87486,1.23635)@2076 30@(0.96396,1.29355)@1791 31@(0.70723,1.11332)@1523 32@(0.99480,1.21077)@625 33@(0.90783,1.02012)@1106 34@(1.12239,0.88571)@1446 35@(1.17970,0.81644)@704 36@(1.05327,1.05480)@590 37@(1.33528,0.85043)@1314 38@(1.46482,0.88309)@1350 39@(0.94868,0.83499)@1390 40@(0.83449,1.15769)@2203 41@(0.89503,0.97086)@1390 42@(1.03397,1.41163)@1267 43@(0.87987,0.83178)@1472 44@(1.06228,1.07884)@1060 45@(1.13138,1.07576)@640 46@(1.11283,0.91165)@1289 47@(0.79555,1.40424)@2118 48@(1.26147,0.94308)@640 49@(1.16640,1.00398)@1438
#links runNum=0 1-10@-97dBm@0.024 28-32@-96dBm@0.186 10-37@-95dBm@0.210 7-15@-95dBm@0.232 9-10@-94dBm@0.342 26-33@-91dBm@0.761 13-19@-90dBm@0.812 1-20@-88dBm@0.931 12-22@-90dBm@0.859 7-44@-87dBm@0.945 20-25@-92dBm@0.675 23-44@-97dBm@0.004 1-13@-85dBm@0.962 4-7@-92dBm@0.677 7-48@-89dBm@0.883 18-46@-90dBm@0.864 12-45@-70dBm@1.000 1-37@-96dBm@0.136 17-23@-89dBm@0.869 0-6@-90dBm@0.860 20-48@-94dBm@0.470 13-41@-93dBm@0.655 46-48@-97dBm@0.015 20-39@-79dBm@0.996 18-40@-95dBm@0.310 2-14@-93dBm@0.652 9-32@-94dBm@0.325 6-43@-92dBm@0.681 39-43@-77dBm@1.000 9-31@-94dBm@0.323 13-23@-95dBm@0.303 42-47@-97dBm@0.021 13-17@-88dBm@0.934 12-30@-93dBm@0.594 7-27@-86dBm@0.955 12-33@-90dBm@0.864 17-35@-74dBm@1.000 3-17@-96dBm@0.150 10-35@-93dBm@0.606 4-14@-92dBm@0.693 29-47@-88dBm@0.911 6-7@-84dBm@0.974 35-37@-92dBm@0.671 30-33@-96dBm@0.176 18-39@-86dBm@0.952 28-41@-94dBm@0.480 1-29@-94dBm@0.399 11-18@-95dBm@0.217 4-12@-82dBm@0.985 10-14@-91dBm@0.776 1-39@-85dBm@0.960 18-45@-93dBm@0.649 15-33@-86dBm@0.956 4-23@-96dBm@0.163 13-35@-96dBm@0.142 5-44@-77dBm@1.000 2-27@-88dBm@0.935 28-29@-91dBm@0.720 11-48@-84dBm@0.970 3-44@-77dBm@1.000 36-40@-97dBm@0.029 8-27@-79dBm@1.000 25-44@-97dBm@0.003 11-12@-91dBm@0.779 0-20@-85dBm@0.967 7-20@-93dBm@0.526 3-13@-94dBm@0.362 13-15@-89dBm@0.865 13-33@-96dBm@0.156 11-28@-91dBm@0.724 17-21@-96dBm@0.154 16-21@-93dBm@0.654 3-10@-80dBm@0.989 7-21@-92dBm@0.674 18-48@-93dBm@0.644 27-49@-88dBm@0.935 31-44@-97dBm@0.005 8-25@-93dBm@0.563 36-45@-88dBm@0.912 11-36@-85dBm@0.960 16-18@-90dBm@0.864 4-21@-96dBm@0.152 18-38@-94dBm@0.428 3-32@-87dBm@0.938 10-28@-91dBm@0.737 1-28@-88dBm@0.916 26-35@-84dBm@0.970 6-45@-97dBm@0.029 40-42@-95dBm@0.286 6-10@-90dBm@0.810 3-4@-80dBm@0.992 23-39@-89dBm@0.868 10-11@-90dBm@0.862 14-24@-90dBm@0.822 30-37@-97dBm@0.017 9-30@-87dBm@0.942 25-30@-94dBm@0.507 10-13@-89dBm@0.868 27-48@-89dBm@0.876 16-48@-93dBm@0.577 36-44@-95dBm@0.207 4-10@-78dBm@1.000 12-19@-81dBm@0.985 7-34@-87dBm@0.947 21-26@-82dBm@0.985 1-9@-90dBm@0.857 36-42@-92dBm@0.682 15-28@-90dBm@0.863 33-34@-96dBm@0.113 2-9@-94dBm@0.321 26-38@-92dBm@0.691 6-25@-90dBm@0.863 8-22@-89dBm@0.869 8-12@-94dBm@0.359 5-29@-89dBm@0.868 10-39@-95dBm@0.211 2-19@-94dBm@0.485 23-48@-96dBm@0.101 11-33@-92dBm@0.672 1-22@-91dBm@0.722 33-36@-92dBm@0.688 4-40@-89dBm@0.868 10-45@-94dBm@0.484 6-44@-72dBm@1.000 7-9@-94dBm@0.369 18-23@-90dBm@0.858 17-46@-91dBm@0.772 2-3@-93dBm@0.655 20-44@-94dBm@0.445 44-48@-97dBm@0.038 25-27@-89dBm@0.869 15-40@-76dBm@1.000 17-20@-95dBm@0.315 0-9@-94dBm@0.343 19-47@-93dBm@0.617 7-25@-90dBm@0.863 1-4@-91dBm@0.783 17-38@-93dBm@0.649 4-8@-85dBm@0.960 28-31@-91dBm@0.746 6-12@-75dBm@1.000 1-2@-90dBm@0.865 42-45@-93dBm@0.640 41-42@-94dBm@0.446 4-45@-86dBm@0.958 5-41@-87dBm@0.949 25-35@-79dBm@0.996 26-37@-89dBm@0.892 36-39@-88dBm@0.903 6-28@-87dBm@0.939 19-39@-96dBm@0.138 0-28@-91dBm@0.743 29-41@-96dBm@0.095 18-26@-90dBm@0.852 17-18@-87dBm@0.943 2-7@-89dBm@0.869 14-20@-93dBm@0.543 10-12@-90dBm@0.812 1-5@-87dBm@0.939 18-37@-96dBm@0.078 13-38@-93dBm@0.653 4-15@-95dBm@0.233 15-29@-83dBm@0.974 2-4@-69dBm@1.000 5-7@-97dBm@0.072 6-48@-89dBm@0.882 18-25@-97dBm@0.010 2-11@-93dBm@0.603 5-36@-95dBm@0.192 13-37@-91dBm@0.759 12-36@-79dBm@1.000 20-29@-95dBm@0.240 9-40@-91dBm@0.787 4-22@-95dBm@0.258 0-36@-87dBm@0.942 8-45@-96dBm@0.089 19-36@-84dBm@0.974 8-21@-92dBm@0.680 5-16@-89dBm@0.890 1-34@-89dBm@0.885 22-32@-84dBm@0.974 13-49@-97dBm@0.018 7-13@-84dBm@0.972 30-47@-87dBm@0.939 4-25@-96dBm@0.169 4-9@-88dBm@0.935 21-41@-92dBm@0.708 14-42@-89dBm@0.869 7-12@-81dBm@0.985 27-44@-86dBm@0.957 9-35@-97dBm@0.009 10-17@-95dBm@0.219 8-10@-92dBm@0.694 48-49@-93dBm@0.647 33-44@-89dBm@0.891 9-15@-89dBm@0.867 14-47@-84dBm@0.974 4-5@-93dBm@0.661 26-34@-87dBm@0.941 3-8@-86dBm@0.958 16-17@-86dBm@0.954 9-24@-87dBm@0.946 9-42@-91dBm@0.758 42-46@-95dBm@0.260 6-31@-93dBm@0.642 11-49@-96dBm@0.157 7-26@-89dBm@0.866 24-29@-88dBm@0.933 1-25@-94dBm@0.521 20-36@-93dBm@0.589 0-35@-91dBm@0.764 6-13@-71dBm@1.000 12-27@-87dBm@0.942 1-36@-85dBm@0.960 7-36@-80dBm@0.993 18-36@-92dBm@0.669 18-28@-91dBm@0.742 7-17@-91dBm@0.737 13-45@-90dBm@0.848 6-17@-97dBm@0.033 22-27@-94dBm@0.341 20-45@-97dBm@0.063 14-29@-85dBm@0.962 0-11@-90dBm@0.828 14-31@-92dBm@0.701 2-6@-81dBm@0.986 2-16@-96dBm@0.178 0-13@-84dBm@0.974 23-36@-92dBm@0.710 6-22@-91dBm@0.733 19-22@-93dBm@0.657 5-49@-89dBm@0.878 3-33@-86dBm@0.957 0-1@-92dBm@0.689 20-40@-95dBm@0.239 4-26@-91dBm@0.745 10-25@-93dBm@0.622 3-46@-95dBm@0.230 28-36@-92dBm@0.698 0-10@-90dBm@0.826 39-49@-95dBm@0.231 5-18@-93dBm@0.559 1-3@-86dBm@0.957 18-20@-97dBm@0.009 0-2@-85dBm@0.961 13-43@-96dBm@0.176 11-16@-93dBm@0.541 24-31@-93dBm@0.568 40-44@-89dBm@0.871 22-30@-87dBm@0.941 5-6@-90dBm@0.835 8-15@-92dBm@0.698 11-39@-90dBm@0.810 24-34@-97dBm@0.009 8-16@-81dBm@0.987 6-49@-92dBm@0.681 26-46@-93dBm@0.631 0-45@-90dBm@0.861 16-33@-95dBm@0.285 20-41@-85dBm@0.965 34-43@-92dBm@0.665 13-27@-96dBm@0.177 6-35@-91dBm@0.740 31-33@-97dBm@0.069 19-41@-91dBm@0.719 15-19@-96dBm@0.097 5-43@-94dBm@0.436 2-32@-91dBm@0.728 3-30@-97dBm@0.004 1-32@-89dBm@0.895 0-3@-84dBm@0.974 16-49@-75dBm@1.000 16-44@-89dBm@0.883 12-32@-89dBm@0.868 14-40@-94dBm@0.372 6-11@-86dBm@0.957 26-49@-94dBm@0.496 32-33@-89dBm@0.866 3-15@-90dBm@0.861 1-8@-93dBm@0.655 2-13@-87dBm@0.946 32-49@-90dBm@0.863 35-43@-95dBm@0.261 42-44@-93dBm@0.645 21-39@-89dBm@0.869 4-35@-91dBm@0.735 1-41@-83dBm@0.974 2-44@-95dBm@0.263 17-45@-94dBm@0.345 5-12@-90dBm@0.850 8-37@-94dBm@0.380 14-36@-94dBm@0.390 0-32@-89dBm@0.870 0-48@-89dBm@0.877 3-19@-79dBm@1.000 25-46@-79dBm@1.000 15-43@-96dBm@0.109 4-6@-82dBm@0.985 43-46@-95dBm@0.319 1-46@-95dBm@0.247 36-46@-86dBm@0.956 2-5@-85dBm@0.961 10-30@-95dBm@0.246 3-9@-91dBm@0.744 20-22@-95dBm@0.256 6-46@-91dBm@0.763 11-45@-90dBm@0.828 17-36@-91dBm@0.776 9-17@-97dBm@0.019 12-39@-94dBm@0.417 13-24@-92dBm@0.708 44-45@-87dBm@0.938 33-47@-94dBm@0.452 16-36@-89dBm@0.867 30-44@-92dBm@0.685 1-43@-89dBm@0.870 34-44@-87dBm@0.938 10-18@-94dBm@0.500 8-30@-93dBm@0.639 2-42@-89dBm@0.868 7-14@-97dBm@0.016 5-8@-93dBm@0.547 12-13@-84dBm@0.974 21-23@-90dBm@0.861 12-44@-93dBm@0.625 9-44@-92dBm@0.717 10-26@-89dBm@0.879
#aveChargePerCycle runNum=0 0@504.14 1@240.18 2@307.56 3@308.06 4@30.57 5@17.88 6@342.78 7@93.07 8@10.64 9@71.29 10@176.63 11@148.09 12@80.12 13@332.41 14@61.43 15@51.18 16@1.30 17@127.01 18@1.30 19@49.76 20@108.15 21@1.30 22@1.94 23@21.13 24@21.90 25@1.30 26@100.72 27@27.99 28@87.99 29@1.30 30@1.30 31@1.94 32@49.76 33@51.05 34@1.30 35@91.37 36@195.85 37@2.59 38@1.30 39@27.50 40@1.30 41@2.59 42@1.94 43@1.30 44@73.76 45@21.13 46@1.30 47@4.54 48@29.69 49@1.30