## dioPeriod = 1.0
## burstTimestamp = 20
## minRssi = -97
## numMotes = 50
## otfHousekeepingPeriod = 1.0
## sixtopNoRemoveWorstCell = 0
## simDataDir = simData
## numChans = 16
## slotframeLength = 101
## squareSide = 2.0
## cpuID = 86
## sixtopPdrThreshold = 1.5
## pkPeriod = None
## sixtopHousekeepingPeriod = 1.0
## sixtopNoHousekeeping = 0
## algorithm = otf
## pkPeriodVar = 0.05
## numCyclesPerRun = 100
## startTime = 1502276471.29
## slotDuration = 0.01
## numRuns = 1
## combinationKeys = ['algorithm', 'numMotes', 'otfThreshold']
## numPacketsBurst = 5
## otfThreshold = 1
## noInterference = 0
## gui = False


# appGenerated appReachesDagroot appRelayed aveHops aveLatency aveQueueDelay chargeConsumed collidedTxs cycle droppedAppFailedEnqueue droppedMacRetries droppedNoRoute droppedNoTxCells droppedQueueFull effectiveCollidedTxs numRxCells numTx numTxCells otfAdd otfRemove probableCollisions rplChurnParentSet rplChurnPrefParent rplChurnRank rplRxDIO rplTxDIO runNum scheduleCollisions topRxRelocatedCells topTxRelocatedBundles topTxRelocatedCells txQueueFill
             0                 0          0       0          0             0              0           0     0                       0                 0              0                0                0                    0          0     0          0      0         0                  0                 0                  0            0        0        0      0                  0                   0                     0                   0           0
             0                 0          0       0          0             0       1451.400           6     1                       0                 0              0                0                0                    2        127     0        127    127         0                  0               137                114            4      509       50      0                  3                   0                     0                   0           0
             0                 0          0       0          0             0       4624.800           8     2                       0                 0              0                0                0                    2        129     0        129      2         0                  0                 0                169            0      509       50      0                  4                   0                     0                   0           0
             0                 0          0       0          0             0       7798.200           8     3                       0                 0              0                0                0                    2        129     0        129      0         0                  0                 0                169            0      509       50      0                  4                   0                     0                   0           0
             0                 0          0       0          0             0      10971.600           8     4                       0                 0              0                0                0                    2        129     0        129      0         0                  0                 0                169            0      509       50      0                  4                   0                     0                   0           0
             0                 0          0       0          0             0      14145.000           8     5                       0                 0              0                0                0                    2        129     0        129      0         0                  0                 0                169            0      509       50      0                  4                   0                     0                   0           0
             0                 0          0       0          0             0      17318.400           8     6                       0                 0              0                0                0                    2        129     0        129      0         0                  0                 0                169            0      509       50      0                  4                   0                     0                   0           0
             0                 0          0       0          0             0      20491.800           8     7                       0                 0              0                0                0                    2        129     0        129      0         0                  0                 0                169            0      509       50      0                  4                   0                     0                   0           0
             0                 0          0       0          0             0      23665.200           8     8                       0                 0              0                0                0                    2        129     0        129      0         0                  0                 0                169            0      509       50      0                  4                   0                     0                   0           0
             0                 0          0       0          0             0      26838.600           8     9                       0                 0              0                0                0                    2        129     0        129      0         0                  0                 0                169            0      509       50      0                  4                   0                     0                   0           0
             0                 0          0       0          0             0      30012.000           8    10                       0                 0              0                0                0                    2        129     0        129      0         0                  0                 0                169            0      509       50      0                  4                   0                     0                   0           0
             0                 0          0       0          0             0      33185.400           8    11                       0                 0              0                0                0                    2        129     0        129      0         0                  0                 0                169            0      509       50      0                  4                   0                     0                   0           0
             0                 0          0       0          0             0      36358.800           8    12                       0                 0              0                0                0                    2        129     0        129      0         0                  0                 0                169            0      509       50      0                  4                   0                     0                   0           0
             0                 0          0       0          0             0      39532.200           8    13                       0                 0              0                0                0                    2        129     0        129      0         0                  0                 0                169            0      509       50      0                  4                   0                     0                   0           0
             0                 0          0       0          0             0      42705.600           8    14                       0                 0              0                0                0                    2        129     0        129      0         0                  0                 0                169            0      509       50      0                  4                   0                     0                   0           0
             0                 0          0       0          0             0      45879.000           8    15                       0                 0              0                0                0                    2        129     0        129      0         0                  0                 0                169            0      509       50      0                  4                   0                     0                   0           0
             0                 0          0       0          0             0      49052.400           8    16                       0                 0              0                0                0                    2        129     0        129      0         0                  0                 0                169            0      509       50      0                  4                   0                     0                   0           0
             0                 0          0       0          0             0      52225.800           8    17                       0                 0              0                0                0                    2        129     0        129      0         0                  0                 0                169            0      509       50      0                  4                   0                     0                   0           0
             0                 0          0       0          0             0      55399.200           8    18                       0                 0              0                0                0                    2        129     0        129      0         0                  0                 0                169            0      509       50      0                  4                   0                     0                   0           0
            49                 2         18   1.000     12.500       193.000      61612.400          12    19                       0                 0              0                0                0                    4        135    30        135      3         0                  2                 0                169            0      509       50      0                  6                   0                     0                   0          47
             0                27         40   1.889     77.593      1924.500      74776.960          18    20                       0                 0              0                0                0                    5        201   112        201     29         2                  1                 3                175           17      509       50      0                  9                   0                     0                   0          20
             0                20         11   3.250    164.750       625.550      83023.500          12    21                       0                 0              0                0                0                    3        172   129        172      7        18                  0                 7                176           46      509       50      0                  6                   0                     0                   0           0
             0                 0          0       0          0             0      87008.700          12    22                       0                 0              0                0                0                    2        154   114        154      2         8                  0                 0                171           32      509       50      0                  6                   0                     0                   0           0
             0                 0          0       0          0             0      90674.100          12    23                       0                 0              0                0                0                    2        148   107        148      1         2                  0                 1                171           27      509       50      0                  6                   0                     0                   0           0
             0                 0          0       0          0             0      94167.300          10    24                       0                 0              0                0                0                    1        141    96        141      1         3                  0                 2                172            0      509       50      0                  5                   0                     0                   0           0
             0                 0          0       0          0             0      97685.100          10    25                       0                 0              0                0                0                    1        145    96        145      2         0                  0                 2                170            7      509       50      0                  5                   0                     0                   0           0
             0                 0          0       0          0             0     101153.700          10    26                       0                 0              0                0                0                    1        141    96        141      0         0                  0                 2                168            0      509       50      0                  5                   0                     0                   0           0
             0                 0          0       0          0             0     104622.300          10    27                       0                 0              0                0                0                    1        141    96        141      0         0                  0                 0                168            0      509       50      0                  5                   0                     0                   0           0
             0                 0          0       0          0             0     108090.900          10    28                       0                 0              0                0                0                    1        141    96        141      0         0                  0                 0                168            0      509       50      0                  5                   0                     0                   0           0
             0                 0          0       0          0             0     111559.500          10    29                       0                 0              0                0                0                    1        141    96        141      0         0                  0                 0                168            0      509       50      0                  5                   0                     0                   0           0
             0                 0          0       0          0             0     115028.100          10    30                       0                 0              0                0                0                    1        141    96        141      0         0                  0                 0                168            0      509       50      0                  5                   0                     0                   0           0
             0                 0          0       0          0             0     118496.700          10    31                       0                 0              0                0                0                    1        141    96        141      0         0                  0                 0                168            0      509       50      0                  5                   0                     0                   0           0
             0                 0          0       0          0             0     121965.300          10    32                       0                 0              0                0                0                    1        141    96        141      0         0                  0                 0                168            0      509       50      0                  5                   0                     0                   0           0
             0                 0          0       0          0             0     125433.900          10    33                       0                 0              0                0                0                    1        141    96        141      0         0                  0                 0                168            0      509       50      0                  5                   0                     0                   0           0
             0                 0          0       0          0             0     128902.500          10    34                       0                 0              0                0                0                    1        141    96        141      0         0                  0                 0                168            0      509       50      0                  5                   0                     0                   0           0
             0                 0          0       0          0             0     132371.100          10    35                       0                 0              0                0                0                    1        141    96        141      0         0                  0                 0                168            0      509       50      0                  5                   0                     0                   0           0
             0                 0          0       0          0             0     135839.700          10    36                       0                 0              0                0                0                    1        141    96        141      0         0                  0                 0                168            0      509       50      0                  5                   0                     0                   0           0
             0                 0          0       0          0             0     139308.300          10    37                       0                 0              0                0                0                    1        141    96        141      0         0                  0                 0                168            0      509       50      0                  5                   0                     0                   0           0
             0                 0          0       0          0             0     142776.900          10    38                       0                 0              0                0                0                    1        141    96        141      0         0                  0                 0                168            0      509       50      0                  5                   0                     0                   0           0
             0                 0          0       0          0             0     146245.500          10    39                       0                 0              0                0                0                    1        141    96        141      0         0                  0                 0                168            0      509       50      0                  5                   0                     0                   0           0
             0                 0          0       0          0             0     149714.100          10    40                       0                 0              0                0                0                    1        141    96        141      0         0                  0                 0                168            0      509       50      0                  5                   0                     0                   0           0
             0                 0          0       0          0             0     153182.700          10    41                       0                 0              0                0                0                    1        141    96        141      0         0                  0                 0                168            0      509       50      0                  5                   0                     0                   0           0
             0                 0          0       0          0             0     156651.300          10    42                       0                 0              0                0                0                    1        141    96        141      0         0                  0                 0                168            0      509       50      0                  5                   0                     0                   0           0
             0                 0          0       0          0             0     160119.900          10    43                       0                 0              0                0                0                    1        141    96        141      0         0                  0                 0                168            0      509       50      0                  5                   0                     0                   0           0
             0                 0          0       0          0             0     163588.500          10    44                       0                 0              0                0                0                    1        141    96        141      0         0                  0                 0                168            0      509       50      0                  5                   0                     0                   0           0
             0                 0          0       0          0             0     167057.100          10    45                       0                 0              0                0                0                    1        141    96        141      0         0                  0                 0                168            0      509       50      0                  5                   0                     0                   0           0
             0                 0          0       0          0             0     170525.700          10    46                       0                 0              0                0                0                    1        141    96        141      0         0                  0                 0                168            0      509       50      0                  5                   0                     0                   0           0
             0                 0          0       0          0             0     173994.300          10    47                       0                 0              0                0                0                    1        141    96        141      0         0                  0                 0                168            0      509       50      0                  5                   0                     0                   0           0
             0                 0          0       0          0             0     177462.900          10    48                       0                 0              0                0                0                    1        141    96        141      0         0                  0                 0                168            0      509       50      0                  5                   0                     0                   0           0
             0                 0          0       0          0             0     180931.500          10    49                       0                 0              0                0                0                    1        141    96        141      0         0                  0                 0                168            0      509       50      0                  5                   0                     0                   0           0
             0                 0          0       0          0             0     184400.100          10    50                       0                 0              0                0                0                    1        141    96        141      0         0                  0                 0                168            0      509       50      0                  5                   0                     0                   0           0
             0                 0          0       0          0             0     187868.700          10    51                       0                 0              0                0                0                    1        141    96        141      0         0                  0                 0                168            0      509       50      0                  5                   0                     0                   0           0
             0                 0          0       0          0             0     191337.300          10    52                       0                 0              0                0                0                    1        141    96        141      0         0                  0                 0                168            0      509       50      0                  5                   0                     0                   0           0
             0                 0          0       0          0             0     194805.900          10    53                       0                 0              0                0                0                    1        141    96        141      0         0                  0                 0                168            0      509       50      0                  5                   0                     0                   0           0
             0                 0          0       0          0             0     198274.500          10    54                       0                 0              0                0                0                    1        141    96        141      0         0                  0                 0                168            0      509       50      0                  5                   0                     0                   0           0
             0                 0          0       0          0             0     201743.100          10    55                       0                 0              0                0                0                    1        141    96        141      0         0                  0                 0                168            0      509       50      0                  5                   0                     0                   0           0
             0                 0          0       0          0             0     205211.700          10    56                       0                 0              0                0                0                    1        141    96        141      0         0                  0                 0                168            0      509       50      0                  5                   0                     0                   0           0
             0                 0          0       0          0             0     208680.300          10    57                       0                 0              0                0                0                    1        141    96        141      0         0                  0                 0                168            0      509       50      0                  5                   0                     0                   0           0
             0                 0          0       0          0             0     212148.900          10    58                       0                 0              0                0                0                    1        141    96        141      0         0                  0                 0                168            0      509       50      0                  5                   0                     0                   0           0
            49                10         43   1.500     30.700      1085.500     222802.600          12    59                       0                 0              0                0                1                    1        155   161        155      7         0                  0                 0                168            0      509       50      0                  6                   0                     0                   0          39
             0                24         26   2.208    119.125      1317.681     234430.560          22    60                       0                 0              0                0                3                    5        205   219        205     22         3                  1                 1                175           46      509       50      0                 11                   0                     0                   0          15
             0                13          4   3.462    193.154       287.086     240643.820          12    61                       0                 0              0                0                0                    1        154   205        154      2        23                  0                 2                174           37      509       50      0                  6                   0                     0                   0           2
             0                 2          0   4.500    272.000        77.500     244568.060          12    62                       0                 0              0                0                0                    1        148   195        148      1         3                  0                 0                170           34      509       50      0                  6                   0                     0                   0           0
             0                 0          0       0          0             0     248184.260          12    63                       0                 0              0                0                0                    1        144   187        144      0         2                  0                 0                170            4      509       50      0                  6                   0                     0                   0           0
             0                 0          0       0          0             0     251726.660          12    64                       0                 0              0                0                0                    1        144   187        144      0         0                  0                 0                170            5      509       50      0                  6                   0                     0                   0           0
             0                 0          0       0          0             0     255269.060          12    65                       0                 0              0                0                0                    1        144   187        144      0         0                  0                 0                170            0      509       50      0                  6                   0                     0                   0           0
             0                 0          0       0          0             0     258811.460          12    66                       0                 0              0                0                0                    1        144   187        144      0         0                  0                 0                170            0      509       50      0                  6                   0                     0                   0           0
             0                 0          0       0          0             0     262353.860          12    67                       0                 0              0                0                0                    1        144   187        144      0         0                  0                 0                170            0      509       50      0                  6                   0                     0                   0           0
             0                 0          0       0          0             0     265896.260          12    68                       0                 0              0                0                0                    1        144   187        144      0         0                  0                 0                170            0      509       50      0                  6                   0                     0                   0           0
             0                 0          0       0          0             0     269438.660          12    69                       0                 0              0                0                0                    1        144   187        144      0         0                  0                 0                170            0      509       50      0                  6                   0                     0                   0           0
             0                 0          0       0          0             0     272981.060          12    70                       0                 0              0                0                0                    1        144   187        144      0         0                  0                 0                170            0      509       50      0                  6                   0                     0                   0           0
             0                 0          0       0          0             0     276523.460          12    71                       0                 0              0                0                0                    1        144   187        144      0         0                  0                 0                170            0      509       50      0                  6                   0                     0                   0           0
             0                 0          0       0          0             0     280065.860          12    72                       0                 0              0                0                0                    1        144   187        144      0         0                  0                 0                170            0      509       50      0                  6                   0                     0                   0           0
             0                 0          0       0          0             0     283608.260          12    73                       0                 0              0                0                0                    1        144   187        144      0         0                  0                 0                170            0      509       50      0                  6                   0                     0                   0           0
             0                 0          0       0          0             0     287150.660          12    74                       0                 0              0                0                0                    1        144   187        144      0         0                  0                 0                170            0      509       50      0                  6                   0                     0                   0           0
             0                 0          0       0          0             0     290693.060          12    75                       0                 0              0                0                0                    1        144   187        144      0         0                  0                 0                170            0      509       50      0                  6                   0                     0                   0           0
             0                 0          0       0          0             0     294235.460          12    76                       0                 0              0                0                0                    1        144   187        144      0         0                  0                 0                170            0      509       50      0                  6                   0                     0                   0           0
             0                 0          0       0          0             0     297777.860          12    77                       0                 0              0                0                0                    1        144   187        144      0         0                  0                 0                170            0      509       50      0                  6                   0                     0                   0           0
             0                 0          0       0          0             0     301320.260          12    78                       0                 0              0                0                0                    1        144   187        144      0         0                  0                 0                170            0      509       50      0                  6                   0                     0                   0           0
             0                 0          0       0          0             0     304862.660          12    79                       0                 0              0                0                0                    1        144   187        144      0         0                  0                 0                170            0      509       50      0                  6                   0                     0                   0           0
             0                 0          0       0          0             0     308405.060          12    80                       0                 0              0                0                0                    1        144   187        144      0         0                  0                 0                170            0      509       50      0                  6                   0                     0                   0           0
             0                 0          0       0          0             0     311947.460          12    81                       0                 0              0                0                0                    1        144   187        144      0         0                  0                 0                170            0      509       50      0                  6                   0                     0                   0           0
             0                 0          0       0          0             0     315489.860          12    82                       0                 0              0                0                0                    1        144   187        144      0         0                  0                 0                170            0      509       50      0                  6                   0                     0                   0           0
             0                 0          0       0          0             0     319032.260          12    83                       0                 0              0                0                0                    1        144   187        144      0         0                  0                 0                170            0      509       50      0                  6                   0                     0                   0           0
             0                 0          0       0          0             0     322574.660          12    84                       0                 0              0                0                0                    1        144   187        144      0         0                  0                 0                170            0      509       50      0                  6                   0                     0                   0           0
             0                 0          0       0          0             0     326117.060          12    85                       0                 0              0                0                0                    1        144   187        144      0         0                  0                 0                170            0      509       50      0                  6                   0                     0                   0           0
             0                 0          0       0          0             0     329659.460          12    86                       0                 0              0                0                0                    1        144   187        144      0         0                  0                 0                170            0      509       50      0                  6                   0                     0                   0           0
             0                 0          0       0          0             0     333201.860          12    87                       0                 0              0                0                0                    1        144   187        144      0         0                  0                 0                170            0      509       50      0                  6                   0                     0                   0           0
             0                 0          0       0          0             0     336744.260          12    88                       0                 0              0                0                0                    1        144   187        144      0         0                  0                 0                170            0      509       50      0                  6                   0                     0                   0           0
             0                 0          0       0          0             0     340286.660          12    89                       0                 0              0                0                0                    1        144   187        144      0         0                  0                 0                170            0      509       50      0                  6                   0                     0                   0           0
             0                 0          0       0          0             0     343829.060          12    90                       0                 0              0                0                0                    1        144   187        144      0         0                  0                 0                170            0      509       50      0                  6                   0                     0                   0           0
             0                 0          0       0          0             0     347371.460          12    91                       0                 0              0                0                0                    1        144   187        144      0         0                  0                 0                170            0      509       50      0                  6                   0                     0                   0           0
             0                 0          0       0          0             0     350913.860          12    92                       0                 0              0                0                0                    1        144   187        144      0         0                  0                 0                170            0      509       50      0                  6                   0                     0                   0           0
             0                 0          0       0          0             0     354456.260          12    93                       0                 0              0                0                0                    1        144   187        144      0         0                  0                 0                170            0      509       50      0                  6                   0                     0                   0           0
             0                 0          0       0          0             0     357998.660          12    94                       0                 0              0                0                0                    1        144   187        144      0         0                  0                 0                170            0      509       50      0                  6                   0                     0                   0           0
             0                 0          0       0          0             0     361541.060          12    95                       0                 0              0                0                0                    1        144   187        144      0         0                  0                 0                170            0      509       50      0                  6                   0                     0                   0           0
             0                 0          0       0          0             0     365083.460          12    96                       0                 0              0                0                0                    1        144   187        144      0         0                  0                 0                170            0      509       50      0                  6                   0                     0                   0           0
             0                 0          0       0          0             0     368625.860          12    97                       0                 0              0                0                0                    1        144   187        144      0         0                  0                 0                170            0      509       50      0                  6                   0                     0                   0           0
             0                 0          0       0          0             0     372168.260          12    98                       0                 0              0                0                0                    1        144   187        144      0         0                  0                 0                170            0      509       50      0                  6                   0                     0                   0           0
             0                 0          0       0          0             0     375710.660          12    99                       0                 0              0                0                0                    1        144   187        144      0         0                  0                 0                170            0      509       50      0                  6                   0                     0                   0           0
#pos runNum=0 0@(1.00000,1.00000)@0 1@(1.10050,1.06271)@590 2@(1.07075,1.09112)@551 3@(1.02948,0.98756)@512 4@(1.15038,0.92138)@1467 5@(1.20295,1.11367)@1394 6@(0.93292,0.90133)@605 7@(1.06487,0.96569)@544 8@(1.05442,0.95930)@554 9@(1.08097,1.26264)@1329 10@(0.89405,0.83072)@1280 11@(1.00061,1.15261)@1230 12@(1.19675,1.31184)@1105 13@(1.14517,1.09449)@1158 14@(1.01427,0.80751)@1163 15@(0.87797,0.70224)@1540 16@(0.91329,1.09213)@563 17@(1.04372,1.19608)@554 18@(0.97894,1.05720)@1102 19@(1.17125,1.28454)@1280 20@(1.20752,1.13104)@1102 21@(1.06968,1.48690)@1870 22@(0.89317,0.90794)@1230 23@(1.21604,1.14427)@1958 24@(1.19438,0.77076)@1536 25@(0.78221,0.87686)@1194 26@(1.22876,1.06192)@1389 27@(0.83822,0.99458)@1230 28@(1.30290,1.14819)@2034 29@(1.00324,1.07447)@1153 30@(0.94884,1.09302)@614 31@(1.12349,1.36711)@1843 32@(1.25877,1.57090)@1909 33@(1.08469,1.11121)@614 34@(0.80320,1.16032)@804 35@(1.30348,1.15255)@2019 36@(1.30365,1.09403)@1148 37@(1.12993,1.32842)@1841 38@(1.38699,0.96835)@1215 39@(1.05142,0.78951)@1280 40@(1.11980,1.22665)@1148 41@(0.95209,1.45132)@1258 42@(0.95095,1.21336)@1156 43@(1.40637,1.29204)@1870 44@(1.10229,1.09609)@1528 45@(1.47054,1.05081)@1397 46@(1.23547,1.33750)@1934 47@(1.10530,0.93551)@1450 48@(1.18631,0.88347)@1726 49@(0.73628,1.38844)@1894
#links runNum=0 5-47@-91dBm@0.744 35-40@-95dBm@0.244 11-18@-87dBm@0.941 30-45@-96dBm@0.093 7-22@-90dBm@0.861 4-11@-91dBm@0.797 33-40@-86dBm@0.953 5-11@-87dBm@0.942 16-44@-93dBm@0.651 2-20@-94dBm@0.380 36-42@-94dBm@0.457 1-13@-86dBm@0.956 7-30@-91dBm@0.772 1-26@-95dBm@0.222 4-7@-88dBm@0.907 36-43@-87dBm@0.940 34-41@-93dBm@0.652 1-11@-90dBm@0.832 17-19@-87dBm@0.943 18-47@-85dBm@0.960 3-8@-88dBm@0.934 33-44@-93dBm@0.640 14-48@-87dBm@0.941 0-6@-89dBm@0.895 15-18@-97dBm@0.050 3-25@-90dBm@0.865 7-20@-87dBm@0.941 31-36@-92dBm@0.700 0-8@-83dBm@0.979 8-22@-92dBm@0.709 18-21@-93dBm@0.563 3-38@-91dBm@0.738 8-29@-84dBm@0.974 23-48@-89dBm@0.866 9-40@-91dBm@0.774 17-41@-91dBm@0.720 19-32@-92dBm@0.704 35-37@-88dBm@0.925 27-40@-97dBm@0.019 7-12@-94dBm@0.449 12-24@-95dBm@0.233 18-44@-96dBm@0.121 14-30@-91dBm@0.742 9-10@-96dBm@0.098 13-26@-96dBm@0.165 11-17@-89dBm@0.870 8-26@-91dBm@0.763 2-6@-89dBm@0.867 6-29@-92dBm@0.667 25-42@-96dBm@0.182 5-21@-93dBm@0.660 22-47@-92dBm@0.707 10-26@-92dBm@0.662 3-47@-92dBm@0.669 20-23@-76dBm@1.000 0-34@-92dBm@0.693 6-22@-79dBm@0.995 19-23@-92dBm@0.670 1-29@-80dBm@0.988 28-45@-90dBm@0.830 3-11@-96dBm@0.090 3-26@-93dBm@0.531 29-33@-88dBm@0.920 17-32@-93dBm@0.643 35-43@-89dBm@0.873 22-40@-94dBm@0.407 25-47@-91dBm@0.746 10-41@-96dBm@0.152 13-33@-83dBm@0.978 13-39@-94dBm@0.427 29-31@-93dBm@0.646 3-20@-94dBm@0.388 3-10@-92dBm@0.665 11-46@-91dBm@0.763 17-38@-97dBm@0.070 41-49@-88dBm@0.903 13-20@-82dBm@0.985 5-46@-97dBm@0.064 41-42@-90dBm@0.846 35-48@-95dBm@0.314 3-24@-93dBm@0.539 2-18@-94dBm@0.374 6-35@-96dBm@0.162 5-38@-95dBm@0.195 0-16@-86dBm@0.955 12-30@-92dBm@0.716 18-42@-93dBm@0.562 3-42@-94dBm@0.340 5-17@-96dBm@0.183 36-46@-89dBm@0.866 7-37@-96dBm@0.169 27-39@-96dBm@0.144 23-46@-96dBm@0.181 4-33@-87dBm@0.946 15-27@-92dBm@0.703 7-34@-97dBm@0.002 8-27@-93dBm@0.647 46-49@-95dBm@0.224 1-9@-90dBm@0.822 7-14@-91dBm@0.722 31-42@-91dBm@0.723 34-42@-86dBm@0.958 5-20@-88dBm@0.922 22-25@-93dBm@0.636 10-22@-91dBm@0.740 7-39@-89dBm@0.886 20-24@-91dBm@0.729 11-39@-94dBm@0.329 6-47@-94dBm@0.442 9-13@-96dBm@0.083 37-46@-92dBm@0.715 7-46@-95dBm@0.201 23-32@-95dBm@0.312 5-13@-91dBm@0.792 14-44@-94dBm@0.366 4-9@-92dBm@0.693 25-27@-96dBm@0.126 0-7@-84dBm@0.971 1-15@-93dBm@0.651 11-47@-92dBm@0.714 7-8@-79dBm@1.000 3-7@-96dBm@0.082 33-36@-93dBm@0.649 9-34@-91dBm@0.742 1-4@-93dBm@0.557 31-34@-92dBm@0.681 17-29@-89dBm@0.900 22-41@-96dBm@0.126 6-14@-88dBm@0.936 0-48@-96dBm@0.098 0-39@-94dBm@0.406 1-2@-90dBm@0.864 2-16@-88dBm@0.937 7-36@-96dBm@0.097 5-42@-93dBm@0.605 16-42@-91dBm@0.723 5-33@-90dBm@0.840 10-47@-93dBm@0.577 34-40@-94dBm@0.399 23-40@-90dBm@0.832 0-1@-89dBm@0.867 11-33@-89dBm@0.867 16-22@-86dBm@0.957 1-5@-93dBm@0.661 34-39@-95dBm@0.244 4-15@-91dBm@0.749 28-35@-82dBm@0.984 5-7@-92dBm@0.709 8-10@-92dBm@0.665 37-41@-91dBm@0.744 2-11@-83dBm@0.978 39-48@-92dBm@0.670 14-22@-90dBm@0.863 18-33@-93dBm@0.523 9-49@-94dBm@0.326 1-44@-92dBm@0.667 13-29@-91dBm@0.742 4-22@-96dBm@0.080 8-24@-90dBm@0.810 1-47@-94dBm@0.339 20-47@-91dBm@0.778 4-47@-79dBm@1.000 37-44@-91dBm@0.742 7-45@-93dBm@0.649 9-12@-93dBm@0.539 31-45@-95dBm@0.307 2-33@-87dBm@0.945 8-47@-88dBm@0.931 37-49@-95dBm@0.221 2-3@-83dBm@0.974 6-15@-93dBm@0.650 18-35@-93dBm@0.655 0-17@-87dBm@0.940 27-29@-96dBm@0.079 6-27@-89dBm@0.866 4-5@-92dBm@0.688 20-43@-89dBm@0.867 36-40@-88dBm@0.935 9-29@-87dBm@0.941 14-24@-93dBm@0.643 9-16@-90dBm@0.816 1-38@-90dBm@0.822 20-35@-81dBm@0.985 12-36@-94dBm@0.403 11-44@-87dBm@0.940 25-30@-90dBm@0.865 5-6@-94dBm@0.521 27-33@-94dBm@0.329 19-40@-88dBm@0.936 34-46@-95dBm@0.236 12-37@-84dBm@0.973 5-35@-89dBm@0.868 1-36@-86dBm@0.951 8-17@-95dBm@0.202 9-33@-84dBm@0.974 24-48@-95dBm@0.225 18-28@-92dBm@0.677 15-25@-89dBm@0.867 26-42@-94dBm@0.387 20-27@-95dBm@0.238 7-18@-84dBm@0.974 14-28@-94dBm@0.514 11-19@-92dBm@0.715 5-28@-89dBm@0.868 30-49@-94dBm@0.415 13-36@-90dBm@0.830 23-45@-94dBm@0.476 22-48@-94dBm@0.446 36-44@-96dBm@0.097 8-14@-92dBm@0.664 39-47@-86dBm@0.958 0-47@-95dBm@0.238 3-4@-89dBm@0.869 1-40@-88dBm@0.927 13-21@-93dBm@0.649 0-44@-96dBm@0.134 29-30@-77dBm@1.000 21-49@-92dBm@0.702 17-18@-87dBm@0.949 11-42@-89dBm@0.868 0-33@-90dBm@0.827 20-31@-93dBm@0.652 1-30@-91dBm@0.727 31-49@-92dBm@0.687 1-3@-93dBm@0.646 16-37@-96dBm@0.097 4-17@-90dBm@0.813 28-36@-83dBm@0.974 1-21@-94dBm@0.416 12-32@-93dBm@0.623 2-17@-88dBm@0.934 3-5@-93dBm@0.642 12-46@-78dBm@1.000 30-31@-96dBm@0.091 23-44@-84dBm@0.974 0-2@-82dBm@0.984 17-26@-91dBm@0.781 35-38@-87dBm@0.944 2-49@-96dBm@0.186 38-47@-94dBm@0.322 5-43@-93dBm@0.536 10-44@-95dBm@0.241 5-25@-94dBm@0.382 5-19@-96dBm@0.110 19-31@-81dBm@0.988 9-42@-90dBm@0.862 4-28@-97dBm@0.053 10-15@-84dBm@0.974 26-49@-96dBm@0.134 33-37@-95dBm@0.203 18-29@-71dBm@1.000 1-8@-97dBm@0.003 44-45@-93dBm@0.523 2-44@-81dBm@0.986 23-35@-84dBm@0.974 18-19@-93dBm@0.586 10-35@-96dBm@0.175 2-4@-91dBm@0.772 9-37@-78dBm@1.000 4-10@-89dBm@0.869 9-21@-88dBm@0.925 5-12@-93dBm@0.657 25-31@-96dBm@0.175 29-39@-94dBm@0.508 4-30@-92dBm@0.662 3-19@-93dBm@0.646 2-12@-88dBm@0.919 0-3@-71dBm@1.000 6-17@-96dBm@0.100 23-30@-93dBm@0.608 3-9@-89dBm@0.868 16-31@-97dBm@0.005 11-40@-84dBm@0.974 16-29@-83dBm@0.977 26-29@-95dBm@0.314 5-40@-84dBm@0.972 3-34@-92dBm@0.712 13-30@-93dBm@0.636 24-39@-84dBm@0.972 12-23@-92dBm@0.698 21-31@-86dBm@0.956 6-39@-85dBm@0.960 1-43@-94dBm@0.451 39-44@-92dBm@0.683 44-48@-89dBm@0.882 4-13@-92dBm@0.690 2-42@-89dBm@0.867 17-40@-85dBm@0.966 11-36@-91dBm@0.754 3-27@-95dBm@0.290 24-42@-96dBm@0.089 0-30@-90dBm@0.820 24-47@-91dBm@0.749 12-35@-94dBm@0.454
#aveChargePerCycle runNum=0 0@458.38 1@373.08 2@316.02 3@431.76 4@1.30 5@101.05 6@205.22 7@256.38 8@205.25 9@79.85 10@27.22 11@77.87 12@131.69 13@1.30 14@79.57 15@3.89 16@53.40 17@181.45 18@52.75 19@78.92 20@125.46 21@1.30 22@52.75 23@1.30 24@2.59 25@1.94 26@1.30 27@1.94 28@1.30 29@1.30 30@104.66 31@1.94 32@1.94 33@112.24 34@77.78 35@1.94 36@26.70 37@1.30 38@1.94 39@25.65 40@1.30 41@51.85 42@27.99 43@1.30 44@1.94 45@1.30 46@1.30 47@1.94 48@2.59 49@1.94