## dioPeriod = 1.0
## burstTimestamp = 20
## minRssi = -97
## numMotes = 50
## otfHousekeepingPeriod = 1.0
## sixtopNoRemoveWorstCell = 0
## simDataDir = simData
## numChans = 16
## slotframeLength = 101
## squareSide = 2.0
## cpuID = 90
## sixtopPdrThreshold = 1.5
## pkPeriod = None
## sixtopHousekeepingPeriod = 1.0
## sixtopNoHousekeeping = 0
## algorithm = otf
## pkPeriodVar = 0.05
## numCyclesPerRun = 100
## startTime = 1502276471.33
## slotDuration = 0.01
## numRuns = 1
## combinationKeys = ['algorithm', 'numMotes', 'otfThreshold']
## numPacketsBurst = 5
## otfThreshold = 1
## noInterference = 0
## gui = False


# appGenerated appReachesDagroot appRelayed aveHops aveLatency aveQueueDelay chargeConsumed collidedTxs cycle droppedAppFailedEnqueue droppedMacRetries droppedNoRoute droppedNoTxCells droppedQueueFull effectiveCollidedTxs numRxCells numTx numTxCells otfAdd otfRemove probableCollisions rplChurnParentSet rplChurnPrefParent rplChurnRank rplRxDIO rplTxDIO runNum scheduleCollisions topRxRelocatedCells topTxRelocatedBundles topTxRelocatedCells txQueueFill
             0                 0          0       0          0             0              0           0     0                       0                 0              0                0                0                    0          0     0          0      0         0                  0                 0                  0            0        0        0      0                  0                   0                     0                   0           0
             0                 0          0       0          0             0       1771.200           8     1                       0                 0              0                0                0                    2        118     0        118    118         0                  0               140                106            9      554       50      0                  4                   0                     0                   0           0
             0                 0          0       0          0             0       4895.400          12     2                       0                 0              0                0                0                    4        128     0        128     10         0                  0                 0                150            0      554       50      0                  6                   0                     0                   0           0
             0                 0          0       0          0             0       8044.200          12     3                       0                 0              0                0                0                    4        128     0        128      0         0                  0                 0                150            0      554       50      0                  6                   0                     0                   0           0
             0                 0          0       0          0             0      11193.000          12     4                       0                 0              0                0                0                    4        128     0        128      0         0                  0                 0                150            0      554       50      0                  6                   0                     0                   0           0
             0                 0          0       0          0             0      14341.800          12     5                       0                 0              0                0                0                    4        128     0        128      0         0                  0                 0                150            0      554       50      0                  6                   0                     0                   0           0
             0                 0          0       0          0             0      17490.600          12     6                       0                 0              0                0                0                    4        128     0        128      0         0                  0                 0                150            0      554       50      0                  6                   0                     0                   0           0
             0                 0          0       0          0             0      20639.400          12     7                       0                 0              0                0                0                    4        128     0        128      0         0                  0                 0                150            0      554       50      0                  6                   0                     0                   0           0
             0                 0          0       0          0             0      23788.200          12     8                       0                 0              0                0                0                    4        128     0        128      0         0                  0                 0                150            0      554       50      0                  6                   0                     0                   0           0
             0                 0          0       0          0             0      26937.000          12     9                       0                 0              0                0                0                    4        128     0        128      0         0                  0                 0                150            0      554       50      0                  6                   0                     0                   0           0
             0                 0          0       0          0             0      30085.800          12    10                       0                 0              0                0                0                    4        128     0        128      0         0                  0                 0                150            0      554       50      0                  6                   0                     0                   0           0
             0                 0          0       0          0             0      33234.600          12    11                       0                 0              0                0                0                    4        128     0        128      0         0                  0                 0                150            0      554       50      0                  6                   0                     0                   0           0
             0                 0          0       0          0             0      36383.400          12    12                       0                 0              0                0                0                    4        128     0        128      0         0                  0                 0                150            0      554       50      0                  6                   0                     0                   0           0
             0                 0          0       0          0             0      39532.200          12    13                       0                 0              0                0                0                    4        128     0        128      0         0                  0                 0                150            0      554       50      0                  6                   0                     0                   0           0
             0                 0          0       0          0             0      42681.000          12    14                       0                 0              0                0                0                    4        128     0        128      0         0                  0                 0                150            0      554       50      0                  6                   0                     0                   0           0
             0                 0          0       0          0             0      45829.800          12    15                       0                 0              0                0                0                    4        128     0        128      0         0                  0                 0                150            0      554       50      0                  6                   0                     0                   0           0
             0                 0          0       0          0             0      48978.600          12    16                       0                 0              0                0                0                    4        128     0        128      0         0                  0                 0                150            0      554       50      0                  6                   0                     0                   0           0
             0                 0          0       0          0             0      52127.400          12    17                       0                 0              0                0                0                    4        128     0        128      0         0                  0                 0                150            0      554       50      0                  6                   0                     0                   0           0
             0                 0          0       0          0             0      55276.200          12    18                       0                 0              0                0                0                    4        128     0        128      0         0                  0                 0                150            0      554       50      0                  6                   0                     0                   0           0
            49                 5          9   1.000     10.200       144.000      60502.800          15    19                       0                 0              0                0                0                    6        140    20        140      6         0                  0                 0                150            0      554       50      0                  8                   0                     0                   0          44
             0                23         51   1.957     86.391      2047.783      73876.880          22    20                       0                 0              0                0                0                    9        211   101        211     28         4                  2                 5                151           21      554       50      0                 11                   0                     0                   0          21
             0                19          7   3.105    151.947       492.524      82067.700          14    21                       0                 0              0                0                0                    5        160   106        160      7        22                  0                 9                151           43      554       50      0                  7                   1                     0                   0           2
             0                 2          3   5.000    286.500       190.500      86490.900          12    22                       0                 0              0                0                0                    4        152   101        152      4         7                  0                 2                146           26      554       50      0                  6                   0                     0                   0           0
             0                 0          0       0          0             0      90057.900          10    23                       0                 0              0                0                0                    3        141    94        141      0         3                  0                 2                145           19      554       50      0                  5                   0                     0                   0           0
             0                 0          0       0          0             0      93526.500          10    24                       0                 0              0                0                0                    3        139    91        139      0         1                  0                 0                150            9      554       50      0                  5                   0                     0                   0           0
             0                 0          0       0          0             0      96945.900          10    25                       0                 0              0                0                0                    3        139    91        139      0         0                  0                 0                148            7      554       50      0                  5                   0                     0                   0           0
             0                 0          0       0          0             0     100365.300          10    26                       0                 0              0                0                0                    3        139    91        139      0         0                  0                 0                148            0      554       50      0                  5                   0                     0                   0           0
             0                 0          0       0          0             0     103784.700          10    27                       0                 0              0                0                0                    3        139    91        139      0         0                  0                 0                148            0      554       50      0                  5                   0                     0                   0           0
             0                 0          0       0          0             0     107204.100          10    28                       0                 0              0                0                0                    3        139    91        139      0         0                  0                 0                148            0      554       50      0                  5                   0                     0                   0           0
             0                 0          0       0          0             0     110623.500          10    29                       0                 0              0                0                0                    3        139    91        139      0         0                  0                 0                148            0      554       50      0                  5                   0                     0                   0           0
             0                 0          0       0          0             0     114042.900          10    30                       0                 0              0                0                0                    3        139    91        139      0         0                  0                 0                148            0      554       50      0                  5                   0                     0                   0           0
             0                 0          0       0          0             0     117462.300          10    31                       0                 0              0                0                0                    3        139    91        139      0         0                  0                 0                148            0      554       50      0                  5                   0                     0                   0           0
             0                 0          0       0          0             0     120881.700          10    32                       0                 0              0                0                0                    3        139    91        139      0         0                  0                 0                148            0      554       50      0                  5                   0                     0                   0           0
             0                 0          0       0          0             0     124301.100          10    33                       0                 0              0                0                0                    3        139    91        139      0         0                  0                 0                148            0      554       50      0                  5                   0                     0                   0           0
             0                 0          0       0          0             0     127720.500          10    34                       0                 0              0                0                0                    3        139    91        139      0         0                  0                 0                148            0      554       50      0                  5                   0                     0                   0           0
             0                 0          0       0          0             0     131139.900          10    35                       0                 0              0                0                0                    3        139    91        139      0         0                  0                 0                148            0      554       50      0                  5                   0                     0                   0           0
             0                 0          0       0          0             0     134559.300          10    36                       0                 0              0                0                0                    3        139    91        139      0         0                  0                 0                148            0      554       50      0                  5                   0                     0                   0           0
             0                 0          0       0          0             0     137978.700          10    37                       0                 0              0                0                0                    3        139    91        139      0         0                  0                 0                148            0      554       50      0                  5                   0                     0                   0           0
             0                 0          0       0          0             0     141398.100          10    38                       0                 0              0                0                0                    3        139    91        139      0         0                  0                 0                148            0      554       50      0                  5                   0                     0                   0           0
             0                 0          0       0          0             0     144817.500          10    39                       0                 0              0                0                0                    3        139    91        139      0         0                  0                 0                148            0      554       50      0                  5                   0                     0                   0           0
             0                 0          0       0          0             0     148236.900          10    40                       0                 0              0                0                0                    3        139    91        139      0         0                  0                 0                148            0      554       50      0                  5                   0                     0                   0           0
             0                 0          0       0          0             0     151656.300          10    41                       0                 0              0                0                0                    3        139    91        139      0         0                  0                 0                148            0      554       50      0                  5                   0                     0                   0           0
             0                 0          0       0          0             0     155075.700          10    42                       0                 0              0                0                0                    3        139    91        139      0         0                  0                 0                148            0      554       50      0                  5                   0                     0                   0           0
             0                 0          0       0          0             0     158495.100          10    43                       0                 0              0                0                0                    3        139    91        139      0         0                  0                 0                148            0      554       50      0                  5                   0                     0                   0           0
             0                 0          0       0          0             0     161914.500          10    44                       0                 0              0                0                0                    3        139    91        139      0         0                  0                 0                148            0      554       50      0                  5                   0                     0                   0           0
             0                 0          0       0          0             0     165333.900          10    45                       0                 0              0                0                0                    3        139    91        139      0         0                  0                 0                148            0      554       50      0                  5                   0                     0                   0           0
             0                 0          0       0          0             0     168753.300          10    46                       0                 0              0                0                0                    3        139    91        139      0         0                  0                 0                148            0      554       50      0                  5                   0                     0                   0           0
             0                 0          0       0          0             0     172172.700          10    47                       0                 0              0                0                0                    3        139    91        139      0         0                  0                 0                148            0      554       50      0                  5                   0                     0                   0           0
             0                 0          0       0          0             0     175592.100          10    48                       0                 0              0                0                0                    3        139    91        139      0         0                  0                 0                148            0      554       50      0                  5                   0                     0                   0           0
             0                 0          0       0          0             0     179011.500          10    49                       0                 0              0                0                0                    3        139    91        139      0         0                  0                 0                148            0      554       50      0                  5                   0                     0                   0           0
             0                 0          0       0          0             0     182430.900          10    50                       0                 0              0                0                0                    3        139    91        139      0         0                  0                 0                148            0      554       50      0                  5                   0                     0                   0           0
             0                 0          0       0          0             0     185850.300          10    51                       0                 0              0                0                0                    3        139    91        139      0         0                  0                 0                148            0      554       50      0                  5                   0                     0                   0           0
             0                 0          0       0          0             0     189269.700          10    52                       0                 0              0                0                0                    3        139    91        139      0         0                  0                 0                148            0      554       50      0                  5                   0                     0                   0           0
             0                 0          0       0          0             0     192689.100          10    53                       0                 0              0                0                0                    3        139    91        139      0         0                  0                 0                148            0      554       50      0                  5                   0                     0                   0           0
             0                 0          0       0          0             0     196108.500          10    54                       0                 0              0                0                0                    3        139    91        139      0         0                  0                 0                148            0      554       50      0                  5                   0                     0                   0           0
             0                 0          0       0          0             0     199527.900          10    55                       0                 0              0                0                0                    3        139    91        139      0         0                  0                 0                148            0      554       50      0                  5                   0                     0                   0           0
             0                 0          0       0          0             0     202947.300          10    56                       0                 0              0                0                0                    3        139    91        139      0         0                  0                 0                148            0      554       50      0                  5                   0                     0                   0           0
             0                 0          0       0          0             0     206366.700          10    57                       0                 0              0                0                0                    3        139    91        139      0         0                  0                 0                148            0      554       50      0                  5                   0                     0                   0           0
             0                 0          0       0          0             0     209786.100          10    58                       0                 0              0                0                0                    3        139    91        139      0         0                  0                 0                148            0      554       50      0                  5                   0                     0                   0           0
            49                13         43   1.462     37.231      1082.500     220779.080          17    59                       0                 0              0                0                0                    6        173   160        173     16         0                  2                 0                148            0      554       50      0                  9                   0                     0                   0          36
             0                22         23   2.500    114.136      1262.381     230810.560          18    60                       0                 0              0                0                0                    8        181   200        181     13        10                  0                 2                155           44      554       50      0                  9                   1                     0                   0          14
             0                12          5   3.167    200.667       566.060     236590.000          10    61                       0                 0              0                0                0                    4        152   201        152      4         9                  0                 7                157           40      554       50      0                  5                   2                     0                   0           2
             0                 2          0   4.000    305.500        82.000     240465.040          10    62                       0                 0              0                0                0                    4        146   189        146      1         3                  0                 0                160           21      554       50      0                  5                   0                     0                   0           0
             0                 0          0       0          0             0     243982.840          12    63                       0                 0              0                0                0                    4        142   176        142      2         3                  0                 3                158           16      554       50      0                  6                   0                     0                   0           0
             0                 0          0       0          0             0     247500.640          12    64                       0                 0              0                0                0                    4        146   176        146      2         0                  0                 1                158            9      554       50      0                  6                   0                     0                   0           0
             0                 0          0       0          0             0     251043.040          12    65                       0                 0              0                0                0                    4        144   176        144      0         0                  0                 1                158            0      554       50      0                  6                   0                     0                   0           0
             0                 0          0       0          0             0     254585.440          12    66                       0                 0              0                0                0                    4        144   176        144      0         0                  0                 0                158            0      554       50      0                  6                   0                     0                   0           0
             0                 0          0       0          0             0     258127.840          12    67                       0                 0              0                0                0                    4        144   176        144      0         0                  0                 0                158            0      554       50      0                  6                   0                     0                   0           0
             0                 0          0       0          0             0     261670.240          12    68                       0                 0              0                0                0                    4        144   176        144      0         0                  0                 0                158            0      554       50      0                  6                   0                     0                   0           0
             0                 0          0       0          0             0     265212.640          12    69                       0                 0              0                0                0                    4        144   176        144      0         0                  0                 0                158            0      554       50      0                  6                   0                     0                   0           0
             0                 0          0       0          0             0     268755.040          12    70                       0                 0              0                0                0                    4        144   176        144      0         0                  0                 0                158            0      554       50      0                  6                   0                     0                   0           0
             0                 0          0       0          0             0     272297.440          12    71                       0                 0              0                0                0                    4        144   176        144      0         0                  0                 0                158            0      554       50      0                  6                   0                     0                   0           0
             0                 0          0       0          0             0     275839.840          12    72                       0                 0              0                0                0                    4        144   176        144      0         0                  0                 0                158            0      554       50      0                  6                   0                     0                   0           0
             0                 0          0       0          0             0     279382.240          12    73                       0                 0              0                0                0                    4        144   176        144      0         0                  0                 0                158            0      554       50      0                  6                   0                     0                   0           0
             0                 0          0       0          0             0     282924.640          12    74                       0                 0              0                0                0                    4        144   176        144      0         0                  0                 0                158            0      554       50      0                  6                   0                     0                   0           0
             0                 0          0       0          0             0     286467.040          12    75                       0                 0              0                0                0                    4        144   176        144      0         0                  0                 0                158            0      554       50      0                  6                   0                     0                   0           0
             0                 0          0       0          0             0     290009.440          12    76                       0                 0              0                0                0                    4        144   176        144      0         0                  0                 0                158            0      554       50      0                  6                   0                     0                   0           0
             0                 0          0       0          0             0     293551.840          12    77                       0                 0              0                0                0                    4        144   176        144      0         0                  0                 0                158            0      554       50      0                  6                   0                     0                   0           0
             0                 0          0       0          0             0     297094.240          12    78                       0                 0              0                0                0                    4        144   176        144      0         0                  0                 0                158            0      554       50      0                  6                   0                     0                   0           0
             0                 0          0       0          0             0     300636.640          12    79                       0                 0              0                0                0                    4        144   176        144      0         0                  0                 0                158            0      554       50      0                  6                   0                     0                   0           0
             0                 0          0       0          0             0     304179.040          12    80                       0                 0              0                0                0                    4        144   176        144      0         0                  0                 0                158            0      554       50      0                  6                   0                     0                   0           0
             0                 0          0       0          0             0     307721.440          12    81                       0                 0              0                0                0                    4        144   176        144      0         0                  0                 0                158            0      554       50      0                  6                   0                     0                   0           0
             0                 0          0       0          0             0     311263.840          12    82                       0                 0              0                0                0                    4        144   176        144      0         0                  0                 0                158            0      554       50      0                  6                   0                     0                   0           0
             0                 0          0       0          0             0     314806.240          12    83                       0                 0              0                0                0                    4        144   176        144      0         0                  0                 0                158            0      554       50      0                  6                   0                     0                   0           0
             0                 0          0       0          0             0     318348.640          12    84                       0                 0              0                0                0                    4        144   176        144      0         0                  0                 0                158            0      554       50      0                  6                   0                     0                   0           0
             0                 0          0       0          0             0     321891.040          12    85                       0                 0              0                0                0                    4        144   176        144      0         0                  0                 0                158            0      554       50      0                  6                   0                     0                   0           0
             0                 0          0       0          0             0     325433.440          12    86                       0                 0              0                0                0                    4        144   176        144      0         0                  0                 0                158            0      554       50      0                  6                   0                     0                   0           0
             0                 0          0       0          0             0     328975.840          12    87                       0                 0              0                0                0                    4        144   176        144      0         0                  0                 0                158            0      554       50      0                  6                   0                     0                   0           0
             0                 0          0       0          0             0     332518.240          12    88                       0                 0              0                0                0                    4        144   176        144      0         0                  0                 0                158            0      554       50      0                  6                   0                     0                   0           0
             0                 0          0       0          0             0     336060.640          12    89                       0                 0              0                0                0                    4        144   176        144      0         0                  0                 0                158            0      554       50      0                  6                   0                     0                   0           0
             0                 0          0       0          0             0     339603.040          12    90                       0                 0              0                0                0                    4        144   176        144      0         0                  0                 0                158            0      554       50      0                  6                   0                     0                   0           0
             0                 0          0       0          0             0     343145.440          12    91                       0                 0              0                0                0                    4        144   176        144      0         0                  0                 0                158            0      554       50      0                  6                   0                     0                   0           0
             0                 0          0       0          0             0     346687.840          12    92                       0                 0              0                0                0                    4        144   176        144      0         0                  0                 0                158            0      554       50      0                  6                   0                     0                   0           0
             0                 0          0       0          0             0     350230.240          12    93                       0                 0              0                0                0                    4        144   176        144      0         0                  0                 0                158            0      554       50      0                  6                   0                     0                   0           0
             0                 0          0       0          0             0     353772.640          12    94                       0                 0              0                0                0                    4        144   176        144      0         0                  0                 0                158            0      554       50      0                  6                   0                     0                   0           0
             0                 0          0       0          0             0     357315.040          12    95                       0                 0              0                0                0                    4        144   176        144      0         0                  0                 0                158            0      554       50      0                  6                   0                     0                   0           0
             0                 0          0       0          0             0     360857.440          12    96                       0                 0              0                0                0                    4        144   176        144      0         0                  0                 0                158            0      554       50      0                  6                   0                     0                   0           0
             0                 0          0       0          0             0     364399.840          12    97                       0                 0              0                0                0                    4        144   176        144      0         0                  0                 0                158            0      554       50      0                  6                   0                     0                   0           0
             0                 0          0       0          0             0     367942.240          12    98                       0                 0              0                0                0                    4        144   176        144      0         0                  0                 0                158            0      554       50      0                  6                   0                     0                   0           0
             0                 0          0       0          0             0     371484.640          12    99                       0                 0              0                0                0                    4        144   176        144      0         0                  0                 0                158            0      554       50      0                  6                   0                     0                   0           0
#pos runNum=0 0@(1.00000,1.00000)@0 1@(0.89938,1.18379)@877 2@(0.98367,1.08790)@548 3@(0.88010,1.08080)@554 4@(0.78350,1.13325)@558 5@(0.87682,1.00559)@558 6@(0.86646,0.96885)@1183 7@(0.83276,1.06403)@1236 8@(0.87642,1.06511)@551 9@(0.97446,1.11327)@590 10@(0.84903,0.96806)@1435 11@(0.87901,1.19552)@1389 12@(0.88433,1.26015)@1255 13@(0.90404,0.96272)@558 14@(1.00144,0.94124)@512 15@(1.02299,1.18372)@1106 16@(0.91363,1.08069)@1279 17@(0.81548,1.06291)@1517 18@(0.85828,1.35912)@1179 19@(1.14259,1.15748)@1106 20@(0.78381,1.23537)@1279 21@(0.88919,1.30825)@1492 22@(0.54973,1.25529)@1904 23@(0.75581,0.94841)@1262 24@(1.00726,1.29066)@1491 25@(1.00036,1.30211)@1502 26@(0.74903,1.21203)@1117 27@(0.91679,1.11209)@1126 28@(0.97095,1.10587)@1060 29@(0.89593,0.75929)@1126 30@(0.73632,1.41480)@1411 31@(1.00220,1.17207)@1122 32@(0.71104,0.98534)@1172 33@(1.10332,0.91053)@554 34@(0.74474,1.13491)@1070 35@(0.97767,1.36980)@1294 36@(1.10386,1.25447)@1517 37@(0.96397,0.93051)@1358 38@(0.84240,0.98394)@1830 39@(0.77850,0.81159)@1255 40@(0.75791,1.24198)@853 41@(0.83444,0.91863)@640 42@(0.70500,1.24136)@1431 43@(1.04780,1.16633)@1517 44@(1.00834,1.15787)@548 45@(0.98609,1.48212)@2264 46@(0.71587,1.10473)@1272 47@(1.03758,1.34744)@1492 48@(0.51734,1.16936)@2193 49@(1.01727,1.52026)@2193
#links runNum=0 11-35@-91dBm@0.795 1-10@-87dBm@0.939 23-43@-92dBm@0.698 0-14@-78dBm@1.000 11-18@-95dBm@0.200 4-11@-87dBm@0.946 20-40@-89dBm@0.869 5-11@-96dBm@0.113 2-43@-87dBm@0.947 35-43@-94dBm@0.431 2-20@-91dBm@0.791 19-47@-91dBm@0.795 9-36@-89dBm@0.868 14-29@-90dBm@0.819 9-43@-82dBm@0.985 3-47@-93dBm@0.564 12-20@-90dBm@0.862 40-46@-84dBm@0.972 1-11@-70dBm@1.000 12-45@-93dBm@0.636 3-8@-72dBm@1.000 29-38@-90dBm@0.819 29-32@-89dBm@0.866 31-37@-96dBm@0.167 3-21@-93dBm@0.646 15-34@-93dBm@0.557 27-34@-95dBm@0.256 14-41@-85dBm@0.960 2-14@-87dBm@0.944 29-41@-87dBm@0.943 19-21@-93dBm@0.637 3-38@-94dBm@0.358 21-34@-93dBm@0.597 10-38@-84dBm@0.969 27-44@-91dBm@0.728 11-25@-86dBm@0.958 16-28@-77dBm@1.000 19-32@-97dBm@0.044 21-24@-87dBm@0.939 0-41@-89dBm@0.866 36-42@-96dBm@0.088 6-7@-86dBm@0.953 27-46@-97dBm@0.003 28-45@-96dBm@0.094 1-17@-90dBm@0.864 12-30@-96dBm@0.171 9-10@-92dBm@0.670 7-23@-83dBm@0.974 25-47@-76dBm@1.000 15-45@-97dBm@0.060 4-30@-93dBm@0.648 8-18@-91dBm@0.723 3-34@-95dBm@0.300 8-38@-96dBm@0.189 34-35@-96dBm@0.083 4-23@-91dBm@0.745 15-28@-84dBm@0.974 2-13@-89dBm@0.883 1-26@-96dBm@0.128 20-26@-82dBm@0.985 11-19@-96dBm@0.185 13-20@-91dBm@0.749 12-40@-91dBm@0.728 22-45@-94dBm@0.326 14-17@-92dBm@0.682 21-42@-91dBm@0.754 1-29@-93dBm@0.581 33-47@-96dBm@0.114 25-44@-86dBm@0.958 5-10@-83dBm@0.974 25-35@-80dBm@0.993 0-20@-97dBm@0.024 25-36@-95dBm@0.286 12-38@-92dBm@0.714 10-41@-81dBm@0.988 13-33@-95dBm@0.297 6-38@-91dBm@0.739 14-32@-95dBm@0.242 26-42@-77dBm@1.000 1-49@-97dBm@0.031 7-25@-95dBm@0.289 32-37@-91dBm@0.745 6-23@-88dBm@0.933 28-40@-92dBm@0.714 12-43@-87dBm@0.938 8-15@-87dBm@0.947 3-16@-74dBm@1.000 6-34@-87dBm@0.942 36-43@-93dBm@0.553 11-28@-95dBm@0.232 1-28@-95dBm@0.201 31-45@-95dBm@0.219 17-22@-97dBm@0.054 0-16@-95dBm@0.280 6-10@-91dBm@0.758 3-42@-93dBm@0.657 6-21@-95dBm@0.201 13-19@-94dBm@0.395 14-18@-95dBm@0.290 25-43@-93dBm@0.636 9-12@-89dBm@0.883 10-13@-75dBm@1.000 13-29@-97dBm@0.024 18-30@-86dBm@0.953 6-26@-95dBm@0.216 7-34@-89dBm@0.868 17-34@-80dBm@0.989 8-9@-93dBm@0.635 16-31@-92dBm@0.676 11-42@-89dBm@0.870 45-49@-76dBm@1.000 2-9@-96dBm@0.136 8-39@-92dBm@0.701 4-34@-74dBm@1.000 10-37@-84dBm@0.974 5-29@-95dBm@0.253 3-27@-96dBm@0.186 2-19@-87dBm@0.938 8-20@-90dBm@0.821 9-16@-96dBm@0.150 5-44@-88dBm@0.917 4-40@-89dBm@0.867 10-46@-96dBm@0.184 21-30@-88dBm@0.936 7-46@-93dBm@0.650 7-45@-96dBm@0.171 16-43@-87dBm@0.942 20-48@-94dBm@0.489 5-14@-94dBm@0.452 7-39@-97dBm@0.041 22-46@-97dBm@0.042 26-31@-95dBm@0.217 12-31@-88dBm@0.933 14-37@-73dBm@1.000 0-9@-90dBm@0.864 3-7@-90dBm@0.841 8-11@-91dBm@0.732 3-31@-89dBm@0.901 1-42@-95dBm@0.297 24-43@-94dBm@0.403 9-33@-94dBm@0.521 4-36@-95dBm@0.295 24-47@-93dBm@0.642 1-2@-90dBm@0.864 6-14@-90dBm@0.842 4-45@-94dBm@0.342 2-15@-88dBm@0.925 1-24@-90dBm@0.855 7-8@-80dBm@0.989 21-26@-97dBm@0.052 8-32@-94dBm@0.457 10-33@-92dBm@0.697 13-17@-89dBm@0.869 0-1@-93dBm@0.572 18-23@-94dBm@0.345 1-5@-87dBm@0.946 5-34@-87dBm@0.942 35-47@-88dBm@0.917 4-15@-95dBm@0.314 23-39@-92dBm@0.679 15-31@-88dBm@0.914 5-7@-93dBm@0.576 14-28@-93dBm@0.642 2-11@-87dBm@0.949 15-43@-80dBm@0.993 18-47@-88dBm@0.934 11-22@-92dBm@0.694 4-17@-88dBm@0.935 11-21@-88dBm@0.912 32-45@-97dBm@0.030 47-49@-85dBm@0.959 0-40@-93dBm@0.655 23-26@-91dBm@0.737 0-8@-84dBm@0.969 9-46@-90dBm@0.864 3-26@-88dBm@0.910 10-19@-95dBm@0.204 1-4@-87dBm@0.938 32-33@-95dBm@0.251 3-6@-91dBm@0.787 40-49@-92dBm@0.686 8-12@-91dBm@0.742 13-16@-92dBm@0.713 10-16@-90dBm@0.865 2-3@-88dBm@0.933 25-27@-96dBm@0.099 41-47@-94dBm@0.326 24-28@-90dBm@0.864 18-35@-84dBm@0.974 7-24@-90dBm@0.862 12-17@-93dBm@0.656 9-15@-91dBm@0.764 2-41@-89dBm@0.900 27-39@-93dBm@0.606 4-27@-94dBm@0.380 12-24@-97dBm@0.052 15-30@-91dBm@0.720 16-33@-91dBm@0.773 8-23@-92dBm@0.672 5-38@-96dBm@0.158 11-23@-94dBm@0.418 14-47@-94dBm@0.446 11-37@-89dBm@0.866 13-14@-89dBm@0.900 4-24@-90dBm@0.855 31-40@-94dBm@0.330 12-47@-85dBm@0.959 28-44@-85dBm@0.965 1-25@-89dBm@0.868 10-29@-88dBm@0.928 2-28@-76dBm@1.000 20-22@-90dBm@0.812 1-36@-89dBm@0.887 20-28@-88dBm@0.933 22-40@-89dBm@0.867 24-40@-91dBm@0.765 15-21@-86dBm@0.958 7-17@-74dBm@1.000 7-18@-90dBm@0.834 28-36@-89dBm@0.896 23-48@-93dBm@0.570 46-48@-89dBm@0.894 7-29@-95dBm@0.233 34-46@-79dBm@1.000 20-34@-89dBm@0.894 2-16@-91dBm@0.723 13-43@-93dBm@0.651 0-13@-88dBm@0.937 27-43@-96dBm@0.142 12-25@-92dBm@0.703 10-12@-91dBm@0.727 9-35@-91dBm@0.737 42-43@-97dBm@0.058 0-44@-87dBm@0.945 33-43@-95dBm@0.317 26-40@-94dBm@0.335 5-37@-88dBm@0.933 12-41@-96dBm@0.133 0-33@-86dBm@0.957 9-28@-87dBm@0.943 1-12@-93dBm@0.589 0-3@-84dBm@0.974 11-12@-94dBm@0.438 1-3@-84dBm@0.968 28-31@-82dBm@0.984 4-31@-88dBm@0.935 32-40@-92dBm@0.694 0-5@-84dBm@0.971 23-28@-91dBm@0.775 31-48@-95dBm@0.207 18-31@-90dBm@0.841 24-25@-92dBm@0.703 1-21@-96dBm@0.160 2-17@-94dBm@0.448 11-45@-91dBm@0.729 21-35@-84dBm@0.974 30-35@-95dBm@0.247 10-39@-89dBm@0.888 12-19@-89dBm@0.866 7-28@-90dBm@0.858 38-43@-97dBm@0.036 0-2@-87dBm@0.945 44-47@-93dBm@0.539 5-32@-89dBm@0.866 3-23@-94dBm@0.342 10-32@-93dBm@0.652 11-48@-92dBm@0.663 35-36@-96dBm@0.181 0-4@-88dBm@0.902 11-44@-85dBm@0.965 6-42@-95dBm@0.202 3-18@-89dBm@0.872 16-29@-93dBm@0.649 5-36@-93dBm@0.540 12-49@-92dBm@0.666 17-35@-95dBm@0.283 36-46@-97dBm@0.007 5-19@-92dBm@0.714 18-24@-95dBm@0.236 16-27@-85dBm@0.960 22-47@-96dBm@0.152 33-38@-90dBm@0.865 17-27@-95dBm@0.318 7-27@-86dBm@0.956 5-9@-94dBm@0.404 1-8@-88dBm@0.915 4-20@-92dBm@0.668 5-24@-91dBm@0.795 13-32@-91dBm@0.783 18-19@-93dBm@0.656 7-33@-90dBm@0.828 17-19@-91dBm@0.733 9-37@-92dBm@0.685 12-15@-92dBm@0.703 31-43@-96dBm@0.131 4-33@-93dBm@0.648 26-27@-94dBm@0.405 20-30@-87dBm@0.946 39-46@-91dBm@0.799 31-44@-86dBm@0.949 29-39@-83dBm@0.976 5-6@-90dBm@0.865 10-35@-93dBm@0.652 25-45@-87dBm@0.939 9-14@-87dBm@0.942 26-30@-96dBm@0.173 21-23@-96dBm@0.096 2-12@-92dBm@0.684 5-8@-96dBm@0.142 2-5@-85dBm@0.960 30-42@-90dBm@0.865 31-47@-89dBm@0.868 15-27@-92dBm@0.700 3-9@-85dBm@0.962 24-31@-90dBm@0.864 12-22@-93dBm@0.534 12-16@-94dBm@0.505 18-43@-91dBm@0.791 1-6@-94dBm@0.515 6-16@-96dBm@0.144 7-35@-94dBm@0.399 13-27@-87dBm@0.939 24-36@-90dBm@0.862 3-37@-92dBm@0.673 26-32@-88dBm@0.910 1-43@-90dBm@0.816 17-36@-92dBm@0.685 2-4@-91dBm@0.722 27-49@-96dBm@0.112 7-14@-97dBm@0.074 3-14@-95dBm@0.268 15-16@-89dBm@0.893 29-37@-86dBm@0.955 6-32@-93dBm@0.549
#aveChargePerCycle runNum=0 0@474.13 1@204.48 2@408.63 3@308.83 4@292.80 5@227.76 6@1.30 7@75.69 8@241.12 9@231.95 10@25.65 11@52.10 12@129.57 13@99.39 14@249.94 15@55.74 16@1.30 17@1.30 18@50.68 19@50.41 20@52.10 21@1.94 22@1.30 23@25.40 24@1.30 25@1.94 26@27.22 27@26.05 28@26.05 29@51.58 30@11.63 31@1.30 32@1.30 33@45.21 34@26.58 35@2.59 36@2.59 37@1.30 38@1.94 39@1.94 40@78.74 41@26.58 42@1.94 43@1.30 44@72.46 45@1.94 46@2.59 47@31.88 48@1.94 49@1.94