## dioPeriod = 1.0
## burstTimestamp = 20
## minRssi = -97
## numMotes = 50
## otfHousekeepingPeriod = 1.0
## sixtopNoRemoveWorstCell = 0
## simDataDir = simData
## numChans = 16
## slotframeLength = 101
## squareSide = 2.0
## cpuID = 31
## sixtopPdrThreshold = 1.5
## pkPeriod = None
## sixtopHousekeepingPeriod = 1.0
## sixtopNoHousekeeping = 0
## algorithm = otf
## pkPeriodVar = 0.05
## numCyclesPerRun = 100
## startTime = 1502276471.27
## slotDuration = 0.01
## numRuns = 1
## combinationKeys = ['algorithm', 'numMotes', 'otfThreshold']
## numPacketsBurst = 5
## otfThreshold = 1
## noInterference = 0
## gui = False


# appGenerated appReachesDagroot appRelayed aveHops aveLatency aveQueueDelay chargeConsumed collidedTxs cycle droppedAppFailedEnqueue droppedMacRetries droppedNoRoute droppedNoTxCells droppedQueueFull effectiveCollidedTxs numRxCells numTx numTxCells otfAdd otfRemove probableCollisions rplChurnParentSet rplChurnPrefParent rplChurnRank rplRxDIO rplTxDIO runNum scheduleCollisions topRxRelocatedCells topTxRelocatedBundles topTxRelocatedCells txQueueFill
             0                 0          0       0          0             0              0           0     0                       0                 0              0                0                0                    0          0     0          0      0         0                  0                 0                  0            0        0        0      0                  0                   0                     0                   0           0
             0                 0          0       0          0             0       1648.200           6     1                       0                 0              0                0                0                    4        114     0        114    114         0                  0               144                120            6      518       50      0                  3                   0                     0                   0           0
             0                 0          0       0          0             0       4797.000          10     2                       0                 0              0                0                0                    5        128     0        128     14         0                  0                 0                163            2      518       50      0                  5                   0                     0                   0           0
             0                 0          0       0          0             0       7945.800          10     3                       0                 0              0                0                0                    5        128     0        128      0         0                  0                 0                159            0      518       50      0                  5                   0                     0                   0           0
             0                 0          0       0          0             0      11094.600          10     4                       0                 0              0                0                0                    5        128     0        128      0         0                  0                 0                159            0      518       50      0                  5                   0                     0                   0           0
             0                 0          0       0          0             0      14243.400          10     5                       0                 0              0                0                0                    5        128     0        128      0         0                  0                 0                159            0      518       50      0                  5                   0                     0                   0           0
             0                 0          0       0          0             0      17392.200          10     6                       0                 0              0                0                0                    5        128     0        128      0         0                  0                 0                159            0      518       50      0                  5                   0                     0                   0           0
             0                 0          0       0          0             0      20541.000          10     7                       0                 0              0                0                0                    5        128     0        128      0         0                  0                 0                159            0      518       50      0                  5                   0                     0                   0           0
             0                 0          0       0          0             0      23689.800          10     8                       0                 0              0                0                0                    5        128     0        128      0         0                  0                 0                159            0      518       50      0                  5                   0                     0                   0           0
             0                 0          0       0          0             0      26838.600          10     9                       0                 0              0                0                0                    5        128     0        128      0         0                  0                 0                159            0      518       50      0                  5                   0                     0                   0           0
             0                 0          0       0          0             0      29987.400          10    10                       0                 0              0                0                0                    5        128     0        128      0         0                  0                 0                159            0      518       50      0                  5                   0                     0                   0           0
             0                 0          0       0          0             0      33136.200          10    11                       0                 0              0                0                0                    5        128     0        128      0         0                  0                 0                159            0      518       50      0                  5                   0                     0                   0           0
             0                 0          0       0          0             0      36285.000          10    12                       0                 0              0                0                0                    5        128     0        128      0         0                  0                 0                159            0      518       50      0                  5                   0                     0                   0           0
             0                 0          0       0          0             0      39433.800          10    13                       0                 0              0                0                0                    5        128     0        128      0         0                  0                 0                159            0      518       50      0                  5                   0                     0                   0           0
             0                 0          0       0          0             0      42582.600          10    14                       0                 0              0                0                0                    5        128     0        128      0         0                  0                 0                159            0      518       50      0                  5                   0                     0                   0           0
             0                 0          0       0          0             0      45731.400          10    15                       0                 0              0                0                0                    5        128     0        128      0         0                  0                 0                159            0      518       50      0                  5                   0                     0                   0           0
             0                 0          0       0          0             0      48880.200          10    16                       0                 0              0                0                0                    5        128     0        128      0         0                  0                 0                159            0      518       50      0                  5                   0                     0                   0           0
             0                 0          0       0          0             0      52029.000          10    17                       0                 0              0                0                0                    5        128     0        128      0         0                  0                 0                159            0      518       50      0                  5                   0                     0                   0           0
             0                 0          0       0          0             0      55177.800          10    18                       0                 0              0                0                0                    5        128     0        128      0         0                  0                 0                159            0      518       50      0                  5                   0                     0                   0           0
            49                 0         17       0          0       121.000      60795.980          12    19                       0                 0              0                0                0                    5        144    24        144      7         0                  0                 0                159            0      518       50      0                  6                   0                     0                   0          49
             0                33         40   1.909     78.333      1994.167      74672.240          20    20                       0                 0              0                0                0                    7        207   109        207     22         3                  4                 0                157           10      518       50      0                 10                   0                     0                   0          16
             0                14          6   3.071    157.429       435.867      81927.620           8    21                       0                 0              0                0                0                    3        157   108        157      7        23                  0                 7                156           51      518       50      0                  4                   1                     0                   0           2
             0                 1          1   4.000    252.000       253.000      86064.280           6    22                       0                 0              0                0                0                    3        150   100        150      5         5                  0                 2                156           45      518       50      0                  3                   0                     0                   0           1
             0                 1          1   4.000    342.000        56.000      89988.520           6    23                       0                 0              0                0                0                    3        150   100        150      1         1                  0                 1                159           18      518       50      0                  3                   0                     0                   0           0
             0                 0          0       0          0             0      93580.120           6    24                       0                 0              0                0                0                    3        146   100        146      0         0                  0                 2                163           14      518       50      0                  3                   0                     0                   0           0
             0                 0          0       0          0             0      97171.720           6    25                       0                 0              0                0                0                    3        146   100        146      0         0                  0                 0                163            0      518       50      0                  3                   0                     0                   0           0
             0                 0          0       0          0             0     100763.320           6    26                       0                 0              0                0                0                    3        146   100        146      0         0                  0                 0                163            0      518       50      0                  3                   0                     0                   0           0
             0                 0          0       0          0             0     104354.920           6    27                       0                 0              0                0                0                    3        146   100        146      0         0                  0                 0                163            0      518       50      0                  3                   0                     0                   0           0
             0                 0          0       0          0             0     107946.520           6    28                       0                 0              0                0                0                    3        146   100        146      0         0                  0                 0                163            0      518       50      0                  3                   0                     0                   0           0
             0                 0          0       0          0             0     111538.120           6    29                       0                 0              0                0                0                    3        146   100        146      0         0                  0                 0                163            0      518       50      0                  3                   0                     0                   0           0
             0                 0          0       0          0             0     115129.720           6    30                       0                 0              0                0                0                    3        146   100        146      0         0                  0                 0                163            0      518       50      0                  3                   0                     0                   0           0
             0                 0          0       0          0             0     118721.320           6    31                       0                 0              0                0                0                    3        146   100        146      0         0                  0                 0                163            0      518       50      0                  3                   0                     0                   0           0
             0                 0          0       0          0             0     122312.920           6    32                       0                 0              0                0                0                    3        146   100        146      0         0                  0                 0                163            0      518       50      0                  3                   0                     0                   0           0
             0                 0          0       0          0             0     125904.520           6    33                       0                 0              0                0                0                    3        146   100        146      0         0                  0                 0                163            0      518       50      0                  3                   0                     0                   0           0
             0                 0          0       0          0             0     129496.120           6    34                       0                 0              0                0                0                    3        146   100        146      0         0                  0                 0                163            0      518       50      0                  3                   0                     0                   0           0
             0                 0          0       0          0             0     133087.720           6    35                       0                 0              0                0                0                    3        146   100        146      0         0                  0                 0                163            0      518       50      0                  3                   0                     0                   0           0
             0                 0          0       0          0             0     136679.320           6    36                       0                 0              0                0                0                    3        146   100        146      0         0                  0                 0                163            0      518       50      0                  3                   0                     0                   0           0
             0                 0          0       0          0             0     140270.920           6    37                       0                 0              0                0                0                    3        146   100        146      0         0                  0                 0                163            0      518       50      0                  3                   0                     0                   0           0
             0                 0          0       0          0             0     143862.520           6    38                       0                 0              0                0                0                    3        146   100        146      0         0                  0                 0                163            0      518       50      0                  3                   0                     0                   0           0
             0                 0          0       0          0             0     147454.120           6    39                       0                 0              0                0                0                    3        146   100        146      0         0                  0                 0                163            0      518       50      0                  3                   0                     0                   0           0
             0                 0          0       0          0             0     151045.720           6    40                       0                 0              0                0                0                    3        146   100        146      0         0                  0                 0                163            0      518       50      0                  3                   0                     0                   0           0
             0                 0          0       0          0             0     154637.320           6    41                       0                 0              0                0                0                    3        146   100        146      0         0                  0                 0                163            0      518       50      0                  3                   0                     0                   0           0
             0                 0          0       0          0             0     158228.920           6    42                       0                 0              0                0                0                    3        146   100        146      0         0                  0                 0                163            0      518       50      0                  3                   0                     0                   0           0
             0                 0          0       0          0             0     161820.520           6    43                       0                 0              0                0                0                    3        146   100        146      0         0                  0                 0                163            0      518       50      0                  3                   0                     0                   0           0
             0                 0          0       0          0             0     165412.120           6    44                       0                 0              0                0                0                    3        146   100        146      0         0                  0                 0                163            0      518       50      0                  3                   0                     0                   0           0
             0                 0          0       0          0             0     169003.720           6    45                       0                 0              0                0                0                    3        146   100        146      0         0                  0                 0                163            0      518       50      0                  3                   0                     0                   0           0
             0                 0          0       0          0             0     172595.320           6    46                       0                 0              0                0                0                    3        146   100        146      0         0                  0                 0                163            0      518       50      0                  3                   0                     0                   0           0
             0                 0          0       0          0             0     176186.920           6    47                       0                 0              0                0                0                    3        146   100        146      0         0                  0                 0                163            0      518       50      0                  3                   0                     0                   0           0
             0                 0          0       0          0             0     179778.520           6    48                       0                 0              0                0                0                    3        146   100        146      0         0                  0                 0                163            0      518       50      0                  3                   0                     0                   0           0
             0                 0          0       0          0             0     183370.120           6    49                       0                 0              0                0                0                    3        146   100        146      0         0                  0                 0                163            0      518       50      0                  3                   0                     0                   0           0
             0                 0          0       0          0             0     186961.720           6    50                       0                 0              0                0                0                    3        146   100        146      0         0                  0                 0                163            0      518       50      0                  3                   0                     0                   0           0
             0                 0          0       0          0             0     190553.320           6    51                       0                 0              0                0                0                    3        146   100        146      0         0                  0                 0                163            0      518       50      0                  3                   0                     0                   0           0
             0                 0          0       0          0             0     194144.920           6    52                       0                 0              0                0                0                    3        146   100        146      0         0                  0                 0                163            0      518       50      0                  3                   0                     0                   0           0
             0                 0          0       0          0             0     197736.520           6    53                       0                 0              0                0                0                    3        146   100        146      0         0                  0                 0                163            0      518       50      0                  3                   0                     0                   0           0
             0                 0          0       0          0             0     201328.120           6    54                       0                 0              0                0                0                    3        146   100        146      0         0                  0                 0                163            0      518       50      0                  3                   0                     0                   0           0
             0                 0          0       0          0             0     204919.720           6    55                       0                 0              0                0                0                    3        146   100        146      0         0                  0                 0                163            0      518       50      0                  3                   0                     0                   0           0
             0                 0          0       0          0             0     208511.320           6    56                       0                 0              0                0                0                    3        146   100        146      0         0                  0                 0                163            0      518       50      0                  3                   0                     0                   0           0
             0                 0          0       0          0             0     212102.920           6    57                       0                 0              0                0                0                    3        146   100        146      0         0                  0                 0                163            0      518       50      0                  3                   0                     0                   0           0
             0                 0          0       0          0             0     215694.520           6    58                       0                 0              0                0                0                    3        146   100        146      0         0                  0                 0                163            0      518       50      0                  3                   0                     0                   0           0
            49                17         50   1.412     25.176      1104.000     228197.220           6    59                       0                 0              0                0                0                    2        170   179        170     11         0                  1                 0                163            0      518       50      0                  3                   1                     0                   0          32
             0                25         21   2.640    107.760      1044.333     238312.240           8    60                       0                 0              0                0                0                    4        179   217        179     11         8                  0                 0                151           52      518       50      0                  4                   0                     0                   0           7
             0                 7          0   4.286    209.000       187.000     243289.480           8    61                       0                 0              0                0                0                    2        155   204        155      3        12                  0                 3                153           47      518       50      0                  4                   0                     0                   0           0
             0                 0          0       0          0             0     247028.680           6    62                       0                 0              0                0                0                    2        151   198        151      0         2                  0                 0                155           33      518       50      0                  3                   0                     0                   0           0
             0                 0          0       0          0             0     250718.680           6    63                       0                 0              0                0                0                    2        149   192        149      0         1                  0                 0                155            6      518       50      0                  3                   0                     0                   0           0
             0                 0          0       0          0             0     254334.880           6    64                       0                 0              0                0                0                    2        147   186        147      0         1                  0                 0                155            3      518       50      0                  3                   0                     0                   0           0
             0                 0          0       0          0             0     257951.080           6    65                       0                 0              0                0                0                    2        147   186        147      0         0                  0                 0                155            2      518       50      0                  3                   0                     0                   0           0
             0                 0          0       0          0             0     261518.080           4    66                       0                 0              0                0                0                    2        145   186        145      0         0                  0                 1                155            0      518       50      0                  2                   0                     0                   0           0
             0                 0          0       0          0             0     265085.080           4    67                       0                 0              0                0                0                    2        145   186        145      0         0                  0                 0                155            0      518       50      0                  2                   0                     0                   0           0
             0                 0          0       0          0             0     268652.080           4    68                       0                 0              0                0                0                    2        145   186        145      0         0                  0                 0                155            0      518       50      0                  2                   0                     0                   0           0
             0                 0          0       0          0             0     272219.080           4    69                       0                 0              0                0                0                    2        145   186        145      0         0                  0                 0                155            0      518       50      0                  2                   0                     0                   0           0
             0                 0          0       0          0             0     275786.080           4    70                       0                 0              0                0                0                    2        145   186        145      0         0                  0                 0                155            0      518       50      0                  2                   0                     0                   0           0
             0                 0          0       0          0             0     279353.080           4    71                       0                 0              0                0                0                    2        145   186        145      0         0                  0                 0                155            0      518       50      0                  2                   0                     0                   0           0
             0                 0          0       0          0             0     282920.080           4    72                       0                 0              0                0                0                    2        145   186        145      0         0                  0                 0                155            0      518       50      0                  2                   0                     0                   0           0
             0                 0          0       0          0             0     286487.080           4    73                       0                 0              0                0                0                    2        145   186        145      0         0                  0                 0                155            0      518       50      0                  2                   0                     0                   0           0
             0                 0          0       0          0             0     290054.080           4    74                       0                 0              0                0                0                    2        145   186        145      0         0                  0                 0                155            0      518       50      0                  2                   0                     0                   0           0
             0                 0          0       0          0             0     293621.080           4    75                       0                 0              0                0                0                    2        145   186        145      0         0                  0                 0                155            0      518       50      0                  2                   0                     0                   0           0
             0                 0          0       0          0             0     297188.080           4    76                       0                 0              0                0                0                    2        145   186        145      0         0                  0                 0                155            0      518       50      0                  2                   0                     0                   0           0
             0                 0          0       0          0             0     300755.080           4    77                       0                 0              0                0                0                    2        145   186        145      0         0                  0                 0                155            0      518       50      0                  2                   0                     0                   0           0
             0                 0          0       0          0             0     304322.080           4    78                       0                 0              0                0                0                    2        145   186        145      0         0                  0                 0                155            0      518       50      0                  2                   0                     0                   0           0
             0                 0          0       0          0             0     307889.080           4    79                       0                 0              0                0                0                    2        145   186        145      0         0                  0                 0                155            0      518       50      0                  2                   0                     0                   0           0
             0                 0          0       0          0             0     311456.080           4    80                       0                 0              0                0                0                    2        145   186        145      0         0                  0                 0                155            0      518       50      0                  2                   0                     0                   0           0
             0                 0          0       0          0             0     315023.080           4    81                       0                 0              0                0                0                    2        145   186        145      0         0                  0                 0                155            0      518       50      0                  2                   0                     0                   0           0
             0                 0          0       0          0             0     318590.080           4    82                       0                 0              0                0                0                    2        145   186        145      0         0                  0                 0                155            0      518       50      0                  2                   0                     0                   0           0
             0                 0          0       0          0             0     322157.080           4    83                       0                 0              0                0                0                    2        145   186        145      0         0                  0                 0                155            0      518       50      0                  2                   0                     0                   0           0
             0                 0          0       0          0             0     325724.080           4    84                       0                 0              0                0                0                    2        145   186        145      0         0                  0                 0                155            0      518       50      0                  2                   0                     0                   0           0
             0                 0          0       0          0             0     329291.080           4    85                       0                 0              0                0                0                    2        145   186        145      0         0                  0                 0                155            0      518       50      0                  2                   0                     0                   0           0
             0                 0          0       0          0             0     332858.080           4    86                       0                 0              0                0                0                    2        145   186        145      0         0                  0                 0                155            0      518       50      0                  2                   0                     0                   0           0
             0                 0          0       0          0             0     336425.080           4    87                       0                 0              0                0                0                    2        145   186        145      0         0                  0                 0                155            0      518       50      0                  2                   0                     0                   0           0
             0                 0          0       0          0             0     339992.080           4    88                       0                 0              0                0                0                    2        145   186        145      0         0                  0                 0                155            0      518       50      0                  2                   0                     0                   0           0
             0                 0          0       0          0             0     343559.080           4    89                       0                 0              0                0                0                    2        145   186        145      0         0                  0                 0                155            0      518       50      0                  2                   0                     0                   0           0
             0                 0          0       0          0             0     347126.080           4    90                       0                 0              0                0                0                    2        145   186        145      0         0                  0                 0                155            0      518       50      0                  2                   0                     0                   0           0
             0                 0          0       0          0             0     350693.080           4    91                       0                 0              0                0                0                    2        145   186        145      0         0                  0                 0                155            0      518       50      0                  2                   0                     0                   0           0
             0                 0          0       0          0             0     354260.080           4    92                       0                 0              0                0                0                    2        145   186        145      0         0                  0                 0                155            0      518       50      0                  2                   0                     0                   0           0
             0                 0          0       0          0             0     357827.080           4    93                       0                 0              0                0                0                    2        145   186        145      0         0                  0                 0                155            0      518       50      0                  2                   0                     0                   0           0
             0                 0          0       0          0             0     361394.080           4    94                       0                 0              0                0                0                    2        145   186        145      0         0                  0                 0                155            0      518       50      0                  2                   0                     0                   0           0
             0                 0          0       0          0             0     364961.080           4    95                       0                 0              0                0                0                    2        145   186        145      0         0                  0                 0                155            0      518       50      0                  2                   0                     0                   0           0
             0                 0          0       0          0             0     368528.080           4    96                       0                 0              0                0                0                    2        145   186        145      0         0                  0                 0                155            0      518       50      0                  2                   0                     0                   0           0
             0                 0          0       0          0             0     372095.080           4    97                       0                 0              0                0                0                    2        145   186        145      0         0                  0                 0                155            0      518       50      0                  2                   0                     0                   0           0
             0                 0          0       0          0             0     375662.080           4    98                       0                 0              0                0                0                    2        145   186        145      0         0                  0                 0                155            0      518       50      0                  2                   0                     0                   0           0
             0                 0          0       0          0             0     379229.080           4    99                       0                 0              0                0                0                    2        145   186        145      0         0                  0                 0                155            0      518       50      0                  2                   0                     0                   0           0
#pos runNum=0 0@(1.00000,1.00000)@0 1@(1.07493,1.14972)@665 2@(0.88061,1.04900)@796 3@(1.02715,1.11884)@768 4@(0.93361,0.98366)@1469 5@(1.02082,1.06645)@548 6@(0.91883,1.12585)@554 7@(0.84060,0.96468)@1330 8@(1.00402,1.13264)@1331 9@(1.03557,1.14489)@704 10@(0.86658,1.02044)@1689 11@(0.73421,1.17898)@796 12@(0.97034,1.17592)@768 13@(0.65011,1.04352)@1354 14@(0.92130,0.92630)@1734 15@(0.78523,1.17407)@1536 16@(1.02232,1.13143)@1469 17@(0.90115,1.08961)@1396 18@(0.90793,1.12786)@597 19@(0.88697,1.01696)@548 20@(0.80180,1.28711)@1369 21@(1.07306,1.17869)@1228 22@(1.08857,0.76001)@1689 23@(0.92501,0.99585)@558 24@(0.74235,1.17744)@1308 25@(0.84552,0.72000)@1188 26@(0.84936,0.74134)@2012 27@(0.56696,0.90827)@1734 28@(0.86797,0.75974)@1603 29@(0.78141,1.31550)@2184 30@(0.75092,1.18412)@2035 31@(0.93066,1.29091)@1222 32@(1.00494,0.90486)@548 33@(0.91635,1.21005)@1112 34@(0.90202,0.88485)@1173 35@(0.85744,0.55246)@1657 36@(0.77769,1.41586)@1790 37@(0.88568,0.91576)@605 38@(0.69882,1.30329)@1194 39@(0.72687,0.49987)@2215 40@(1.03792,1.27369)@1331 41@(1.00957,0.82719)@1564 42@(0.90725,1.36408)@1336 43@(1.05166,0.96568)@1331 44@(0.95692,0.82456)@1230 45@(0.60147,0.92487)@1024 46@(1.01097,1.37076)@1211 47@(0.72213,0.78787)@804 48@(1.03705,1.11534)@558 49@(0.78921,1.07280)@1364
#links runNum=0 21-45@-97dBm@0.019 1-10@-93dBm@0.579 4-8@-89dBm@0.894 4-41@-96dBm@0.121 29-32@-96dBm@0.103 9-29@-93dBm@0.556 35-47@-92dBm@0.668 4-11@-95dBm@0.240 25-37@-86dBm@0.955 24-48@-96dBm@0.095 1-20@-90dBm@0.819 28-35@-92dBm@0.692 4-34@-82dBm@0.983 11-15@-81dBm@0.986 17-23@-88dBm@0.902 14-28@-89dBm@0.865 44-48@-91dBm@0.774 11-24@-74dBm@1.000 25-43@-96dBm@0.087 17-19@-79dBm@0.996 4-7@-95dBm@0.198 22-32@-92dBm@0.666 14-23@-85dBm@0.960 6-19@-85dBm@0.960 26-44@-95dBm@0.274 3-8@-88dBm@0.923 38-45@-95dBm@0.269 0-6@-85dBm@0.967 15-18@-87dBm@0.945 3-21@-87dBm@0.947 32-37@-89dBm@0.877 48-49@-96dBm@0.116 17-43@-88dBm@0.905 2-27@-93dBm@0.593 8-22@-93dBm@0.522 11-19@-95dBm@0.212 20-32@-95dBm@0.295 6-18@-71dBm@1.000 17-36@-97dBm@0.018 7-49@-90dBm@0.835 42-46@-92dBm@0.701 36-38@-92dBm@0.705 22-28@-91dBm@0.762 39-43@-95dBm@0.215 4-14@-89dBm@0.882 24-31@-96dBm@0.076 23-32@-88dBm@0.937 10-38@-95dBm@0.213 22-37@-94dBm@0.375 1-17@-91dBm@0.739 15-30@-96dBm@0.170 13-26@-92dBm@0.699 24-30@-92dBm@0.682 2-6@-80dBm@0.990 12-40@-85dBm@0.960 8-18@-91dBm@0.801 36-46@-94dBm@0.377 9-43@-85dBm@0.960 18-49@-87dBm@0.938 26-28@-86dBm@0.957 10-14@-88dBm@0.935 0-37@-90dBm@0.863 4-20@-93dBm@0.572 45-49@-90dBm@0.864 9-22@-96dBm@0.153 12-42@-87dBm@0.941 34-37@-78dBm@1.000 9-30@-93dBm@0.660 4-18@-89dBm@0.865 6-22@-93dBm@0.529 9-33@-94dBm@0.404 10-11@-91dBm@0.727 14-19@-94dBm@0.358 17-32@-91dBm@0.744 14-37@-97dBm@0.032 8-34@-90dBm@0.864 13-33@-92dBm@0.680 43-45@-95dBm@0.253 23-28@-94dBm@0.370 29-49@-93dBm@0.544 13-24@-85dBm@0.960 19-34@-89dBm@0.869 6-23@-85dBm@0.962 12-43@-89dBm@0.870 18-25@-95dBm@0.295 3-16@-85dBm@0.963 31-41@-96dBm@0.091 10-27@-93dBm@0.655 32-47@-95dBm@0.232 37-47@-96dBm@0.121 1-28@-93dBm@0.551 26-49@-91dBm@0.734 8-16@-85dBm@0.961 7-19@-86dBm@0.958 8-48@-86dBm@0.956 3-4@-91dBm@0.721 41-44@-77dBm@1.000 5-17@-92dBm@0.683 47-49@-93dBm@0.612 9-12@-94dBm@0.439 0-45@-93dBm@0.548 7-37@-79dBm@1.000 44-49@-94dBm@0.514 14-39@-95dBm@0.233 34-44@-94dBm@0.474 19-25@-90dBm@0.819 7-34@-86dBm@0.958 1-9@-76dBm@1.000 22-44@-92dBm@0.666 43-48@-95dBm@0.260 0-15@-95dBm@0.198 23-41@-95dBm@0.301 0-18@-90dBm@0.828 44-47@-92dBm@0.695 2-10@-95dBm@0.200 18-21@-96dBm@0.183 15-24@-93dBm@0.643 46-48@-94dBm@0.480 17-37@-86dBm@0.957 2-19@-80dBm@0.989 28-44@-82dBm@0.985 1-22@-93dBm@0.532 0-22@-95dBm@0.271 16-20@-94dBm@0.388 29-42@-89dBm@0.869 17-46@-93dBm@0.602 35-39@-88dBm@0.935 14-46@-95dBm@0.223 5-14@-87dBm@0.939 15-49@-88dBm@0.936 18-19@-93dBm@0.594 9-49@-88dBm@0.908 10-36@-94dBm@0.516 1-15@-95dBm@0.214 35-41@-93dBm@0.639 6-37@-95dBm@0.286 0-9@-91dBm@0.718 28-40@-97dBm@0.023 23-25@-90dBm@0.865 3-7@-91dBm@0.750 1-12@-93dBm@0.626 3-31@-94dBm@0.449 19-28@-96dBm@0.158 2-41@-91dBm@0.752 6-12@-94dBm@0.377 40-48@-95dBm@0.274 1-2@-93dBm@0.642 32-42@-96dBm@0.139 14-48@-94dBm@0.347 2-16@-88dBm@0.937 23-38@-97dBm@0.059 7-8@-89dBm@0.895 1-16@-91dBm@0.737 43-49@-95dBm@0.226 0-28@-97dBm@0.021 19-24@-90dBm@0.862 28-47@-96dBm@0.115 2-7@-94dBm@0.395 8-30@-89dBm@0.870 1-5@-81dBm@0.987 10-17@-88dBm@0.916 0-3@-93dBm@0.636 40-43@-92dBm@0.669 32-33@-95dBm@0.257 5-7@-93dBm@0.539 11-20@-89dBm@0.869 2-11@-89dBm@0.876 11-31@-87dBm@0.939 19-49@-92dBm@0.667 12-20@-90dBm@0.826 11-29@-96dBm@0.161 17-21@-90dBm@0.807 22-23@-92dBm@0.702 5-44@-91dBm@0.799 6-21@-86dBm@0.958 2-14@-93dBm@0.532 21-40@-84dBm@0.974 12-34@-95dBm@0.261 10-19@-81dBm@0.985 1-4@-92dBm@0.695 31-46@-90dBm@0.861 5-48@-95dBm@0.261 4-44@-97dBm@0.039 21-48@-96dBm@0.159 22-35@-93dBm@0.649 2-3@-94dBm@0.521 14-35@-95dBm@0.276 20-29@-80dBm@0.990 18-35@-95dBm@0.194 26-39@-93dBm@0.661 10-23@-87dBm@0.942 7-43@-87dBm@0.948 22-33@-95dBm@0.287 22-46@-97dBm@0.024 0-19@-82dBm@0.981 17-25@-93dBm@0.613 8-9@-86dBm@0.957 10-29@-90dBm@0.849 24-33@-96dBm@0.153 25-26@-79dBm@1.000 9-16@-66dBm@1.000 4-16@-92dBm@0.680 8-29@-92dBm@0.686 1-21@-80dBm@0.989 2-28@-96dBm@0.177 14-49@-89dBm@0.895 7-42@-94dBm@0.453 3-37@-90dBm@0.811 26-27@-92dBm@0.696 18-46@-89dBm@0.868 11-13@-93dBm@0.536 12-19@-89dBm@0.866 25-45@-92dBm@0.672 7-18@-95dBm@0.196 19-30@-97dBm@0.003 15-33@-89dBm@0.899 18-33@-86dBm@0.952 17-30@-86dBm@0.957 21-46@-95dBm@0.210 0-11@-93dBm@0.646 20-49@-93dBm@0.649 11-32@-95dBm@0.273 14-31@-96dBm@0.145 33-38@-95dBm@0.209 6-38@-90dBm@0.862 7-26@-91dBm@0.757 18-42@-89dBm@0.866 0-47@-93dBm@0.660 20-24@-84dBm@0.974 3-10@-89dBm@0.867 23-43@-89dBm@0.868 34-41@-87dBm@0.944 6-33@-82dBm@0.980 10-21@-89dBm@0.867 27-39@-93dBm@0.603 11-42@-97dBm@0.042 19-38@-94dBm@0.519 3-27@-95dBm@0.259 0-10@-96dBm@0.083 40-42@-96dBm@0.110 17-48@-86dBm@0.956 3-43@-87dBm@0.948 33-42@-95dBm@0.298 12-13@-93dBm@0.652 27-41@-94dBm@0.340 1-3@-81dBm@0.985 10-26@-96dBm@0.142 4-31@-92dBm@0.716 31-42@-95dBm@0.209 0-5@-87dBm@0.946 18-31@-90dBm@0.811 3-48@-87dBm@0.946 17-18@-85dBm@0.959 3-5@-79dBm@1.000 33-40@-93dBm@0.650 23-34@-90dBm@0.861 7-9@-92dBm@0.691 24-29@-92dBm@0.685 28-37@-88dBm@0.906 12-48@-86dBm@0.958 0-2@-92dBm@0.674 5-32@-93dBm@0.557 1-19@-91dBm@0.732 20-38@-85dBm@0.961 22-48@-95dBm@0.239 2-49@-88dBm@0.933 37-48@-91dBm@0.791 21-24@-92dBm@0.708 9-21@-90dBm@0.821 32-43@-97dBm@0.030 0-23@-80dBm@0.990 0-1@-92dBm@0.713 25-48@-95dBm@0.262 5-19@-96dBm@0.149 31-36@-88dBm@0.902 28-48@-95dBm@0.208 1-7@-91dBm@0.730 18-30@-93dBm@0.636 14-36@-97dBm@0.014 12-36@-95dBm@0.275 7-13@-90dBm@0.863 3-15@-93dBm@0.650 11-49@-97dBm@0.050 17-24@-86dBm@0.955 2-13@-88dBm@0.904 15-20@-93dBm@0.659 15-36@-89dBm@0.873 14-27@-93dBm@0.574 12-23@-95dBm@0.301 9-37@-93dBm@0.644 11-18@-86dBm@0.952 4-10@-92dBm@0.667 20-30@-96dBm@0.184 4-9@-86dBm@0.957 16-42@-92dBm@0.670 0-32@-88dBm@0.905 25-28@-93dBm@0.661 0-48@-82dBm@0.981 9-46@-97dBm@0.059 8-40@-91dBm@0.761 12-15@-91dBm@0.744 4-6@-87dBm@0.942 16-40@-93dBm@0.553 5-8@-92dBm@0.675 6-17@-90dBm@0.862 3-9@-73dBm@1.000 22-41@-93dBm@0.640 6-8@-81dBm@0.986 24-38@-90dBm@0.862 14-34@-88dBm@0.907 12-38@-93dBm@0.651 13-45@-85dBm@0.962 25-35@-89dBm@0.868 7-35@-94dBm@0.512 5-16@-77dBm@1.000 31-47@-96dBm@0.113 22-40@-95dBm@0.215 21-31@-93dBm@0.653 0-12@-93dBm@0.646 3-12@-88dBm@0.936 12-16@-77dBm@1.000 24-49@-85dBm@0.966 2-4@-90dBm@0.864 23-27@-92dBm@0.710 7-14@-89dBm@0.868 3-14@-95dBm@0.227 4-48@-92dBm@0.676 11-44@-93dBm@0.638 4-23@-95dBm@0.289
#aveChargePerCycle runNum=0 0@612.38 1@355.53 2@181.83 3@228.34 4@1.94 5@232.33 6@235.59 7@55.06 8@54.68 9@126.58 10@50.00 11@179.61 12@179.08 13@26.70 14@1.30 15@27.22 16@6.62 17@26.82 18@162.53 19@250.01 20@1.94 21@45.08 22@1.30 23@150.93 24@1.30 25@78.92 26@26.05 27@26.05 28@1.30 29@1.30 30@2.59 31@25.40 32@74.17 33@21.90 34@27.47 35@32.28 36@1.94 37@107.16 38@26.58 39@1.94 40@1.30 41@2.59 42@1.30 43@1.30 44@1.30 45@1.94 46@26.82 47@51.82 48@52.84 49@1.30