## dioPeriod = 1.0
## burstTimestamp = 20
## minRssi = -97
## numMotes = 50
## otfHousekeepingPeriod = 1.0
## sixtopNoRemoveWorstCell = 0
## simDataDir = simData
## numChans = 16
## slotframeLength = 101
## squareSide = 2.0
## cpuID = 84
## sixtopPdrThreshold = 1.5
## pkPeriod = None
## sixtopHousekeepingPeriod = 1.0
## sixtopNoHousekeeping = 0
## algorithm = otf
## pkPeriodVar = 0.05
## numCyclesPerRun = 100
## startTime = 1502276471.3
## slotDuration = 0.01
## numRuns = 1
## combinationKeys = ['algorithm', 'numMotes', 'otfThreshold']
## numPacketsBurst = 5
## otfThreshold = 1
## noInterference = 0
## gui = False


# appGenerated appReachesDagroot appRelayed aveHops aveLatency aveQueueDelay chargeConsumed collidedTxs cycle droppedAppFailedEnqueue droppedMacRetries droppedNoRoute droppedNoTxCells droppedQueueFull effectiveCollidedTxs numRxCells numTx numTxCells otfAdd otfRemove probableCollisions rplChurnParentSet rplChurnPrefParent rplChurnRank rplRxDIO rplTxDIO runNum scheduleCollisions topRxRelocatedCells topTxRelocatedBundles topTxRelocatedCells txQueueFill
             0                 0          0       0          0             0              0           0     0                       0                 0              0                0                0                    0          0     0          0      0         0                  0                 0                  0            0        0        0      0                  0                   0                     0                   0           0
             0                 0          0       0          0             0       1968.000           6     1                       0                 0              0                0                0                    0        117     0        117    117         0                  0               146                 80           12      488       50      0                  3                   0                     0                   0           0
             0                 0          0       0          0             0       5116.800           6     2                       0                 0              0                0                0                    0        128     0        128     12         0                  0                 1                124            0      488       50      0                  3                   0                     0                   0           0
             0                 0          0       0          0             0       8265.600           6     3                       0                 0              0                0                0                    0        128     0        128      0         0                  0                 0                124            0      488       50      0                  3                   0                     0                   0           0
             0                 0          0       0          0             0      11414.400           6     4                       0                 0              0                0                0                    0        128     0        128      0         0                  0                 0                124            0      488       50      0                  3                   0                     0                   0           0
             0                 0          0       0          0             0      14563.200           6     5                       0                 0              0                0                0                    0        128     0        128      0         0                  0                 0                124            0      488       50      0                  3                   0                     0                   0           0
             0                 0          0       0          0             0      17712.000           6     6                       0                 0              0                0                0                    0        128     0        128      0         0                  0                 0                124            0      488       50      0                  3                   0                     0                   0           0
             0                 0          0       0          0             0      20860.800           6     7                       0                 0              0                0                0                    0        128     0        128      0         0                  0                 0                124            0      488       50      0                  3                   0                     0                   0           0
             0                 0          0       0          0             0      24009.600           6     8                       0                 0              0                0                0                    0        128     0        128      0         0                  0                 0                124            0      488       50      0                  3                   0                     0                   0           0
             0                 0          0       0          0             0      27158.400           6     9                       0                 0              0                0                0                    0        128     0        128      0         0                  0                 0                124            0      488       50      0                  3                   0                     0                   0           0
             0                 0          0       0          0             0      30307.200           6    10                       0                 0              0                0                0                    0        128     0        128      0         0                  0                 0                124            0      488       50      0                  3                   0                     0                   0           0
             0                 0          0       0          0             0      33456.000           6    11                       0                 0              0                0                0                    0        128     0        128      0         0                  0                 0                124            0      488       50      0                  3                   0                     0                   0           0
             0                 0          0       0          0             0      36604.800           6    12                       0                 0              0                0                0                    0        128     0        128      0         0                  0                 0                124            0      488       50      0                  3                   0                     0                   0           0
             0                 0          0       0          0             0      39753.600           6    13                       0                 0              0                0                0                    0        128     0        128      0         0                  0                 0                124            0      488       50      0                  3                   0                     0                   0           0
             0                 0          0       0          0             0      42902.400           6    14                       0                 0              0                0                0                    0        128     0        128      0         0                  0                 0                124            0      488       50      0                  3                   0                     0                   0           0
             0                 0          0       0          0             0      46051.200           6    15                       0                 0              0                0                0                    0        128     0        128      0         0                  0                 0                124            0      488       50      0                  3                   0                     0                   0           0
             0                 0          0       0          0             0      49200.000           6    16                       0                 0              0                0                0                    0        128     0        128      0         0                  0                 0                124            0      488       50      0                  3                   0                     0                   0           0
             0                 0          0       0          0             0      52348.800           6    17                       0                 0              0                0                0                    0        128     0        128      0         0                  0                 0                124            0      488       50      0                  3                   0                     0                   0           0
             0                 0          0       0          0             0      55497.600           6    18                       0                 0              0                0                0                    0        128     0        128      0         0                  0                 0                124            0      488       50      0                  3                   0                     0                   0           0
            49                 2         14   1.000      9.500       162.000      60983.040           6    19                       0                 0              0                0                0                    0        138    22        138      4         0                  0                 0                124            0      488       50      0                  3                   0                     0                   0          47
             0                24         45   2.042     87.375      1987.550      74493.520          19    20                       0                 0              0                0                0                    5        211   109        211     31         1                  0                 4                136           21      488       50      0                 10                   1                     0                   0          23
             0                22         14   2.955    152.136       907.767      83562.680           9    21                       0                 0              0                0                0                    1        169   117        169     12        21                  0                12                144           48      488       50      0                  5                   0                     0                   0           1
             0                 1          0   6.000    240.000        22.000      87689.600          10    22                       0                 0              0                0                0                    0        155   104        155      5         7                  0                 6                141           44      488       50      0                  5                   0                     0                   0           0
             0                 0          0       0          0             0      91428.800          10    23                       0                 0              0                0                0                    0        149    99        149      0         2                  0                 1                137           14      488       50      0                  5                   0                     0                   0           0
             0                 0          0       0          0             0      95094.200          10    24                       0                 0              0                0                0                    0        148    94        148      1         1                  0                 1                136            3      488       50      0                  5                   0                     0                   0           0
             0                 0          0       0          0             0      98685.800          10    25                       0                 0              0                0                0                    0        146    93        146      0         0                  0                 1                141            8      488       50      0                  5                   0                     0                   0           0
             0                 0          0       0          0             0     102228.200          10    26                       0                 0              0                0                0                    0        144    93        144      0         0                  0                 1                141            0      488       50      0                  5                   0                     0                   0           0
             0                 0          0       0          0             0     105770.600          10    27                       0                 0              0                0                0                    0        144    93        144      0         0                  0                 0                141            0      488       50      0                  5                   0                     0                   0           0
             0                 0          0       0          0             0     109313.000          10    28                       0                 0              0                0                0                    0        144    93        144      0         0                  0                 0                141            0      488       50      0                  5                   0                     0                   0           0
             0                 0          0       0          0             0     112855.400          10    29                       0                 0              0                0                0                    0        144    93        144      0         0                  0                 0                141            0      488       50      0                  5                   0                     0                   0           0
             0                 0          0       0          0             0     116397.800          10    30                       0                 0              0                0                0                    0        144    93        144      0         0                  0                 0                141            0      488       50      0                  5                   0                     0                   0           0
             0                 0          0       0          0             0     119940.200          10    31                       0                 0              0                0                0                    0        144    93        144      0         0                  0                 0                141            0      488       50      0                  5                   0                     0                   0           0
             0                 0          0       0          0             0     123482.600          10    32                       0                 0              0                0                0                    0        144    93        144      0         0                  0                 0                141            0      488       50      0                  5                   0                     0                   0           0
             0                 0          0       0          0             0     127025.000          10    33                       0                 0              0                0                0                    0        144    93        144      0         0                  0                 0                141            0      488       50      0                  5                   0                     0                   0           0
             0                 0          0       0          0             0     130567.400          10    34                       0                 0              0                0                0                    0        144    93        144      0         0                  0                 0                141            0      488       50      0                  5                   0                     0                   0           0
             0                 0          0       0          0             0     134109.800          10    35                       0                 0              0                0                0                    0        144    93        144      0         0                  0                 0                141            0      488       50      0                  5                   0                     0                   0           0
             0                 0          0       0          0             0     137652.200          10    36                       0                 0              0                0                0                    0        144    93        144      0         0                  0                 0                141            0      488       50      0                  5                   0                     0                   0           0
             0                 0          0       0          0             0     141194.600          10    37                       0                 0              0                0                0                    0        144    93        144      0         0                  0                 0                141            0      488       50      0                  5                   0                     0                   0           0
             0                 0          0       0          0             0     144737.000          10    38                       0                 0              0                0                0                    0        144    93        144      0         0                  0                 0                141            0      488       50      0                  5                   0                     0                   0           0
             0                 0          0       0          0             0     148279.400          10    39                       0                 0              0                0                0                    0        144    93        144      0         0                  0                 0                141            0      488       50      0                  5                   0                     0                   0           0
             0                 0          0       0          0             0     151821.800          10    40                       0                 0              0                0                0                    0        144    93        144      0         0                  0                 0                141            0      488       50      0                  5                   0                     0                   0           0
             0                 0          0       0          0             0     155364.200          10    41                       0                 0              0                0                0                    0        144    93        144      0         0                  0                 0                141            0      488       50      0                  5                   0                     0                   0           0
             0                 0          0       0          0             0     158906.600          10    42                       0                 0              0                0                0                    0        144    93        144      0         0                  0                 0                141            0      488       50      0                  5                   0                     0                   0           0
             0                 0          0       0          0             0     162449.000          10    43                       0                 0              0                0                0                    0        144    93        144      0         0                  0                 0                141            0      488       50      0                  5                   0                     0                   0           0
             0                 0          0       0          0             0     165991.400          10    44                       0                 0              0                0                0                    0        144    93        144      0         0                  0                 0                141            0      488       50      0                  5                   0                     0                   0           0
             0                 0          0       0          0             0     169533.800          10    45                       0                 0              0                0                0                    0        144    93        144      0         0                  0                 0                141            0      488       50      0                  5                   0                     0                   0           0
             0                 0          0       0          0             0     173076.200          10    46                       0                 0              0                0                0                    0        144    93        144      0         0                  0                 0                141            0      488       50      0                  5                   0                     0                   0           0
             0                 0          0       0          0             0     176618.600          10    47                       0                 0              0                0                0                    0        144    93        144      0         0                  0                 0                141            0      488       50      0                  5                   0                     0                   0           0
             0                 0          0       0          0             0     180161.000          10    48                       0                 0              0                0                0                    0        144    93        144      0         0                  0                 0                141            0      488       50      0                  5                   0                     0                   0           0
             0                 0          0       0          0             0     183703.400          10    49                       0                 0              0                0                0                    0        144    93        144      0         0                  0                 0                141            0      488       50      0                  5                   0                     0                   0           0
             0                 0          0       0          0             0     187245.800          10    50                       0                 0              0                0                0                    0        144    93        144      0         0                  0                 0                141            0      488       50      0                  5                   0                     0                   0           0
             0                 0          0       0          0             0     190788.200          10    51                       0                 0              0                0                0                    0        144    93        144      0         0                  0                 0                141            0      488       50      0                  5                   0                     0                   0           0
             0                 0          0       0          0             0     194330.600          10    52                       0                 0              0                0                0                    0        144    93        144      0         0                  0                 0                141            0      488       50      0                  5                   0                     0                   0           0
             0                 0          0       0          0             0     197873.000          10    53                       0                 0              0                0                0                    0        144    93        144      0         0                  0                 0                141            0      488       50      0                  5                   0                     0                   0           0
             0                 0          0       0          0             0     201415.400          10    54                       0                 0              0                0                0                    0        144    93        144      0         0                  0                 0                141            0      488       50      0                  5                   0                     0                   0           0
             0                 0          0       0          0             0     204957.800          10    55                       0                 0              0                0                0                    0        144    93        144      0         0                  0                 0                141            0      488       50      0                  5                   0                     0                   0           0
             0                 0          0       0          0             0     208500.200          10    56                       0                 0              0                0                0                    0        144    93        144      0         0                  0                 0                141            0      488       50      0                  5                   0                     0                   0           0
             0                 0          0       0          0             0     212042.600          10    57                       0                 0              0                0                0                    0        144    93        144      0         0                  0                 0                141            0      488       50      0                  5                   0                     0                   0           0
             0                 0          0       0          0             0     215585.000          10    58                       0                 0              0                0                0                    0        144    93        144      0         0                  0                 0                141            0      488       50      0                  5                   0                     0                   0           0
            49                11         33   1.364     27.545       962.333     225147.940          12    59                       0                 0              0                0                0                    0        166   150        166      8         0                  0                 0                141            0      488       50      0                  6                   0                     0                   0          38
             0                27         25   2.296    103.296      1550.405     236321.020          10    60                       0                 0              0                0                0                    1        172   204        172     12         6                  0                 7                136           45      488       50      0                  5                   0                     0                   0          11
             0                10          4   3.100    194.300       591.800     241961.520           6    61                       0                 0              0                0                0                    0        154   205        154      4         9                  0                 4                134           48      488       50      0                  3                   0                     0                   0           1
             0                 1          0   3.000    263.000        59.000     245891.640           6    62                       0                 0              0                0                0                    0        149   199        149      1         3                  0                 0                137           26      488       50      0                  3                   0                     0                   0           0
             0                 0          0       0          0             0     249557.040           6    63                       0                 0              0                0                0                    0        149   199        149      0         0                  0                 0                138           11      488       50      0                  3                   0                     0                   0           0
             0                 0          0       0          0             0     253222.440           6    64                       0                 0              0                0                0                    0        149   199        149      0         0                  0                 0                138            0      488       50      0                  3                   0                     0                   0           0
             0                 0          0       0          0             0     256887.840           6    65                       0                 0              0                0                0                    0        149   199        149      0         0                  0                 0                138            0      488       50      0                  3                   0                     0                   0           0
             0                 0          0       0          0             0     260553.240           6    66                       0                 0              0                0                0                    0        149   199        149      0         0                  0                 0                138            0      488       50      0                  3                   0                     0                   0           0
             0                 0          0       0          0             0     264218.640           6    67                       0                 0              0                0                0                    0        149   199        149      0         0                  0                 0                138            0      488       50      0                  3                   0                     0                   0           0
             0                 0          0       0          0             0     267884.040           6    68                       0                 0              0                0                0                    0        149   199        149      0         0                  0                 0                138            0      488       50      0                  3                   0                     0                   0           0
             0                 0          0       0          0             0     271549.440           6    69                       0                 0              0                0                0                    0        149   199        149      0         0                  0                 0                138            0      488       50      0                  3                   0                     0                   0           0
             0                 0          0       0          0             0     275214.840           6    70                       0                 0              0                0                0                    0        149   199        149      0         0                  0                 0                138            0      488       50      0                  3                   0                     0                   0           0
             0                 0          0       0          0             0     278880.240           6    71                       0                 0              0                0                0                    0        149   199        149      0         0                  0                 0                138            0      488       50      0                  3                   0                     0                   0           0
             0                 0          0       0          0             0     282545.640           6    72                       0                 0              0                0                0                    0        149   199        149      0         0                  0                 0                138            0      488       50      0                  3                   0                     0                   0           0
             0                 0          0       0          0             0     286211.040           6    73                       0                 0              0                0                0                    0        149   199        149      0         0                  0                 0                138            0      488       50      0                  3                   0                     0                   0           0
             0                 0          0       0          0             0     289876.440           6    74                       0                 0              0                0                0                    0        149   199        149      0         0                  0                 0                138            0      488       50      0                  3                   0                     0                   0           0
             0                 0          0       0          0             0     293541.840           6    75                       0                 0              0                0                0                    0        149   199        149      0         0                  0                 0                138            0      488       50      0                  3                   0                     0                   0           0
             0                 0          0       0          0             0     297207.240           6    76                       0                 0              0                0                0                    0        149   199        149      0         0                  0                 0                138            0      488       50      0                  3                   0                     0                   0           0
             0                 0          0       0          0             0     300872.640           6    77                       0                 0              0                0                0                    0        149   199        149      0         0                  0                 0                138            0      488       50      0                  3                   0                     0                   0           0
             0                 0          0       0          0             0     304538.040           6    78                       0                 0              0                0                0                    0        149   199        149      0         0                  0                 0                138            0      488       50      0                  3                   0                     0                   0           0
             0                 0          0       0          0             0     308203.440           6    79                       0                 0              0                0                0                    0        149   199        149      0         0                  0                 0                138            0      488       50      0                  3                   0                     0                   0           0
             0                 0          0       0          0             0     311868.840           6    80                       0                 0              0                0                0                    0        149   199        149      0         0                  0                 0                138            0      488       50      0                  3                   0                     0                   0           0
             0                 0          0       0          0             0     315534.240           6    81                       0                 0              0                0                0                    0        149   199        149      0         0                  0                 0                138            0      488       50      0                  3                   0                     0                   0           0
             0                 0          0       0          0             0     319199.640           6    82                       0                 0              0                0                0                    0        149   199        149      0         0                  0                 0                138            0      488       50      0                  3                   0                     0                   0           0
             0                 0          0       0          0             0     322865.040           6    83                       0                 0              0                0                0                    0        149   199        149      0         0                  0                 0                138            0      488       50      0                  3                   0                     0                   0           0
             0                 0          0       0          0             0     326530.440           6    84                       0                 0              0                0                0                    0        149   199        149      0         0                  0                 0                138            0      488       50      0                  3                   0                     0                   0           0
             0                 0          0       0          0             0     330195.840           6    85                       0                 0              0                0                0                    0        149   199        149      0         0                  0                 0                138            0      488       50      0                  3                   0                     0                   0           0
             0                 0          0       0          0             0     333861.240           6    86                       0                 0              0                0                0                    0        149   199        149      0         0                  0                 0                138            0      488       50      0                  3                   0                     0                   0           0
             0                 0          0       0          0             0     337526.640           6    87                       0                 0              0                0                0                    0        149   199        149      0         0                  0                 0                138            0      488       50      0                  3                   0                     0                   0           0
             0                 0          0       0          0             0     341192.040           6    88                       0                 0              0                0                0                    0        149   199        149      0         0                  0                 0                138            0      488       50      0                  3                   0                     0                   0           0
             0                 0          0       0          0             0     344857.440           6    89                       0                 0              0                0                0                    0        149   199        149      0         0                  0                 0                138            0      488       50      0                  3                   0                     0                   0           0
             0                 0          0       0          0             0     348522.840           6    90                       0                 0              0                0                0                    0        149   199        149      0         0                  0                 0                138            0      488       50      0                  3                   0                     0                   0           0
             0                 0          0       0          0             0     352188.240           6    91                       0                 0              0                0                0                    0        149   199        149      0         0                  0                 0                138            0      488       50      0                  3                   0                     0                   0           0
             0                 0          0       0          0             0     355853.640           6    92                       0                 0              0                0                0                    0        149   199        149      0         0                  0                 0                138            0      488       50      0                  3                   0                     0                   0           0
             0                 0          0       0          0             0     359519.040           6    93                       0                 0              0                0                0                    0        149   199        149      0         0                  0                 0                138            0      488       50      0                  3                   0                     0                   0           0
             0                 0          0       0          0             0     363184.440           6    94                       0                 0              0                0                0                    0        149   199        149      0         0                  0                 0                138            0      488       50      0                  3                   0                     0                   0           0
             0                 0          0       0          0             0     366849.840           6    95                       0                 0              0                0                0                    0        149   199        149      0         0                  0                 0                138            0      488       50      0                  3                   0                     0                   0           0
             0                 0          0       0          0             0     370515.240           6    96                       0                 0              0                0                0                    0        149   199        149      0         0                  0                 0                138            0      488       50      0                  3                   0                     0                   0           0
             0                 0          0       0          0             0     374180.640           6    97                       0                 0              0                0                0                    0        149   199        149      0         0                  0                 0                138            0      488       50      0                  3                   0                     0                   0           0
             0                 0          0       0          0             0     377846.040           6    98                       0                 0              0                0                0                    0        149   199        149      0         0                  0                 0                138            0      488       50      0                  3                   0                     0                   0           0
             0                 0          0       0          0             0     381511.440           6    99                       0                 0              0                0                0                    0        149   199        149      0         0                  0                 0                138            0      488       50      0                  3                   0                     0                   0           0
#pos runNum=0 0@(1.00000,1.00000)@0 1@(0.95741,0.91544)@542 2@(1.18467,0.95694)@558 3@(0.81677,0.90890)@625 4@(0.91063,1.17260)@1170 5@(0.82598,0.93673)@1395 6@(0.78760,1.06016)@739 7@(0.86476,1.13374)@1684 8@(0.65713,0.94319)@1024 9@(0.85843,1.17857)@1738 10@(0.88394,0.92339)@551 11@(0.85256,1.23087)@1297 12@(0.89531,1.11547)@1105 13@(0.81724,1.28220)@1480 14@(1.16374,1.10398)@768 15@(1.03398,1.12846)@1390 16@(1.05737,0.79658)@1262 17@(0.96243,0.72356)@1411 18@(0.88994,0.99453)@625 19@(0.89694,1.01591)@542 20@(0.66419,0.91395)@1293 21@(0.98267,1.17029)@554 22@(0.87579,0.76288)@1183 23@(0.96199,0.77859)@614 24@(0.84192,1.07397)@1100 25@(0.60025,0.96519)@1616 26@(0.93327,0.84647)@1100 27@(0.62822,0.95151)@1443 28@(0.76123,1.35592)@1346 29@(0.82922,0.77756)@1188 30@(0.66394,1.08500)@1297 31@(0.91767,0.88887)@554 32@(0.79130,1.30686)@739 33@(0.90115,0.97835)@548 34@(0.63107,1.13745)@1860 35@(0.75676,1.31519)@768 36@(1.14536,0.96278)@1121 37@(0.75533,1.51272)@1336 38@(1.12986,0.82630)@1100 39@(0.72004,0.71088)@1355 40@(0.61556,1.41667)@2028 41@(0.46291,1.02337)@2184 42@(0.61063,0.87780)@1851 43@(0.62081,0.88642)@1421 44@(0.63287,0.88752)@1950 45@(0.97661,1.29399)@2324 46@(0.66690,0.65351)@2248 47@(0.70538,0.95846)@1408 48@(0.51003,0.86970)@2006 49@(0.90719,1.10607)@1183
#links runNum=0 7-9@-91dBm@0.717 41-47@-89dBm@0.875 0-14@-92dBm@0.662 16-18@-97dBm@0.063 7-22@-95dBm@0.219 9-45@-96dBm@0.129 10-15@-89dBm@0.896 20-25@-95dBm@0.318 5-11@-91dBm@0.756 6-25@-92dBm@0.666 17-23@-84dBm@0.974 18-46@-93dBm@0.549 30-41@-95dBm@0.228 1-13@-93dBm@0.554 3-47@-86dBm@0.958 4-7@-84dBm@0.972 11-19@-93dBm@0.646 6-19@-89dBm@0.868 5-20@-90dBm@0.820 22-23@-94dBm@0.436 2-36@-83dBm@0.974 3-8@-97dBm@0.072 10-18@-80dBm@0.990 29-38@-91dBm@0.798 0-6@-92dBm@0.674 24-40@-94dBm@0.419 5-29@-87dBm@0.947 39-47@-93dBm@0.576 14-36@-92dBm@0.691 2-14@-90dBm@0.865 30-35@-93dBm@0.649 6-43@-91dBm@0.784 6-8@-93dBm@0.661 0-21@-86dBm@0.956 3-29@-87dBm@0.945 31-32@-93dBm@0.613 15-22@-93dBm@0.608 13-41@-93dBm@0.582 9-30@-89dBm@0.870 27-43@-84dBm@0.974 4-14@-90dBm@0.831 31-35@-95dBm@0.221 6-7@-92dBm@0.709 28-29@-96dBm@0.078 35-37@-88dBm@0.925 24-27@-92dBm@0.693 6-16@-92dBm@0.707 13-21@-96dBm@0.128 8-44@-77dBm@1.000 1-20@-94dBm@0.344 11-44@-94dBm@0.468 0-37@-97dBm@0.022 27-44@-78dBm@1.000 10-23@-95dBm@0.228 1-26@-86dBm@0.956 18-22@-95dBm@0.221 15-44@-96dBm@0.179 4-18@-92dBm@0.675 5-39@-96dBm@0.189 8-43@-97dBm@0.052 9-10@-90dBm@0.835 19-27@-96dBm@0.162 20-26@-97dBm@0.027 3-36@-97dBm@0.038 24-45@-97dBm@0.025 11-12@-86dBm@0.958 28-40@-90dBm@0.806 6-13@-88dBm@0.913 14-23@-93dBm@0.646 14-37@-96dBm@0.131 30-40@-91dBm@0.793 21-33@-95dBm@0.261 29-47@-95dBm@0.290 13-33@-94dBm@0.519 21-40@-96dBm@0.107 14-15@-93dBm@0.534 9-13@-91dBm@0.729 42-43@-91dBm@0.803 6-24@-85dBm@0.959 7-21@-93dBm@0.648 8-45@-97dBm@0.027 10-31@-91dBm@0.750 12-28@-94dBm@0.444 8-25@-84dBm@0.970 1-49@-95dBm@0.203 8-47@-86dBm@0.951 5-38@-94dBm@0.400 12-19@-84dBm@0.971 41-42@-92dBm@0.682 6-10@-97dBm@0.027 1-31@-87dBm@0.949 8-27@-95dBm@0.289 9-29@-95dBm@0.314 11-15@-88dBm@0.932 9-12@-86dBm@0.957 15-49@-95dBm@0.195 23-38@-91dBm@0.799 12-45@-88dBm@0.910 22-24@-93dBm@0.535 7-20@-92dBm@0.679 7-34@-96dBm@0.172 10-47@-90dBm@0.830 28-41@-94dBm@0.429 12-39@-94dBm@0.470 15-29@-92dBm@0.672 32-43@-95dBm@0.310 0-18@-89dBm@0.870 8-30@-94dBm@0.398 3-22@-85dBm@0.961 47-48@-90dBm@0.861 4-27@-97dBm@0.044 20-43@-92dBm@0.681 19-28@-92dBm@0.708 8-34@-96dBm@0.094 0-33@-87dBm@0.945 34-45@-92dBm@0.676 36-38@-92dBm@0.668 31-48@-95dBm@0.214 18-23@-95dBm@0.243 26-46@-92dBm@0.667 4-9@-88dBm@0.924 8-20@-74dBm@1.000 23-39@-96dBm@0.188 20-30@-93dBm@0.546 14-33@-92dBm@0.690 2-23@-91dBm@0.751 28-36@-96dBm@0.113 2-15@-93dBm@0.661 3-7@-88dBm@0.935 7-25@-96dBm@0.131 33-34@-94dBm@0.433 1-4@-91dBm@0.737 32-35@-95dBm@0.216 0-19@-82dBm@0.985 8-22@-93dBm@0.551 6-30@-88dBm@0.905 33-47@-91dBm@0.721 1-2@-89dBm@0.865 27-34@-88dBm@0.931 19-49@-79dBm@0.998 2-16@-91dBm@0.735 7-8@-89dBm@0.868 1-24@-87dBm@0.948 8-28@-96dBm@0.153 16-23@-86dBm@0.957 23-31@-92dBm@0.671 10-39@-93dBm@0.650 16-38@-87dBm@0.944 25-47@-87dBm@0.942 2-7@-94dBm@0.513 18-44@-92dBm@0.709 30-48@-96dBm@0.189 1-5@-93dBm@0.643 9-22@-93dBm@0.524 15-47@-95dBm@0.279 0-3@-90dBm@0.821 43-44@-81dBm@0.987 26-29@-85dBm@0.967 16-22@-94dBm@0.327 8-10@-91dBm@0.767 2-11@-96dBm@0.143 27-47@-83dBm@0.974 37-40@-89dBm@0.897 14-22@-96dBm@0.187 19-31@-86dBm@0.958 3-16@-93dBm@0.613 25-48@-87dBm@0.946 1-44@-94dBm@0.415 31-33@-81dBm@0.986 0-40@-96dBm@0.177 0-8@-93dBm@0.577 1-47@-94dBm@0.511 19-25@-90dBm@0.817 34-35@-89dBm@0.875 7-11@-81dBm@0.988 3-6@-95dBm@0.284 7-15@-96dBm@0.106 7-13@-92dBm@0.703 10-16@-96dBm@0.128 17-18@-93dBm@0.634 2-3@-93dBm@0.658 22-31@-92dBm@0.704 27-42@-82dBm@0.980 18-35@-91dBm@0.733 7-24@-96dBm@0.173 15-20@-97dBm@0.000 24-47@-94dBm@0.329 19-42@-97dBm@0.051 42-44@-83dBm@0.974 6-27@-91dBm@0.746 4-5@-90dBm@0.820 18-49@-82dBm@0.985 30-34@-81dBm@0.985 17-38@-91dBm@0.730 11-24@-96dBm@0.144 9-24@-96dBm@0.102 1-38@-87dBm@0.939 4-16@-93dBm@0.642 4-43@-94dBm@0.352 5-6@-83dBm@0.978 30-42@-95dBm@0.248 0-35@-93dBm@0.643 9-49@-93dBm@0.650 5-46@-93dBm@0.659 24-28@-91dBm@0.725 11-13@-86dBm@0.956 21-35@-93dBm@0.586 38-39@-94dBm@0.380 13-45@-96dBm@0.103 19-38@-95dBm@0.279 18-33@-67dBm@1.000 15-17@-93dBm@0.644 9-42@-95dBm@0.194 27-41@-97dBm@0.031 27-31@-94dBm@0.492 11-40@-90dBm@0.861 0-31@-86dBm@0.954 28-49@-90dBm@0.861 6-20@-87dBm@0.941 12-49@-75dBm@1.000 27-40@-95dBm@0.200 0-47@-94dBm@0.406 3-4@-92dBm@0.674 25-41@-86dBm@0.951 3-33@-85dBm@0.963 34-37@-93dBm@0.650 24-48@-94dBm@0.339 4-26@-92dBm@0.700 4-24@-83dBm@0.979 16-17@-88dBm@0.929 14-28@-96dBm@0.166 13-28@-89dBm@0.866 0-10@-85dBm@0.965 21-41@-96dBm@0.162 12-27@-93dBm@0.661 34-41@-89dBm@0.879 17-24@-93dBm@0.642 1-3@-89dBm@0.876 2-38@-90dBm@0.847 13-34@-93dBm@0.657 16-29@-93dBm@0.640 40-45@-93dBm@0.653 14-38@-91dBm@0.803 1-21@-95dBm@0.280 2-17@-93dBm@0.645 3-5@-76dBm@1.000 31-41@-94dBm@0.401 19-47@-90dBm@0.845 25-32@-93dBm@0.651 0-2@-87dBm@0.940 12-21@-87dBm@0.944 20-41@-95dBm@0.194 6-18@-83dBm@0.977 45-49@-87dBm@0.949 0-4@-93dBm@0.590 26-33@-96dBm@0.160 4-49@-94dBm@0.363 22-39@-85dBm@0.959 5-43@-90dBm@0.806 0-23@-90dBm@0.862 0-1@-81dBm@0.985 5-19@-84dBm@0.974 19-26@-86dBm@0.957 31-39@-90dBm@0.862 6-11@-87dBm@0.941 27-48@-86dBm@0.952 10-27@-91dBm@0.768 5-9@-91dBm@0.717 7-12@-74dBm@1.000 1-8@-92dBm@0.702 13-32@-93dBm@0.526 17-29@-88dBm@0.926 10-30@-91dBm@0.724 9-37@-92dBm@0.696 21-38@-96dBm@0.154 12-34@-94dBm@0.338 6-26@-94dBm@0.355 22-27@-97dBm@0.049 3-18@-85dBm@0.962 1-18@-85dBm@0.959 22-25@-94dBm@0.403 30-44@-97dBm@0.065 0-32@-92dBm@0.679 12-26@-90dBm@0.826 3-19@-89dBm@0.867 4-6@-86dBm@0.956 1-46@-95dBm@0.196 20-42@-88dBm@0.933 7-45@-89dBm@0.889 13-25@-92dBm@0.675 5-15@-93dBm@0.650 33-35@-92dBm@0.679 10-44@-95dBm@0.192 28-32@-84dBm@0.974 9-31@-94dBm@0.389 15-23@-92dBm@0.676 22-38@-90dBm@0.861 27-35@-96dBm@0.168 2-42@-97dBm@0.042 9-36@-91dBm@0.736 24-32@-88dBm@0.934 5-8@-89dBm@0.870 10-49@-97dBm@0.002 6-32@-95dBm@0.276
#aveChargePerCycle runNum=0 0@603.52 1@382.91 2@228.50 3@180.65 4@134.63 5@78.54 6@257.80 7@30.97 8@82.95 9@1.30 10@159.93 11@1.30 12@70.12 13@1.94 14@76.58 15@3.89 16@27.75 17@1.30 18@156.33 19@239.71 20@38.64 21@54.01 22@26.70 23@95.10 24@77.87 25@52.47 26@75.17 27@75.69 28@57.92 29@1.30 30@51.58 31@126.99 32@68.19 33@46.02 34@1.94 35@80.87 36@1.30 37@1.30 38@45.08 39@1.94 40@4.54 41@1.94 42@1.30 43@25.40 44@2.59 45@1.30 46@1.30 47@48.20 48@1.30 49@26.82