## dioPeriod = 1.0
## burstTimestamp = 20
## minRssi = -97
## numMotes = 50
## otfHousekeepingPeriod = 1.0
## sixtopNoRemoveWorstCell = 0
## simDataDir = simData
## numChans = 16
## slotframeLength = 101
## squareSide = 2.0
## cpuID = 5
## sixtopPdrThreshold = 1.5
## pkPeriod = None
## sixtopHousekeepingPeriod = 1.0
## sixtopNoHousekeeping = 0
## algorithm = otf
## pkPeriodVar = 0.05
## numCyclesPerRun = 100
## startTime = 1502276471.25
## slotDuration = 0.01
## numRuns = 1
## combinationKeys = ['algorithm', 'numMotes', 'otfThreshold']
## numPacketsBurst = 5
## otfThreshold = 1
## noInterference = 0
## gui = False


# appGenerated appReachesDagroot appRelayed aveHops aveLatency aveQueueDelay chargeConsumed collidedTxs cycle droppedAppFailedEnqueue droppedMacRetries droppedNoRoute droppedNoTxCells droppedQueueFull effectiveCollidedTxs numRxCells numTx numTxCells otfAdd otfRemove probableCollisions rplChurnParentSet rplChurnPrefParent rplChurnRank rplRxDIO rplTxDIO runNum scheduleCollisions topRxRelocatedCells topTxRelocatedBundles topTxRelocatedCells txQueueFill
             0                 0          0       0          0             0              0           0     0                       0                 0              0                0                0                    0          0     0          0      0         0                  0                 0                  0            0        0        0      0                  0                   0                     0                   0           0
             0                 0          0       0          0             0       1574.400           6     1                       0                 0              0                0                0                    3        115     0        115    115         0                  0               140                 90            6      476       50      0                  3                   0                     0                   0           0
             0                 0          0       0          0             0       4649.400           6     2                       0                 0              0                0                0                    3        125     0        125     10         0                  0                 0                145            0      476       50      0                  3                   0                     0                   0           0
             0                 0          0       0          0             0       7724.400           6     3                       0                 0              0                0                0                    3        125     0        125      0         0                  0                 0                145            0      476       50      0                  3                   0                     0                   0           0
             0                 0          0       0          0             0      10799.400           6     4                       0                 0              0                0                0                    3        125     0        125      0         0                  0                 0                145            0      476       50      0                  3                   0                     0                   0           0
             0                 0          0       0          0             0      13874.400           6     5                       0                 0              0                0                0                    3        125     0        125      0         0                  0                 0                145            0      476       50      0                  3                   0                     0                   0           0
             0                 0          0       0          0             0      16949.400           6     6                       0                 0              0                0                0                    3        125     0        125      0         0                  0                 0                145            0      476       50      0                  3                   0                     0                   0           0
             0                 0          0       0          0             0      20024.400           6     7                       0                 0              0                0                0                    3        125     0        125      0         0                  0                 0                145            0      476       50      0                  3                   0                     0                   0           0
             0                 0          0       0          0             0      23099.400           6     8                       0                 0              0                0                0                    3        125     0        125      0         0                  0                 0                145            0      476       50      0                  3                   0                     0                   0           0
             0                 0          0       0          0             0      26174.400           6     9                       0                 0              0                0                0                    3        125     0        125      0         0                  0                 0                145            0      476       50      0                  3                   0                     0                   0           0
             0                 0          0       0          0             0      29249.400           6    10                       0                 0              0                0                0                    3        125     0        125      0         0                  0                 0                145            0      476       50      0                  3                   0                     0                   0           0
             0                 0          0       0          0             0      32324.400           6    11                       0                 0              0                0                0                    3        125     0        125      0         0                  0                 0                145            0      476       50      0                  3                   0                     0                   0           0
             0                 0          0       0          0             0      35399.400           6    12                       0                 0              0                0                0                    3        125     0        125      0         0                  0                 0                145            0      476       50      0                  3                   0                     0                   0           0
             0                 0          0       0          0             0      38474.400           6    13                       0                 0              0                0                0                    3        125     0        125      0         0                  0                 0                145            0      476       50      0                  3                   0                     0                   0           0
             0                 0          0       0          0             0      41549.400           6    14                       0                 0              0                0                0                    3        125     0        125      0         0                  0                 0                145            0      476       50      0                  3                   0                     0                   0           0
             0                 0          0       0          0             0      44624.400           6    15                       0                 0              0                0                0                    3        125     0        125      0         0                  0                 0                145            0      476       50      0                  3                   0                     0                   0           0
             0                 0          0       0          0             0      47699.400           6    16                       0                 0              0                0                0                    3        125     0        125      0         0                  0                 0                145            0      476       50      0                  3                   0                     0                   0           0
             0                 0          0       0          0             0      50774.400           6    17                       0                 0              0                0                0                    3        125     0        125      0         0                  0                 0                145            0      476       50      0                  3                   0                     0                   0           0
             0                 0          0       0          0             0      53849.400           6    18                       0                 0              0                0                0                    3        125     0        125      0         0                  0                 0                145            0      476       50      0                  3                   0                     0                   0           0
            49                 2         12   1.000      6.000       170.000      59082.640           8    19                       0                 0              0                0                0                    3        137    22        137      5         0                  1                 0                145            0      476       50      0                  4                   0                     0                   0          47
             0                24         50   1.958     67.208      1667.383      72962.000          24    20                       0                 0              0                0                0                    6        215   110        215     31         2                  2                 2                144           16      476       50      0                 12                   0                     0                   0          23
             0                22          7   2.955    150.818       653.367      81128.540          14    21                       0                 0              0                0                0                    1        170   112        170     13        25                  0                13                118           54      476       50      0                  7                   1                     0                   0           1
             0                 1          0   4.000    235.000        68.000      85132.460          10    22                       0                 0              0                0                0                    1        154   101        154      6         7                  0                 6                 89           45      476       50      0                  5                   0                     0                   0           0
             0                 0          0       0          0             0      88797.860           8    23                       0                 0              0                0                0                    1        146    96        146      0         3                  0                 2                 96           31      476       50      0                  4                   0                     0                   0           0
             0                 0          0       0          0             0      92364.860           8    24                       0                 0              0                0                0                    1        144    93        144      0         1                  0                 0                 96            8      476       50      0                  4                   0                     0                   0           0
             0                 0          0       0          0             0      95907.260           8    25                       0                 0              0                0                0                    1        144    93        144      0         0                  0                 0                104           12      476       50      0                  4                   0                     0                   0           0
             0                 0          0       0          0             0      99400.460           8    26                       0                 0              0                0                0                    1        142    93        142      0         0                  0                 1                104            0      476       50      0                  4                   0                     0                   0           0
             0                 0          0       0          0             0     102893.660           8    27                       0                 0              0                0                0                    1        142    93        142      0         0                  0                 0                104            0      476       50      0                  4                   0                     0                   0           0
             0                 0          0       0          0             0     106386.860           8    28                       0                 0              0                0                0                    1        142    93        142      0         0                  0                 0                104            0      476       50      0                  4                   0                     0                   0           0
             0                 0          0       0          0             0     109880.060           8    29                       0                 0              0                0                0                    1        142    93        142      0         0                  0                 0                104            0      476       50      0                  4                   0                     0                   0           0
             0                 0          0       0          0             0     113373.260           8    30                       0                 0              0                0                0                    1        142    93        142      0         0                  0                 0                104            0      476       50      0                  4                   0                     0                   0           0
             0                 0          0       0          0             0     116866.460           8    31                       0                 0              0                0                0                    1        142    93        142      0         0                  0                 0                104            0      476       50      0                  4                   0                     0                   0           0
             0                 0          0       0          0             0     120359.660           8    32                       0                 0              0                0                0                    1        142    93        142      0         0                  0                 0                104            0      476       50      0                  4                   0                     0                   0           0
             0                 0          0       0          0             0     123852.860           8    33                       0                 0              0                0                0                    1        142    93        142      0         0                  0                 0                104            0      476       50      0                  4                   0                     0                   0           0
             0                 0          0       0          0             0     127346.060           8    34                       0                 0              0                0                0                    1        142    93        142      0         0                  0                 0                104            0      476       50      0                  4                   0                     0                   0           0
             0                 0          0       0          0             0     130839.260           8    35                       0                 0              0                0                0                    1        142    93        142      0         0                  0                 0                104            0      476       50      0                  4                   0                     0                   0           0
             0                 0          0       0          0             0     134332.460           8    36                       0                 0              0                0                0                    1        142    93        142      0         0                  0                 0                104            0      476       50      0                  4                   0                     0                   0           0
             0                 0          0       0          0             0     137825.660           8    37                       0                 0              0                0                0                    1        142    93        142      0         0                  0                 0                104            0      476       50      0                  4                   0                     0                   0           0
             0                 0          0       0          0             0     141318.860           8    38                       0                 0              0                0                0                    1        142    93        142      0         0                  0                 0                104            0      476       50      0                  4                   0                     0                   0           0
             0                 0          0       0          0             0     144812.060           8    39                       0                 0              0                0                0                    1        142    93        142      0         0                  0                 0                104            0      476       50      0                  4                   0                     0                   0           0
             0                 0          0       0          0             0     148305.260           8    40                       0                 0              0                0                0                    1        142    93        142      0         0                  0                 0                104            0      476       50      0                  4                   0                     0                   0           0
             0                 0          0       0          0             0     151798.460           8    41                       0                 0              0                0                0                    1        142    93        142      0         0                  0                 0                104            0      476       50      0                  4                   0                     0                   0           0
             0                 0          0       0          0             0     155291.660           8    42                       0                 0              0                0                0                    1        142    93        142      0         0                  0                 0                104            0      476       50      0                  4                   0                     0                   0           0
             0                 0          0       0          0             0     158784.860           8    43                       0                 0              0                0                0                    1        142    93        142      0         0                  0                 0                104            0      476       50      0                  4                   0                     0                   0           0
             0                 0          0       0          0             0     162278.060           8    44                       0                 0              0                0                0                    1        142    93        142      0         0                  0                 0                104            0      476       50      0                  4                   0                     0                   0           0
             0                 0          0       0          0             0     165771.260           8    45                       0                 0              0                0                0                    1        142    93        142      0         0                  0                 0                104            0      476       50      0                  4                   0                     0                   0           0
             0                 0          0       0          0             0     169264.460           8    46                       0                 0              0                0                0                    1        142    93        142      0         0                  0                 0                104            0      476       50      0                  4                   0                     0                   0           0
             0                 0          0       0          0             0     172757.660           8    47                       0                 0              0                0                0                    1        142    93        142      0         0                  0                 0                104            0      476       50      0                  4                   0                     0                   0           0
             0                 0          0       0          0             0     176250.860           8    48                       0                 0              0                0                0                    1        142    93        142      0         0                  0                 0                104            0      476       50      0                  4                   0                     0                   0           0
             0                 0          0       0          0             0     179744.060           8    49                       0                 0              0                0                0                    1        142    93        142      0         0                  0                 0                104            0      476       50      0                  4                   0                     0                   0           0
             0                 0          0       0          0             0     183237.260           8    50                       0                 0              0                0                0                    1        142    93        142      0         0                  0                 0                104            0      476       50      0                  4                   0                     0                   0           0
             0                 0          0       0          0             0     186730.460           8    51                       0                 0              0                0                0                    1        142    93        142      0         0                  0                 0                104            0      476       50      0                  4                   0                     0                   0           0
             0                 0          0       0          0             0     190223.660           8    52                       0                 0              0                0                0                    1        142    93        142      0         0                  0                 0                104            0      476       50      0                  4                   0                     0                   0           0
             0                 0          0       0          0             0     193716.860           8    53                       0                 0              0                0                0                    1        142    93        142      0         0                  0                 0                104            0      476       50      0                  4                   0                     0                   0           0
             0                 0          0       0          0             0     197210.060           8    54                       0                 0              0                0                0                    1        142    93        142      0         0                  0                 0                104            0      476       50      0                  4                   0                     0                   0           0
             0                 0          0       0          0             0     200703.260           8    55                       0                 0              0                0                0                    1        142    93        142      0         0                  0                 0                104            0      476       50      0                  4                   0                     0                   0           0
             0                 0          0       0          0             0     204196.460           8    56                       0                 0              0                0                0                    1        142    93        142      0         0                  0                 0                104            0      476       50      0                  4                   0                     0                   0           0
             0                 0          0       0          0             0     207689.660           8    57                       0                 0              0                0                0                    1        142    93        142      0         0                  0                 0                104            0      476       50      0                  4                   0                     0                   0           0
             0                 0          0       0          0             0     211182.860           8    58                       0                 0              0                0                0                    1        142    93        142      0         0                  0                 0                104            0      476       50      0                  4                   0                     0                   0           0
            49                 8         37   1.500     32.500       963.167     220927.740          11    59                       0                 0              0                0                0                    2        156   152        156      6         0                  1                 0                104            0      476       50      0                  6                   0                     0                   0          41
             0                26         28   2.154    102.231      1641.967     232084.760          13    60                       0                 0              0                0                0                    3        191   206        191     20         2                  0                 8                 95           32      476       50      0                  7                   0                     0                   0          15
             0                13          2   3.077    193.923       415.600     237907.200           8    61                       0                 0              0                0                0                    1        153   199        153      4        16                  0                 9                 86           52      476       50      0                  4                   0                     0                   0           2
             0                 2          0   4.000    270.000       139.000     241905.240           8    62                       0                 0              0                0                0                    1        150   196        150      3         2                  0                 3                 99           34      476       50      0                  4                   0                     0                   0           0
             0                 0          0       0          0             0     245496.840           8    63                       0                 0              0                0                0                    1        144   190        144      1         1                  0                 3                101           24      476       50      0                  4                   0                     0                   0           0
             0                 0          0       0          0             0     249039.240           8    64                       0                 0              0                0                0                    1        144   183        144      1         1                  0                 1                101            7      476       50      0                  4                   0                     0                   0           0
             0                 0          0       0          0             0     252606.240           8    65                       0                 0              0                0                0                    1        146   183        146      1         0                  0                 1                101            5      476       50      0                  4                   0                     0                   0           0
             0                 0          0       0          0             0     256173.240           8    66                       0                 0              0                0                0                    1        145   182        145      0         0                  0                 1                101            0      476       50      0                  4                   0                     0                   0           0
             0                 0          0       0          0             0     259740.240           8    67                       0                 0              0                0                0                    1        145   182        145      0         0                  0                 0                101            0      476       50      0                  4                   0                     0                   0           0
             0                 0          0       0          0             0     263307.240           8    68                       0                 0              0                0                0                    1        145   182        145      0         0                  0                 0                101            0      476       50      0                  4                   0                     0                   0           0
             0                 0          0       0          0             0     266874.240           8    69                       0                 0              0                0                0                    1        145   182        145      0         0                  0                 0                101            0      476       50      0                  4                   0                     0                   0           0
             0                 0          0       0          0             0     270441.240           8    70                       0                 0              0                0                0                    1        145   182        145      0         0                  0                 0                101            0      476       50      0                  4                   0                     0                   0           0
             0                 0          0       0          0             0     274008.240           8    71                       0                 0              0                0                0                    1        145   182        145      0         0                  0                 0                101            0      476       50      0                  4                   0                     0                   0           0
             0                 0          0       0          0             0     277575.240           8    72                       0                 0              0                0                0                    1        145   182        145      0         0                  0                 0                101            0      476       50      0                  4                   0                     0                   0           0
             0                 0          0       0          0             0     281142.240           8    73                       0                 0              0                0                0                    1        145   182        145      0         0                  0                 0                101            0      476       50      0                  4                   0                     0                   0           0
             0                 0          0       0          0             0     284709.240           8    74                       0                 0              0                0                0                    1        145   182        145      0         0                  0                 0                101            0      476       50      0                  4                   0                     0                   0           0
             0                 0          0       0          0             0     288276.240           8    75                       0                 0              0                0                0                    1        145   182        145      0         0                  0                 0                101            0      476       50      0                  4                   0                     0                   0           0
             0                 0          0       0          0             0     291843.240           8    76                       0                 0              0                0                0                    1        145   182        145      0         0                  0                 0                101            0      476       50      0                  4                   0                     0                   0           0
             0                 0          0       0          0             0     295410.240           8    77                       0                 0              0                0                0                    1        145   182        145      0         0                  0                 0                101            0      476       50      0                  4                   0                     0                   0           0
             0                 0          0       0          0             0     298977.240           8    78                       0                 0              0                0                0                    1        145   182        145      0         0                  0                 0                101            0      476       50      0                  4                   0                     0                   0           0
             0                 0          0       0          0             0     302544.240           8    79                       0                 0              0                0                0                    1        145   182        145      0         0                  0                 0                101            0      476       50      0                  4                   0                     0                   0           0
             0                 0          0       0          0             0     306111.240           8    80                       0                 0              0                0                0                    1        145   182        145      0         0                  0                 0                101            0      476       50      0                  4                   0                     0                   0           0
             0                 0          0       0          0             0     309678.240           8    81                       0                 0              0                0                0                    1        145   182        145      0         0                  0                 0                101            0      476       50      0                  4                   0                     0                   0           0
             0                 0          0       0          0             0     313245.240           8    82                       0                 0              0                0                0                    1        145   182        145      0         0                  0                 0                101            0      476       50      0                  4                   0                     0                   0           0
             0                 0          0       0          0             0     316812.240           8    83                       0                 0              0                0                0                    1        145   182        145      0         0                  0                 0                101            0      476       50      0                  4                   0                     0                   0           0
             0                 0          0       0          0             0     320379.240           8    84                       0                 0              0                0                0                    1        145   182        145      0         0                  0                 0                101            0      476       50      0                  4                   0                     0                   0           0
             0                 0          0       0          0             0     323946.240           8    85                       0                 0              0                0                0                    1        145   182        145      0         0                  0                 0                101            0      476       50      0                  4                   0                     0                   0           0
             0                 0          0       0          0             0     327513.240           8    86                       0                 0              0                0                0                    1        145   182        145      0         0                  0                 0                101            0      476       50      0                  4                   0                     0                   0           0
             0                 0          0       0          0             0     331080.240           8    87                       0                 0              0                0                0                    1        145   182        145      0         0                  0                 0                101            0      476       50      0                  4                   0                     0                   0           0
             0                 0          0       0          0             0     334647.240           8    88                       0                 0              0                0                0                    1        145   182        145      0         0                  0                 0                101            0      476       50      0                  4                   0                     0                   0           0
             0                 0          0       0          0             0     338214.240           8    89                       0                 0              0                0                0                    1        145   182        145      0         0                  0                 0                101            0      476       50      0                  4                   0                     0                   0           0
             0                 0          0       0          0             0     341781.240           8    90                       0                 0              0                0                0                    1        145   182        145      0         0                  0                 0                101            0      476       50      0                  4                   0                     0                   0           0
             0                 0          0       0          0             0     345348.240           8    91                       0                 0              0                0                0                    1        145   182        145      0         0                  0                 0                101            0      476       50      0                  4                   0                     0                   0           0
             0                 0          0       0          0             0     348915.240           8    92                       0                 0              0                0                0                    1        145   182        145      0         0                  0                 0                101            0      476       50      0                  4                   0                     0                   0           0
             0                 0          0       0          0             0     352482.240           8    93                       0                 0              0                0                0                    1        145   182        145      0         0                  0                 0                101            0      476       50      0                  4                   0                     0                   0           0
             0                 0          0       0          0             0     356049.240           8    94                       0                 0              0                0                0                    1        145   182        145      0         0                  0                 0                101            0      476       50      0                  4                   0                     0                   0           0
             0                 0          0       0          0             0     359616.240           8    95                       0                 0              0                0                0                    1        145   182        145      0         0                  0                 0                101            0      476       50      0                  4                   0                     0                   0           0
             0                 0          0       0          0             0     363183.240           8    96                       0                 0              0                0                0                    1        145   182        145      0         0                  0                 0                101            0      476       50      0                  4                   0                     0                   0           0
             0                 0          0       0          0             0     366750.240           8    97                       0                 0              0                0                0                    1        145   182        145      0         0                  0                 0                101            0      476       50      0                  4                   0                     0                   0           0
             0                 0          0       0          0             0     370317.240           8    98                       0                 0              0                0                0                    1        145   182        145      0         0                  0                 0                101            0      476       50      0                  4                   0                     0                   0           0
             0                 0          0       0          0             0     373884.240           8    99                       0                 0              0                0                0                    1        145   182        145      0         0                  0                 0                101            0      476       50      0                  4                   0                     0                   0           0
#pos runNum=0 0@(1.00000,1.00000)@0 1@(0.93611,0.77328)@540 2@(1.23176,0.92890)@546 3@(1.16198,0.79278)@704 4@(1.10511,0.55380)@768 5@(0.88951,0.74224)@1103 6@(1.18620,0.89820)@548 7@(1.07239,0.84760)@1318 8@(1.08897,0.93128)@554 9@(1.05542,0.86025)@1393 10@(1.28540,0.94459)@1143 11@(1.06716,0.59307)@1572 12@(1.14097,0.75679)@1267 13@(1.34096,0.86054)@1369 14@(1.02667,0.56580)@1326 15@(1.06859,0.93198)@597 16@(1.18677,0.88585)@1060 17@(1.10571,1.07929)@1155 18@(1.21600,0.90647)@1109 19@(1.27499,0.81023)@1768 20@(1.38189,0.87981)@1162 21@(1.46079,0.58376)@1314 22@(0.98586,0.78491)@554 23@(1.30038,0.79988)@716 24@(1.15705,0.65935)@1211 25@(0.71527,0.97400)@768 26@(1.29685,0.58406)@1398 27@(1.40680,0.95966)@1486 28@(1.20331,0.56130)@1435 29@(1.13362,0.63769)@1871 30@(1.10818,0.60746)@1408 31@(1.17693,0.59918)@1393 32@(1.24747,0.77239)@1267 33@(0.93815,1.08224)@563 34@(1.29740,1.09624)@1776 35@(0.98150,0.96882)@1103 36@(1.40061,0.83310)@2097 37@(1.33387,1.00376)@1407 38@(1.00523,0.59874)@1326 39@(0.83501,1.11597)@1382 40@(0.85152,0.99223)@568 41@(1.02358,0.66183)@1252 42@(0.72380,0.94606)@1326 43@(1.32056,0.54909)@1998 44@(1.19129,0.74443)@1262 45@(1.45512,0.71473)@1983 46@(1.23383,0.96623)@1876 47@(1.51175,0.75406)@2200 48@(1.27795,1.09837)@2015 49@(0.75661,0.82011)@804
#links runNum=0 14-15@-96dBm@0.160 22-41@-93dBm@0.658 10-19@-89dBm@0.868 2-8@-84dBm@0.974 13-27@-83dBm@0.974 4-11@-93dBm@0.640 18-41@-92dBm@0.687 5-11@-91dBm@0.740 25-49@-95dBm@0.210 24-44@-91dBm@0.777 4-13@-97dBm@0.025 17-37@-94dBm@0.347 31-44@-94dBm@0.383 8-25@-96dBm@0.159 5-27@-95dBm@0.219 29-38@-88dBm@0.936 3-47@-97dBm@0.037 4-7@-91dBm@0.770 21-29@-93dBm@0.661 31-38@-96dBm@0.174 6-19@-96dBm@0.127 5-14@-93dBm@0.523 6-12@-85dBm@0.967 6-35@-90dBm@0.865 28-37@-94dBm@0.447 26-31@-83dBm@0.974 0-8@-85dBm@0.960 15-40@-91dBm@0.736 8-22@-93dBm@0.657 1-35@-87dBm@0.944 31-32@-87dBm@0.946 23-44@-96dBm@0.180 36-45@-96dBm@0.167 6-18@-79dBm@1.000 16-26@-94dBm@0.389 11-25@-95dBm@0.204 13-22@-95dBm@0.231 13-20@-95dBm@0.226 40-49@-91dBm@0.764 3-17@-96dBm@0.138 2-19@-95dBm@0.195 8-13@-91dBm@0.797 28-43@-83dBm@0.976 13-19@-79dBm@1.000 16-27@-96dBm@0.127 9-33@-92dBm@0.695 15-35@-92dBm@0.676 23-31@-94dBm@0.341 10-12@-94dBm@0.358 21-26@-93dBm@0.654 2-6@-78dBm@1.000 10-27@-83dBm@0.977 33-45@-97dBm@0.024 3-34@-95dBm@0.225 8-30@-96dBm@0.090 22-25@-96dBm@0.148 5-40@-89dBm@0.866 2-21@-93dBm@0.646 34-37@-92dBm@0.673 3-44@-85dBm@0.961 12-46@-88dBm@0.909 45-47@-83dBm@0.976 18-27@-96dBm@0.081 7-44@-91dBm@0.746 13-46@-95dBm@0.244 42-48@-96dBm@0.106 26-28@-92dBm@0.696 3-13@-89dBm@0.890 10-41@-92dBm@0.684 7-32@-93dBm@0.648 30-47@-97dBm@0.000 36-48@-92dBm@0.670 46-49@-96dBm@0.129 38-43@-92dBm@0.670 7-25@-93dBm@0.544 12-42@-93dBm@0.538 24-33@-96dBm@0.180 41-49@-93dBm@0.646 4-32@-94dBm@0.342 7-11@-92dBm@0.711 13-21@-90dBm@0.812 1-49@-89dBm@0.866 33-47@-96dBm@0.076 29-40@-94dBm@0.351 2-18@-80dBm@0.993 11-28@-95dBm@0.204 33-34@-97dBm@0.010 5-38@-95dBm@0.260 4-38@-84dBm@0.971 16-18@-86dBm@0.957 18-21@-94dBm@0.446 1-31@-93dBm@0.648 16-37@-95dBm@0.234 12-20@-90dBm@0.834 31-45@-93dBm@0.526 10-13@-83dBm@0.976 19-36@-94dBm@0.436 7-20@-90dBm@0.832 1-9@-93dBm@0.647 15-17@-87dBm@0.938 20-36@-89dBm@0.867 0-15@-90dBm@0.822 46-47@-93dBm@0.642 1-2@-92dBm@0.674 6-21@-93dBm@0.640 4-44@-95dBm@0.279 26-43@-85dBm@0.965 5-29@-92dBm@0.711 11-24@-88dBm@0.937 4-14@-82dBm@0.985 12-14@-88dBm@0.916 15-24@-90dBm@0.855 0-22@-87dBm@0.940 0-33@-87dBm@0.939 25-39@-90dBm@0.853 7-46@-86dBm@0.955 25-34@-96dBm@0.102 30-48@-97dBm@0.034 27-46@-88dBm@0.937 2-3@-86dBm@0.950 9-35@-90dBm@0.863 7-39@-92dBm@0.694 1-15@-93dBm@0.587 29-41@-90dBm@0.864 8-28@-94dBm@0.403 7-8@-87dBm@0.942 40-44@-96dBm@0.096 3-7@-90dBm@0.860 13-16@-91dBm@0.763 26-27@-94dBm@0.359 1-4@-89dBm@0.866 8-39@-96dBm@0.185 2-41@-94dBm@0.342 0-6@-87dBm@0.942 5-35@-89dBm@0.866 23-46@-93dBm@0.658 8-12@-93dBm@0.555 2-16@-90dBm@0.865 9-27@-91dBm@0.727 1-16@-94dBm@0.453 9-49@-90dBm@0.808 45-48@-93dBm@0.552 0-28@-96dBm@0.132 6-23@-94dBm@0.463 24-31@-89dBm@0.867 0-1@-88dBm@0.936 11-38@-93dBm@0.645 1-5@-81dBm@0.986 10-34@-84dBm@0.971 0-3@-91dBm@0.736 17-43@-96dBm@0.158 21-28@-92dBm@0.697 5-7@-93dBm@0.656 4-30@-79dBm@1.000 23-32@-94dBm@0.503 7-22@-89dBm@0.886 29-48@-96dBm@0.166 8-32@-88dBm@0.918 7-14@-91dBm@0.776 23-34@-91dBm@0.791 28-30@-94dBm@0.347 9-40@-90dBm@0.840 35-40@-88dBm@0.932 0-40@-84dBm@0.971 6-41@-92dBm@0.702 5-33@-93dBm@0.659 18-44@-92dBm@0.671 2-22@-94dBm@0.382 11-14@-96dBm@0.139 37-44@-90dBm@0.845 3-6@-81dBm@0.985 4-41@-95dBm@0.233 2-10@-89dBm@0.884 6-34@-94dBm@0.493 6-15@-90dBm@0.863 16-33@-96dBm@0.095 7-16@-95dBm@0.283 12-32@-87dBm@0.941 10-17@-88dBm@0.932 31-43@-89dBm@0.868 6-27@-93dBm@0.638 4-5@-91dBm@0.739 26-30@-87dBm@0.939 14-24@-84dBm@0.971 17-18@-91dBm@0.741 20-45@-90dBm@0.829 24-42@-94dBm@0.339 35-36@-97dBm@0.054 34-48@-84dBm@0.973 0-25@-92dBm@0.676 22-44@-89dBm@0.867 36-44@-94dBm@0.329 32-38@-91dBm@0.737 0-35@-96dBm@0.095 44-47@-93dBm@0.557 3-28@-91dBm@0.723 15-16@-83dBm@0.978 26-46@-96dBm@0.185 7-17@-91dBm@0.745 7-18@-91dBm@0.724 17-34@-92dBm@0.671 14-44@-92dBm@0.696 14-31@-87dBm@0.945 28-31@-77dBm@1.000 16-23@-85dBm@0.960 6-20@-89dBm@0.876 35-39@-88dBm@0.937 10-36@-86dBm@0.951 37-48@-90dBm@0.860 3-42@-96dBm@0.176 3-10@-92dBm@0.662 13-23@-95dBm@0.225 6-10@-90dBm@0.856 23-26@-91dBm@0.721 18-34@-92dBm@0.664 1-14@-94dBm@0.355 2-26@-96dBm@0.165 15-23@-97dBm@0.004 11-47@-95dBm@0.273 25-42@-80dBm@0.989 1-3@-92dBm@0.689 0-2@-88dBm@0.915 17-25@-93dBm@0.582 34-46@-97dBm@0.058 14-38@-76dBm@1.000 15-26@-95dBm@0.272 8-15@-95dBm@0.248 17-20@-93dBm@0.648 14-41@-91dBm@0.737 30-42@-95dBm@0.216 6-49@-96dBm@0.159 38-42@-96dBm@0.185 29-31@-96dBm@0.171 2-38@-94dBm@0.385 13-44@-89dBm@0.867 3-4@-88dBm@0.911 3-23@-96dBm@0.179 0-4@-93dBm@0.533 22-45@-95dBm@0.209 19-23@-89dBm@0.875 20-30@-94dBm@0.330 24-29@-71dBm@1.000 41-45@-97dBm@0.049 0-23@-93dBm@0.637 3-30@-91dBm@0.761 33-38@-95dBm@0.200 1-32@-97dBm@0.046 11-30@-86dBm@0.950 16-44@-88dBm@0.934 40-42@-92dBm@0.710 4-28@-86dBm@0.958 36-47@-93dBm@0.645 7-40@-91dBm@0.749 33-40@-89dBm@0.886 18-29@-90dBm@0.819 12-39@-95dBm@0.198 33-46@-94dBm@0.384 6-16@-65dBm@1.000 7-10@-91dBm@0.780 18-19@-83dBm@0.976 8-37@-92dBm@0.662 3-32@-79dBm@0.995 10-37@-90dBm@0.864 6-26@-95dBm@0.314 7-9@-79dBm@1.000 39-49@-94dBm@0.461 0-32@-96dBm@0.151 4-12@-92dBm@0.675 6-36@-97dBm@0.010 18-32@-96dBm@0.177 32-37@-91dBm@0.778 20-48@-92dBm@0.693 2-5@-93dBm@0.647 23-45@-88dBm@0.905 23-43@-96dBm@0.149 14-26@-89dBm@0.870 26-44@-89dBm@0.868 15-46@-87dBm@0.940 10-22@-96dBm@0.132 9-17@-92dBm@0.681 42-49@-92dBm@0.709 13-45@-90dBm@0.832 7-35@-89dBm@0.868 9-36@-91dBm@0.739 22-38@-94dBm@0.410 26-32@-93dBm@0.654 12-38@-97dBm@0.038 3-12@-81dBm@0.988 27-37@-93dBm@0.647 28-48@-96dBm@0.167 0-49@-92dBm@0.707 2-9@-93dBm@0.657 38-39@-97dBm@0.071 12-18@-86dBm@0.955 32-46@-92dBm@0.711 19-20@-86dBm@0.956 29-30@-76dBm@1.000
#aveChargePerCycle runNum=0 0@498.73 1@324.47 2@340.15 3@242.80 4@208.43 5@75.04 6@342.64 7@103.83 8@134.81 9@28.12 10@181.43 11@1.30 12@25.65 13@85.54 14@1.30 15@109.47 16@50.68 17@30.55 18@139.86 19@1.30 20@91.18 21@53.15 22@75.04 23@84.09 24@26.82 25@79.45 26@30.76 27@1.94 28@27.22 29@1.94 30@1.30 31@27.35 32@47.18 33@11.29 34@27.47 35@25.40 36@6.22 37@26.82 38@1.94 39@1.94 40@50.74 41@1.30 42@2.59 43@1.30 44@30.42 45@25.65 46@21.66 47@1.94 48@1.94 49@26.95