## dioPeriod = 1.0
## burstTimestamp = 20
## minRssi = -97
## numMotes = 50
## otfHousekeepingPeriod = 1.0
## sixtopNoRemoveWorstCell = 0
## simDataDir = simData
## numChans = 16
## slotframeLength = 101
## squareSide = 2.0
## cpuID = 85
## sixtopPdrThreshold = 1.5
## pkPeriod = None
## sixtopHousekeepingPeriod = 1.0
## sixtopNoHousekeeping = 0
## algorithm = otf
## pkPeriodVar = 0.05
## numCyclesPerRun = 100
## startTime = 1502276471.29
## slotDuration = 0.01
## numRuns = 1
## combinationKeys = ['algorithm', 'numMotes', 'otfThreshold']
## numPacketsBurst = 5
## otfThreshold = 1
## noInterference = 0
## gui = False


# appGenerated appReachesDagroot appRelayed aveHops aveLatency aveQueueDelay chargeConsumed collidedTxs cycle droppedAppFailedEnqueue droppedMacRetries droppedNoRoute droppedNoTxCells droppedQueueFull effectiveCollidedTxs numRxCells numTx numTxCells otfAdd otfRemove probableCollisions rplChurnParentSet rplChurnPrefParent rplChurnRank rplRxDIO rplTxDIO runNum scheduleCollisions topRxRelocatedCells topTxRelocatedBundles topTxRelocatedCells txQueueFill
             0                 0          0       0          0             0              0           0     0                       0                 0              0                0                0                    0          0     0          0      0         0                  0                 0                  0            0        0        0      0                  0                   0                     0                   0           0
             0                 0          0       0          0             0       1549.800           4     1                       0                 0              0                0                0                    2        117     0        117    117         0                  0               138                146            7      597       50      0                  2                   0                     0                   0           0
             0                 0          0       0          0             0       4551.000           4     2                       0                 0              0                0                0                    2        123     0        123      6         0                  0                 0                190            0      597       50      0                  2                   0                     0                   0           0
             0                 0          0       0          0             0       7576.800           4     3                       0                 0              0                0                0                    2        123     0        123      0         0                  0                 0                190            0      597       50      0                  2                   0                     0                   0           0
             0                 0          0       0          0             0      10602.600           4     4                       0                 0              0                0                0                    2        123     0        123      0         0                  0                 0                190            0      597       50      0                  2                   0                     0                   0           0
             0                 0          0       0          0             0      13628.400           4     5                       0                 0              0                0                0                    2        123     0        123      0         0                  0                 0                190            0      597       50      0                  2                   0                     0                   0           0
             0                 0          0       0          0             0      16654.200           4     6                       0                 0              0                0                0                    2        123     0        123      0         0                  0                 0                190            0      597       50      0                  2                   0                     0                   0           0
             0                 0          0       0          0             0      19680.000           4     7                       0                 0              0                0                0                    2        123     0        123      0         0                  0                 0                190            0      597       50      0                  2                   0                     0                   0           0
             0                 0          0       0          0             0      22705.800           4     8                       0                 0              0                0                0                    2        123     0        123      0         0                  0                 0                190            0      597       50      0                  2                   0                     0                   0           0
             0                 0          0       0          0             0      25731.600           4     9                       0                 0              0                0                0                    2        123     0        123      0         0                  0                 0                190            0      597       50      0                  2                   0                     0                   0           0
             0                 0          0       0          0             0      28757.400           4    10                       0                 0              0                0                0                    2        123     0        123      0         0                  0                 0                190            0      597       50      0                  2                   0                     0                   0           0
             0                 0          0       0          0             0      31783.200           4    11                       0                 0              0                0                0                    2        123     0        123      0         0                  0                 0                190            0      597       50      0                  2                   0                     0                   0           0
             0                 0          0       0          0             0      34809.000           4    12                       0                 0              0                0                0                    2        123     0        123      0         0                  0                 0                190            0      597       50      0                  2                   0                     0                   0           0
             0                 0          0       0          0             0      37834.800           4    13                       0                 0              0                0                0                    2        123     0        123      0         0                  0                 0                190            0      597       50      0                  2                   0                     0                   0           0
             0                 0          0       0          0             0      40860.600           4    14                       0                 0              0                0                0                    2        123     0        123      0         0                  0                 0                190            0      597       50      0                  2                   0                     0                   0           0
             0                 0          0       0          0             0      43886.400           4    15                       0                 0              0                0                0                    2        123     0        123      0         0                  0                 0                190            0      597       50      0                  2                   0                     0                   0           0
             0                 0          0       0          0             0      46912.200           4    16                       0                 0              0                0                0                    2        123     0        123      0         0                  0                 0                190            0      597       50      0                  2                   0                     0                   0           0
             0                 0          0       0          0             0      49938.000           4    17                       0                 0              0                0                0                    2        123     0        123      0         0                  0                 0                190            0      597       50      0                  2                   0                     0                   0           0
             0                 0          0       0          0             0      52963.800           4    18                       0                 0              0                0                0                    2        123     0        123      0         0                  0                 0                190            0      597       50      0                  2                   0                     0                   0           0
            49                 2         17   1.000     16.500       184.000      58807.240           6    19                       0                 0              0                0                0                    2        144    27        144      9         0                  0                 0                190            0      597       50      0                  3                   0                     0                   0          47
             0                27         41   1.889     71.444      1659.167      71755.840          14    20                       0                 0              0                0                0                    3        194   102        194     23         2                  0                 3                168           14      597       50      0                  7                   0                     0                   0          20
             0                20          6   3.000    155.450       418.105      79260.200           8    21                       0                 0              0                0                0                    2        168   113        168     14        21                  0                12                172           48      597       50      0                  4                   0                     0                   0           0
             0                 0          0       0          0             0      83122.400           4    22                       0                 0              0                0                0                    1        149    91        149     11         8                  0                13                174           29      597       50      0                  2                   0                     0                   0           0
             0                 0          0       0          0             0      86714.000           4    23                       0                 0              0                0                0                    1        148    85        148      2         2                  0                 3                178           18      597       50      0                  2                   0                     0                   0           0
             0                 0          0       0          0             0      90305.600           4    24                       0                 0              0                0                0                    1        146    85        146      1         0                  0                 3                185            9      597       50      0                  2                   0                     0                   0           0
             0                 0          0       0          0             0      93700.400           2    25                       0                 0              0                0                0                    0        138    85        138      0         0                  0                 4                185            0      597       50      0                  1                   0                     0                   0           0
             0                 0          0       0          0             0      97095.200           2    26                       0                 0              0                0                0                    0        138    85        138      0         0                  0                 0                185            0      597       50      0                  1                   0                     0                   0           0
             0                 0          0       0          0             0     100490.000           2    27                       0                 0              0                0                0                    0        138    85        138      0         0                  0                 0                185            0      597       50      0                  1                   0                     0                   0           0
             0                 0          0       0          0             0     103884.800           2    28                       0                 0              0                0                0                    0        138    85        138      0         0                  0                 0                185            0      597       50      0                  1                   0                     0                   0           0
             0                 0          0       0          0             0     107279.600           2    29                       0                 0              0                0                0                    0        138    85        138      0         0                  0                 0                185            0      597       50      0                  1                   0                     0                   0           0
             0                 0          0       0          0             0     110674.400           2    30                       0                 0              0                0                0                    0        138    85        138      0         0                  0                 0                185            0      597       50      0                  1                   0                     0                   0           0
             0                 0          0       0          0             0     114069.200           2    31                       0                 0              0                0                0                    0        138    85        138      0         0                  0                 0                185            0      597       50      0                  1                   0                     0                   0           0
             0                 0          0       0          0             0     117464.000           2    32                       0                 0              0                0                0                    0        138    85        138      0         0                  0                 0                185            0      597       50      0                  1                   0                     0                   0           0
             0                 0          0       0          0             0     120858.800           2    33                       0                 0              0                0                0                    0        138    85        138      0         0                  0                 0                185            0      597       50      0                  1                   0                     0                   0           0
             0                 0          0       0          0             0     124253.600           2    34                       0                 0              0                0                0                    0        138    85        138      0         0                  0                 0                185            0      597       50      0                  1                   0                     0                   0           0
             0                 0          0       0          0             0     127648.400           2    35                       0                 0              0                0                0                    0        138    85        138      0         0                  0                 0                185            0      597       50      0                  1                   0                     0                   0           0
             0                 0          0       0          0             0     131043.200           2    36                       0                 0              0                0                0                    0        138    85        138      0         0                  0                 0                185            0      597       50      0                  1                   0                     0                   0           0
             0                 0          0       0          0             0     134438.000           2    37                       0                 0              0                0                0                    0        138    85        138      0         0                  0                 0                185            0      597       50      0                  1                   0                     0                   0           0
             0                 0          0       0          0             0     137832.800           2    38                       0                 0              0                0                0                    0        138    85        138      0         0                  0                 0                185            0      597       50      0                  1                   0                     0                   0           0
             0                 0          0       0          0             0     141227.600           2    39                       0                 0              0                0                0                    0        138    85        138      0         0                  0                 0                185            0      597       50      0                  1                   0                     0                   0           0
             0                 0          0       0          0             0     144622.400           2    40                       0                 0              0                0                0                    0        138    85        138      0         0                  0                 0                185            0      597       50      0                  1                   0                     0                   0           0
             0                 0          0       0          0             0     148017.200           2    41                       0                 0              0                0                0                    0        138    85        138      0         0                  0                 0                185            0      597       50      0                  1                   0                     0                   0           0
             0                 0          0       0          0             0     151412.000           2    42                       0                 0              0                0                0                    0        138    85        138      0         0                  0                 0                185            0      597       50      0                  1                   0                     0                   0           0
             0                 0          0       0          0             0     154806.800           2    43                       0                 0              0                0                0                    0        138    85        138      0         0                  0                 0                185            0      597       50      0                  1                   0                     0                   0           0
             0                 0          0       0          0             0     158201.600           2    44                       0                 0              0                0                0                    0        138    85        138      0         0                  0                 0                185            0      597       50      0                  1                   0                     0                   0           0
             0                 0          0       0          0             0     161596.400           2    45                       0                 0              0                0                0                    0        138    85        138      0         0                  0                 0                185            0      597       50      0                  1                   0                     0                   0           0
             0                 0          0       0          0             0     164991.200           2    46                       0                 0              0                0                0                    0        138    85        138      0         0                  0                 0                185            0      597       50      0                  1                   0                     0                   0           0
             0                 0          0       0          0             0     168386.000           2    47                       0                 0              0                0                0                    0        138    85        138      0         0                  0                 0                185            0      597       50      0                  1                   0                     0                   0           0
             0                 0          0       0          0             0     171780.800           2    48                       0                 0              0                0                0                    0        138    85        138      0         0                  0                 0                185            0      597       50      0                  1                   0                     0                   0           0
             0                 0          0       0          0             0     175175.600           2    49                       0                 0              0                0                0                    0        138    85        138      0         0                  0                 0                185            0      597       50      0                  1                   0                     0                   0           0
             0                 0          0       0          0             0     178570.400           2    50                       0                 0              0                0                0                    0        138    85        138      0         0                  0                 0                185            0      597       50      0                  1                   0                     0                   0           0
             0                 0          0       0          0             0     181965.200           2    51                       0                 0              0                0                0                    0        138    85        138      0         0                  0                 0                185            0      597       50      0                  1                   0                     0                   0           0
             0                 0          0       0          0             0     185360.000           2    52                       0                 0              0                0                0                    0        138    85        138      0         0                  0                 0                185            0      597       50      0                  1                   0                     0                   0           0
             0                 0          0       0          0             0     188754.800           2    53                       0                 0              0                0                0                    0        138    85        138      0         0                  0                 0                185            0      597       50      0                  1                   0                     0                   0           0
             0                 0          0       0          0             0     192149.600           2    54                       0                 0              0                0                0                    0        138    85        138      0         0                  0                 0                185            0      597       50      0                  1                   0                     0                   0           0
             0                 0          0       0          0             0     195544.400           2    55                       0                 0              0                0                0                    0        138    85        138      0         0                  0                 0                185            0      597       50      0                  1                   0                     0                   0           0
             0                 0          0       0          0             0     198939.200           2    56                       0                 0              0                0                0                    0        138    85        138      0         0                  0                 0                185            0      597       50      0                  1                   0                     0                   0           0
             0                 0          0       0          0             0     202334.000           2    57                       0                 0              0                0                0                    0        138    85        138      0         0                  0                 0                185            0      597       50      0                  1                   0                     0                   0           0
             0                 0          0       0          0             0     205728.800           2    58                       0                 0              0                0                0                    0        138    85        138      0         0                  0                 0                185            0      597       50      0                  1                   0                     0                   0           0
            49                 9         34   1.333     39.000       944.000     215011.400          14    59                       0                 0              0                0                0                    6        162   140        162      8         0                  1                 0                185            0      597       50      0                  7                   0                     0                   0          40
             0                28         26   2.107    107.036      1444.245     225956.000          16    60                       0                 0              0                0                0                    4        175   193        175     10         4                  0                 6                183           35      597       50      0                  8                   2                     0                   0          12
             0                12          1   3.250    182.750       306.583     231488.360          14    61                       0                 0              0                0                0                    4        153   176        153      7         9                  0                10                187           31      597       50      0                  7                   1                     0                   0           0
             0                 0          0       0          0             0     235178.360          10    62                       0                 0              0                0                0                    2        149   171        149      1         3                  0                 1                183           13      597       50      0                  5                   1                     0                   0           0
             0                 0          0       0          0             0     238819.160           8    63                       0                 0              0                0                0                    2        148   166        148      1         1                  0                 1                183           11      597       50      0                  4                   0                     0                   0           0
             0                 0          0       0          0             0     242410.760           8    64                       0                 0              0                0                0                    2        144   160        144      0         1                  0                 1                178            8      597       50      0                  4                   0                     0                   0           0
             0                 0          0       0          0             0     245903.960           8    65                       0                 0              0                0                0                    2        142   160        142      0         0                  0                 1                177            5      597       50      0                  4                   0                     0                   0           0
             0                 0          0       0          0             0     249397.160           8    66                       0                 0              0                0                0                    2        142   160        142      0         0                  0                 0                177            0      597       50      0                  4                   0                     0                   0           0
             0                 0          0       0          0             0     252890.360           8    67                       0                 0              0                0                0                    2        142   160        142      0         0                  0                 0                177            0      597       50      0                  4                   0                     0                   0           0
             0                 0          0       0          0             0     256383.560           8    68                       0                 0              0                0                0                    2        142   160        142      0         0                  0                 0                177            0      597       50      0                  4                   0                     0                   0           0
             0                 0          0       0          0             0     259876.760           8    69                       0                 0              0                0                0                    2        142   160        142      0         0                  0                 0                177            0      597       50      0                  4                   0                     0                   0           0
             0                 0          0       0          0             0     263369.960           8    70                       0                 0              0                0                0                    2        142   160        142      0         0                  0                 0                177            0      597       50      0                  4                   0                     0                   0           0
             0                 0          0       0          0             0     266863.160           8    71                       0                 0              0                0                0                    2        142   160        142      0         0                  0                 0                177            0      597       50      0                  4                   0                     0                   0           0
             0                 0          0       0          0             0     270356.360           8    72                       0                 0              0                0                0                    2        142   160        142      0         0                  0                 0                177            0      597       50      0                  4                   0                     0                   0           0
             0                 0          0       0          0             0     273849.560           8    73                       0                 0              0                0                0                    2        142   160        142      0         0                  0                 0                177            0      597       50      0                  4                   0                     0                   0           0
             0                 0          0       0          0             0     277342.760           8    74                       0                 0              0                0                0                    2        142   160        142      0         0                  0                 0                177            0      597       50      0                  4                   0                     0                   0           0
             0                 0          0       0          0             0     280835.960           8    75                       0                 0              0                0                0                    2        142   160        142      0         0                  0                 0                177            0      597       50      0                  4                   0                     0                   0           0
             0                 0          0       0          0             0     284329.160           8    76                       0                 0              0                0                0                    2        142   160        142      0         0                  0                 0                177            0      597       50      0                  4                   0                     0                   0           0
             0                 0          0       0          0             0     287822.360           8    77                       0                 0              0                0                0                    2        142   160        142      0         0                  0                 0                177            0      597       50      0                  4                   0                     0                   0           0
             0                 0          0       0          0             0     291315.560           8    78                       0                 0              0                0                0                    2        142   160        142      0         0                  0                 0                177            0      597       50      0                  4                   0                     0                   0           0
             0                 0          0       0          0             0     294808.760           8    79                       0                 0              0                0                0                    2        142   160        142      0         0                  0                 0                177            0      597       50      0                  4                   0                     0                   0           0
             0                 0          0       0          0             0     298301.960           8    80                       0                 0              0                0                0                    2        142   160        142      0         0                  0                 0                177            0      597       50      0                  4                   0                     0                   0           0
             0                 0          0       0          0             0     301795.160           8    81                       0                 0              0                0                0                    2        142   160        142      0         0                  0                 0                177            0      597       50      0                  4                   0                     0                   0           0
             0                 0          0       0          0             0     305288.360           8    82                       0                 0              0                0                0                    2        142   160        142      0         0                  0                 0                177            0      597       50      0                  4                   0                     0                   0           0
             0                 0          0       0          0             0     308781.560           8    83                       0                 0              0                0                0                    2        142   160        142      0         0                  0                 0                177            0      597       50      0                  4                   0                     0                   0           0
             0                 0          0       0          0             0     312274.760           8    84                       0                 0              0                0                0                    2        142   160        142      0         0                  0                 0                177            0      597       50      0                  4                   0                     0                   0           0
             0                 0          0       0          0             0     315767.960           8    85                       0                 0              0                0                0                    2        142   160        142      0         0                  0                 0                177            0      597       50      0                  4                   0                     0                   0           0
             0                 0          0       0          0             0     319261.160           8    86                       0                 0              0                0                0                    2        142   160        142      0         0                  0                 0                177            0      597       50      0                  4                   0                     0                   0           0
             0                 0          0       0          0             0     322754.360           8    87                       0                 0              0                0                0                    2        142   160        142      0         0                  0                 0                177            0      597       50      0                  4                   0                     0                   0           0
             0                 0          0       0          0             0     326247.560           8    88                       0                 0              0                0                0                    2        142   160        142      0         0                  0                 0                177            0      597       50      0                  4                   0                     0                   0           0
             0                 0          0       0          0             0     329740.760           8    89                       0                 0              0                0                0                    2        142   160        142      0         0                  0                 0                177            0      597       50      0                  4                   0                     0                   0           0
             0                 0          0       0          0             0     333233.960           8    90                       0                 0              0                0                0                    2        142   160        142      0         0                  0                 0                177            0      597       50      0                  4                   0                     0                   0           0
             0                 0          0       0          0             0     336727.160           8    91                       0                 0              0                0                0                    2        142   160        142      0         0                  0                 0                177            0      597       50      0                  4                   0                     0                   0           0
             0                 0          0       0          0             0     340220.360           8    92                       0                 0              0                0                0                    2        142   160        142      0         0                  0                 0                177            0      597       50      0                  4                   0                     0                   0           0
             0                 0          0       0          0             0     343713.560           8    93                       0                 0              0                0                0                    2        142   160        142      0         0                  0                 0                177            0      597       50      0                  4                   0                     0                   0           0
             0                 0          0       0          0             0     347206.760           8    94                       0                 0              0                0                0                    2        142   160        142      0         0                  0                 0                177            0      597       50      0                  4                   0                     0                   0           0
             0                 0          0       0          0             0     350699.960           8    95                       0                 0              0                0                0                    2        142   160        142      0         0                  0                 0                177            0      597       50      0                  4                   0                     0                   0           0
             0                 0          0       0          0             0     354193.160           8    96                       0                 0              0                0                0                    2        142   160        142      0         0                  0                 0                177            0      597       50      0                  4                   0                     0                   0           0
             0                 0          0       0          0             0     357686.360           8    97                       0                 0              0                0                0                    2        142   160        142      0         0                  0                 0                177            0      597       50      0                  4                   0                     0                   0           0
             0                 0          0       0          0             0     361179.560           8    98                       0                 0              0                0                0                    2        142   160        142      0         0                  0                 0                177            0      597       50      0                  4                   0                     0                   0           0
             0                 0          0       0          0             0     364672.760           8    99                       0                 0              0                0                0                    2        142   160        142      0         0                  0                 0                177            0      597       50      0                  4                   0                     0                   0           0
#pos runNum=0 0@(1.00000,1.00000)@0 1@(0.92119,1.12687)@877 2@(0.96565,1.09648)@551 3@(1.06534,1.01297)@548 4@(1.33278,1.05470)@804 5@(1.09362,1.05334)@551 6@(0.94533,0.89816)@1730 7@(1.01762,1.13831)@554 8@(0.91138,1.03803)@1445 9@(1.14719,1.10411)@1730 10@(1.20489,1.23491)@1114 11@(0.72952,1.07502)@1491 12@(1.09977,1.34612)@1258 13@(1.10179,1.17913)@1233 14@(1.17804,1.08897)@1114 15@(0.92458,1.14283)@551 16@(1.25966,0.94747)@1106 17@(1.06608,1.34421)@1608 18@(1.18528,0.93385)@1109 19@(1.05084,1.12999)@1742 20@(1.00763,1.38152)@1258 21@(1.21548,1.28518)@1626 22@(1.15654,1.15141)@682 23@(1.21201,1.15920)@1367 24@(1.18787,0.96724)@1111 25@(1.05490,1.26998)@1489 26@(1.03519,0.88323)@877 27@(0.93718,1.11315)@1063 28@(1.29593,0.93315)@1618 29@(1.11002,1.11882)@1559 30@(0.82377,0.96448)@551 31@(1.04123,1.19624)@1233 32@(0.71509,0.93733)@1730 33@(0.95855,1.06512)@1428 34@(0.89647,1.18822)@1440 35@(0.86569,1.07255)@1255 36@(0.69841,1.21511)@1165 37@(1.27911,1.01416)@1682 38@(0.69752,1.26935)@1581 39@(1.26607,1.41826)@1404 40@(1.35227,1.15356)@1429 41@(1.22434,0.98628)@1233 42@(0.81932,1.01261)@2003 43@(1.26396,0.97164)@1618 44@(0.94209,0.92504)@568 45@(1.15117,1.24963)@739 46@(1.18073,1.26800)@1282 47@(1.05585,1.33537)@1828 48@(1.24128,1.02984)@768 49@(0.85707,1.13819)@1435
#links runNum=0 28-44@-92dBm@0.668 36-40@-97dBm@0.031 7-44@-90dBm@0.861 4-7@-96dBm@0.172 41-48@-74dBm@1.000 5-14@-81dBm@0.985 46-49@-94dBm@0.353 11-29@-93dBm@0.640 2-14@-88dBm@0.930 9-31@-84dBm@0.973 12-47@-88dBm@0.933 17-30@-93dBm@0.563 25-49@-90dBm@0.864 46-47@-83dBm@0.974 7-12@-92dBm@0.702 35-41@-97dBm@0.046 14-41@-86dBm@0.951 4-23@-88dBm@0.935 29-41@-97dBm@0.065 19-34@-92dBm@0.666 39-47@-94dBm@0.473 16-25@-93dBm@0.539 3-33@-87dBm@0.943 15-29@-93dBm@0.597 3-24@-86dBm@0.958 12-29@-94dBm@0.383 10-43@-95dBm@0.257 21-42@-94dBm@0.461 13-44@-93dBm@0.641 5-29@-86dBm@0.953 31-39@-92dBm@0.685 43-48@-76dBm@1.000 16-43@-78dBm@1.000 0-7@-86dBm@0.950 14-33@-92dBm@0.679 25-27@-97dBm@0.073 2-15@-94dBm@0.514 27-28@-96dBm@0.172 1-42@-94dBm@0.501 34-44@-96dBm@0.137 8-27@-89dBm@0.865 32-44@-94dBm@0.466 7-13@-81dBm@0.986 7-27@-94dBm@0.410 15-34@-88dBm@0.919 10-14@-94dBm@0.398 10-47@-93dBm@0.574 4-47@-93dBm@0.587 1-4@-93dBm@0.650 8-30@-89dBm@0.893 7-19@-79dBm@1.000 23-46@-96dBm@0.157 5-48@-86dBm@0.952 22-46@-90dBm@0.862 2-41@-91dBm@0.777 20-45@-96dBm@0.110 44-47@-94dBm@0.401 1-36@-94dBm@0.417 3-5@-89dBm@0.874 15-40@-93dBm@0.567 7-29@-96dBm@0.180 27-31@-87dBm@0.947 34-37@-94dBm@0.358 3-49@-94dBm@0.357 9-34@-89dBm@0.870 0-2@-87dBm@0.942 15-26@-91dBm@0.798 15-27@-76dBm@1.000 9-28@-90dBm@0.864 6-24@-89dBm@0.896 30-32@-89dBm@0.890 29-48@-89dBm@0.898 13-49@-90dBm@0.862 5-19@-86dBm@0.956 23-41@-96dBm@0.134 22-23@-81dBm@0.985 17-46@-84dBm@0.974 7-20@-91dBm@0.771 31-45@-83dBm@0.974 33-35@-90dBm@0.854 9-14@-82dBm@0.981 4-39@-97dBm@0.022 33-44@-90dBm@0.817 27-34@-85dBm@0.966 0-4@-93dBm@0.655 8-35@-91dBm@0.746 0-30@-88dBm@0.928 30-35@-91dBm@0.742 1-10@-93dBm@0.642 6-19@-91dBm@0.755 38-42@-94dBm@0.433 1-7@-85dBm@0.966 1-11@-87dBm@0.938 3-8@-94dBm@0.371 30-33@-94dBm@0.479 29-43@-92dBm@0.672 11-19@-96dBm@0.153 32-41@-97dBm@0.069 3-17@-93dBm@0.654 28-37@-83dBm@0.979 1-29@-90dBm@0.833 2-6@-86dBm@0.953 34-46@-91dBm@0.724 1-6@-93dBm@0.644 6-32@-91dBm@0.777 18-27@-92dBm@0.675 21-46@-79dBm@1.000 23-49@-94dBm@0.323 2-37@-96dBm@0.082 5-31@-94dBm@0.417 6-45@-93dBm@0.622 16-37@-82dBm@0.985 3-6@-90dBm@0.820 18-30@-91dBm@0.726 13-31@-81dBm@0.986 1-9@-93dBm@0.637 34-42@-87dBm@0.942 0-26@-92dBm@0.665 29-34@-91dBm@0.800 0-22@-91dBm@0.736 19-25@-91dBm@0.762 16-24@-84dBm@0.974 24-29@-95dBm@0.271 13-16@-95dBm@0.282 3-31@-89dBm@0.866 31-35@-87dBm@0.944 1-45@-91dBm@0.774 4-45@-89dBm@0.869 2-7@-90dBm@0.823 27-48@-92dBm@0.687 17-41@-96dBm@0.148 5-22@-90dBm@0.838 3-26@-85dBm@0.967 31-48@-94dBm@0.361 1-34@-85dBm@0.960 10-37@-87dBm@0.939 29-36@-94dBm@0.504 28-43@-97dBm@0.013 27-29@-87dBm@0.949 26-27@-94dBm@0.343 10-21@-76dBm@1.000 5-39@-93dBm@0.603 1-8@-80dBm@0.994 19-22@-86dBm@0.957 28-30@-94dBm@0.457 35-42@-78dBm@1.000 3-10@-90dBm@0.860 10-23@-93dBm@0.645 2-45@-90dBm@0.861 5-18@-85dBm@0.961 1-3@-92dBm@0.671 14-18@-95dBm@0.289 26-41@-96dBm@0.180 0-45@-91dBm@0.730 6-35@-87dBm@0.946 43-46@-94dBm@0.403 39-46@-85dBm@0.961 18-24@-81dBm@0.985 13-41@-96dBm@0.145 19-48@-90dBm@0.837 41-43@-90dBm@0.865 40-45@-93dBm@0.622 18-43@-79dBm@0.998 23-33@-89dBm@0.867 4-48@-81dBm@0.985 3-12@-94dBm@0.370 34-43@-94dBm@0.374 2-9@-88dBm@0.913 5-8@-86dBm@0.953 33-49@-94dBm@0.440 11-18@-96dBm@0.168 2-8@-87dBm@0.939 9-29@-75dBm@1.000 25-26@-94dBm@0.447 15-33@-79dBm@1.000 9-41@-90dBm@0.828 12-33@-96dBm@0.154 43-45@-96dBm@0.162 13-17@-86dBm@0.958 7-49@-84dBm@0.970 22-45@-88dBm@0.937 8-44@-83dBm@0.974 5-25@-93dBm@0.525 0-37@-95dBm@0.269 9-22@-83dBm@0.976 6-43@-96dBm@0.089 12-25@-86dBm@0.955 9-10@-86dBm@0.955 32-42@-92dBm@0.679 2-3@-88dBm@0.909 29-45@-97dBm@0.005 13-33@-90dBm@0.809 23-28@-92dBm@0.687 4-19@-93dBm@0.636 10-33@-97dBm@0.039 2-18@-94dBm@0.334 5-13@-91dBm@0.757 15-22@-93dBm@0.546 37-42@-96dBm@0.086 6-8@-87dBm@0.939 33-41@-97dBm@0.007 7-46@-96dBm@0.182 27-46@-92dBm@0.688 21-27@-97dBm@0.001 17-47@-87dBm@0.938 1-30@-90dBm@0.855 36-38@-92dBm@0.714 1-2@-81dBm@0.985 12-41@-92dBm@0.680 13-29@-93dBm@0.660 10-39@-95dBm@0.286 0-1@-93dBm@0.596 14-48@-87dBm@0.941 13-40@-96dBm@0.099 19-49@-91dBm@0.786 0-5@-81dBm@0.985 8-18@-91dBm@0.762 3-39@-95dBm@0.217 6-15@-95dBm@0.260 21-23@-96dBm@0.175 6-14@-97dBm@0.059 1-38@-90dBm@0.851 10-25@-86dBm@0.952 42-49@-97dBm@0.042 9-49@-91dBm@0.795 20-27@-91dBm@0.742 19-31@-96dBm@0.081 15-21@-97dBm@0.071 29-40@-93dBm@0.541 12-21@-92dBm@0.686 9-44@-90dBm@0.844 22-28@-94dBm@0.335 10-46@-92dBm@0.668 12-14@-96dBm@0.159 19-46@-96dBm@0.092 8-41@-92dBm@0.708 36-46@-95dBm@0.298 23-26@-92dBm@0.696 25-40@-91dBm@0.726 6-46@-96dBm@0.126 1-32@-92dBm@0.670 38-46@-95dBm@0.267 2-49@-86dBm@0.956 15-18@-95dBm@0.310 33-37@-93dBm@0.656 14-40@-91dBm@0.721 23-31@-94dBm@0.418 24-41@-92dBm@0.677 32-38@-91dBm@0.736 0-48@-91dBm@0.719 32-37@-97dBm@0.011 7-41@-94dBm@0.468 16-23@-97dBm@0.075 18-48@-91dBm@0.719 10-12@-89dBm@0.866 3-14@-96dBm@0.190 30-44@-97dBm@0.023 27-41@-94dBm@0.477 19-39@-93dBm@0.568 24-46@-90dBm@0.841 5-9@-87dBm@0.942 1-17@-91dBm@0.726 2-46@-92dBm@0.705 20-33@-90dBm@0.805 0-34@-96dBm@0.181 3-44@-93dBm@0.574 16-18@-82dBm@0.982 9-11@-93dBm@0.590 18-37@-84dBm@0.974 13-24@-95dBm@0.314 6-23@-95dBm@0.215 10-19@-96dBm@0.099 1-49@-86dBm@0.956 34-49@-82dBm@0.980 2-31@-91dBm@0.719 5-49@-93dBm@0.619 10-13@-86dBm@0.950 19-36@-93dBm@0.638 45-46@-81dBm@0.985 17-45@-84dBm@0.974 0-15@-85dBm@0.966 32-36@-89dBm@0.868 2-33@-92dBm@0.662 9-47@-96dBm@0.158 4-40@-85dBm@0.960 17-29@-88dBm@0.935 27-33@-78dBm@1.000 0-32@-96dBm@0.190 3-7@-89dBm@0.892 5-16@-89dBm@0.867 8-38@-91dBm@0.729 11-32@-90dBm@0.865 1-16@-96dBm@0.172 8-42@-96dBm@0.158 12-13@-86dBm@0.957 0-3@-82dBm@0.985 28-34@-96dBm@0.095 6-48@-96dBm@0.075 23-34@-96dBm@0.164 3-16@-88dBm@0.924 4-22@-95dBm@0.205 18-40@-93dBm@0.592 5-10@-87dBm@0.943 7-11@-93dBm@0.659 20-25@-85dBm@0.959 8-12@-92dBm@0.691 19-29@-95dBm@0.275 16-28@-75dBm@1.000 15-36@-89dBm@0.892 4-16@-90dBm@0.861 6-27@-89dBm@0.884 8-19@-92dBm@0.698 10-48@-97dBm@0.026 18-28@-94dBm@0.360 29-47@-93dBm@0.646 13-45@-90dBm@0.841 23-48@-90dBm@0.831 19-44@-89dBm@0.865 21-28@-97dBm@0.001 41-45@-95dBm@0.267 8-43@-94dBm@0.347 20-47@-78dBm@1.000 0-44@-84dBm@0.974 30-36@-96dBm@0.162 3-46@-92dBm@0.698 19-20@-92dBm@0.709 25-42@-95dBm@0.248 17-21@-88dBm@0.933 28-39@-97dBm@0.037 8-15@-90dBm@0.812 34-39@-95dBm@0.256 29-33@-87dBm@0.941 1-43@-97dBm@0.057 3-41@-86dBm@0.957 19-26@-89dBm@0.867 37-41@-83dBm@0.975 25-46@-86dBm@0.958 21-33@-92dBm@0.678 17-20@-90dBm@0.865 33-42@-84dBm@0.974 3-27@-95dBm@0.301 2-5@-87dBm@0.942 19-37@-92dBm@0.678 17-48@-97dBm@0.042 2-4@-93dBm@0.634 7-14@-94dBm@0.473 9-19@-88dBm@0.933
#aveChargePerCycle runNum=0 0@445.59 1@323.26 2@335.87 3@415.44 4@128.03 5@409.46 6@1.30 7@228.41 8@25.40 9@1.30 10@89.71 11@27.47 12@76.58 13@29.54 14@27.47 15@211.73 16@121.32 17@32.14 18@73.02 19@1.94 20@1.30 21@1.30 22@74.62 23@1.30 24@1.94 25@1.30 26@26.95 27@54.29 28@1.30 29@2.59 30@104.81 31@46.90 32@1.30 33@28.64 34@1.30 35@26.30 36@28.64 37@1.94 38@1.94 39@1.30 40@1.94 41@26.82 42@1.94 43@1.30 44@50.25 45@31.23 46@48.97 47@1.30 48@66.09 49@1.94