## dioPeriod = 1.0
## burstTimestamp = 20
## minRssi = -97
## numMotes = 50
## otfHousekeepingPeriod = 1.0
## sixtopNoRemoveWorstCell = 0
## simDataDir = simData
## numChans = 16
## slotframeLength = 101
## squareSide = 2.0
## cpuID = 22
## sixtopPdrThreshold = 1.5
## pkPeriod = None
## sixtopHousekeepingPeriod = 1.0
## sixtopNoHousekeeping = 0
## algorithm = otf
## pkPeriodVar = 0.05
## numCyclesPerRun = 100
## startTime = 1502276471.28
## slotDuration = 0.01
## numRuns = 1
## combinationKeys = ['algorithm', 'numMotes', 'otfThreshold']
## numPacketsBurst = 5
## otfThreshold = 1
## noInterference = 0
## gui = False


# appGenerated appReachesDagroot appRelayed aveHops aveLatency aveQueueDelay chargeConsumed collidedTxs cycle droppedAppFailedEnqueue droppedMacRetries droppedNoRoute droppedNoTxCells droppedQueueFull effectiveCollidedTxs numRxCells numTx numTxCells otfAdd otfRemove probableCollisions rplChurnParentSet rplChurnPrefParent rplChurnRank rplRxDIO rplTxDIO runNum scheduleCollisions topRxRelocatedCells topTxRelocatedBundles topTxRelocatedCells txQueueFill
             0                 0          0       0          0             0              0           0     0                       0                 0              0                0                0                    0          0     0          0      0         0                  0                 0                  0            0        0        0      0                  0                   0                     0                   0           0
             0                 0          0       0          0             0       1402.200          10     1                       0                 0              0                0                0                    3        123     0        123    123         0                  0               145                126            7      563       50      0                  5                   0                     0                   0           0
             0                 0          0       0          0             0       4600.200          10     2                       0                 0              0                0                0                    3        131     0        131      9         0                  0                 1                188            0      563       50      0                  5                   0                     0                   0           0
             0                 0          0       0          0             0       7822.800          10     3                       0                 0              0                0                0                    3        131     0        131      0         0                  0                 0                188            0      563       50      0                  5                   0                     0                   0           0
             0                 0          0       0          0             0      11045.400          10     4                       0                 0              0                0                0                    3        131     0        131      0         0                  0                 0                188            0      563       50      0                  5                   0                     0                   0           0
             0                 0          0       0          0             0      14268.000          10     5                       0                 0              0                0                0                    3        131     0        131      0         0                  0                 0                188            0      563       50      0                  5                   0                     0                   0           0
             0                 0          0       0          0             0      17490.600          10     6                       0                 0              0                0                0                    3        131     0        131      0         0                  0                 0                188            0      563       50      0                  5                   0                     0                   0           0
             0                 0          0       0          0             0      20713.200          10     7                       0                 0              0                0                0                    3        131     0        131      0         0                  0                 0                188            0      563       50      0                  5                   0                     0                   0           0
             0                 0          0       0          0             0      23935.800          10     8                       0                 0              0                0                0                    3        131     0        131      0         0                  0                 0                188            0      563       50      0                  5                   0                     0                   0           0
             0                 0          0       0          0             0      27158.400          10     9                       0                 0              0                0                0                    3        131     0        131      0         0                  0                 0                188            0      563       50      0                  5                   0                     0                   0           0
             0                 0          0       0          0             0      30381.000          10    10                       0                 0              0                0                0                    3        131     0        131      0         0                  0                 0                188            0      563       50      0                  5                   0                     0                   0           0
             0                 0          0       0          0             0      33603.600          10    11                       0                 0              0                0                0                    3        131     0        131      0         0                  0                 0                188            0      563       50      0                  5                   0                     0                   0           0
             0                 0          0       0          0             0      36826.200          10    12                       0                 0              0                0                0                    3        131     0        131      0         0                  0                 0                188            0      563       50      0                  5                   0                     0                   0           0
             0                 0          0       0          0             0      40048.800          10    13                       0                 0              0                0                0                    3        131     0        131      0         0                  0                 0                188            0      563       50      0                  5                   0                     0                   0           0
             0                 0          0       0          0             0      43271.400          10    14                       0                 0              0                0                0                    3        131     0        131      0         0                  0                 0                188            0      563       50      0                  5                   0                     0                   0           0
             0                 0          0       0          0             0      46494.000          10    15                       0                 0              0                0                0                    3        131     0        131      0         0                  0                 0                188            0      563       50      0                  5                   0                     0                   0           0
             0                 0          0       0          0             0      49716.600          10    16                       0                 0              0                0                0                    3        131     0        131      0         0                  0                 0                188            0      563       50      0                  5                   0                     0                   0           0
             0                 0          0       0          0             0      52939.200          10    17                       0                 0              0                0                0                    3        131     0        131      0         0                  0                 0                188            0      563       50      0                  5                   0                     0                   0           0
             0                 0          0       0          0             0      56161.800          10    18                       0                 0              0                0                0                    3        131     0        131      0         0                  0                 0                188            0      563       50      0                  5                   0                     0                   0           0
            49                 4         11   1.000      7.500       152.000      61724.580          10    19                       0                 0              0                0                0                    3        135    24        135      2         0                  1                 0                188            0      563       50      0                  5                   0                     0                   0          45
             0                25         50   1.880     78.240      1736.533      75844.060          28    20                       0                 0              0                0                0                   12        217   113        217     32         0                  2                 4                193           24      563       50      0                 14                   1                     0                   0          20
             0                17          9   3.176    163.588       610.642      84093.060          10    21                       0                 0              0                0                0                    2        179   116        179     11        23                  0                10                190           47      563       50      0                  5                   0                     0                   0           3
             0                 3          0   4.667    263.000        60.667      88306.620          16    22                       0                 0              0                0                0                    4        155    98        155      9         9                  0                11                181           40      563       50      0                  8                   0                     0                   0           0
             0                 0          0       0          0             0      92070.420          22    23                       0                 0              0                0                0                    8        153    89        153      3         3                  0                 4                180           10      563       50      0                 11                   0                     0                   0           0
             0                 0          0       0          0             0      95858.820          22    24                       0                 0              0                0                0                    8        155    89        155      1         0                  0                 1                180           14      563       50      0                 11                   0                     0                   0           0
             0                 0          0       0          0             0      99598.020          22    25                       0                 0              0                0                0                    8        151    85        151      0         1                  0                 1                180            0      563       50      0                 11                   0                     0                   0           0
             0                 0          0       0          0             0     103361.820          22    26                       0                 0              0                0                0                    8        153    85        153      1         0                  0                 1                180            3      563       50      0                 11                   0                     0                   0           0
             0                 0          0       0          0             0     107101.020          22    27                       0                 0              0                0                0                    8        152    84        152      0         0                  0                 1                180            0      563       50      0                 11                   0                     0                   0           0
             0                 0          0       0          0             0     110840.220          22    28                       0                 0              0                0                0                    8        152    84        152      0         0                  0                 0                180            0      563       50      0                 11                   0                     0                   0           0
             0                 0          0       0          0             0     114579.420          22    29                       0                 0              0                0                0                    8        152    84        152      0         0                  0                 0                180            0      563       50      0                 11                   0                     0                   0           0
             0                 0          0       0          0             0     118318.620          22    30                       0                 0              0                0                0                    8        152    84        152      0         0                  0                 0                180            0      563       50      0                 11                   0                     0                   0           0
             0                 0          0       0          0             0     122057.820          22    31                       0                 0              0                0                0                    8        152    84        152      0         0                  0                 0                180            0      563       50      0                 11                   0                     0                   0           0
             0                 0          0       0          0             0     125797.020          22    32                       0                 0              0                0                0                    8        152    84        152      0         0                  0                 0                180            0      563       50      0                 11                   0                     0                   0           0
             0                 0          0       0          0             0     129536.220          22    33                       0                 0              0                0                0                    8        152    84        152      0         0                  0                 0                180            0      563       50      0                 11                   0                     0                   0           0
             0                 0          0       0          0             0     133275.420          22    34                       0                 0              0                0                0                    8        152    84        152      0         0                  0                 0                180            0      563       50      0                 11                   0                     0                   0           0
             0                 0          0       0          0             0     137014.620          22    35                       0                 0              0                0                0                    8        152    84        152      0         0                  0                 0                180            0      563       50      0                 11                   0                     0                   0           0
             0                 0          0       0          0             0     140753.820          22    36                       0                 0              0                0                0                    8        152    84        152      0         0                  0                 0                180            0      563       50      0                 11                   0                     0                   0           0
             0                 0          0       0          0             0     144493.020          22    37                       0                 0              0                0                0                    8        152    84        152      0         0                  0                 0                180            0      563       50      0                 11                   0                     0                   0           0
             0                 0          0       0          0             0     148232.220          22    38                       0                 0              0                0                0                    8        152    84        152      0         0                  0                 0                180            0      563       50      0                 11                   0                     0                   0           0
             0                 0          0       0          0             0     151971.420          22    39                       0                 0              0                0                0                    8        152    84        152      0         0                  0                 0                180            0      563       50      0                 11                   0                     0                   0           0
             0                 0          0       0          0             0     155710.620          22    40                       0                 0              0                0                0                    8        152    84        152      0         0                  0                 0                180            0      563       50      0                 11                   0                     0                   0           0
             0                 0          0       0          0             0     159449.820          22    41                       0                 0              0                0                0                    8        152    84        152      0         0                  0                 0                180            0      563       50      0                 11                   0                     0                   0           0
             0                 0          0       0          0             0     163189.020          22    42                       0                 0              0                0                0                    8        152    84        152      0         0                  0                 0                180            0      563       50      0                 11                   0                     0                   0           0
             0                 0          0       0          0             0     166928.220          22    43                       0                 0              0                0                0                    8        152    84        152      0         0                  0                 0                180            0      563       50      0                 11                   0                     0                   0           0
             0                 0          0       0          0             0     170667.420          22    44                       0                 0              0                0                0                    8        152    84        152      0         0                  0                 0                180            0      563       50      0                 11                   0                     0                   0           0
             0                 0          0       0          0             0     174406.620          22    45                       0                 0              0                0                0                    8        152    84        152      0         0                  0                 0                180            0      563       50      0                 11                   0                     0                   0           0
             0                 0          0       0          0             0     178145.820          22    46                       0                 0              0                0                0                    8        152    84        152      0         0                  0                 0                180            0      563       50      0                 11                   0                     0                   0           0
             0                 0          0       0          0             0     181885.020          22    47                       0                 0              0                0                0                    8        152    84        152      0         0                  0                 0                180            0      563       50      0                 11                   0                     0                   0           0
             0                 0          0       0          0             0     185624.220          22    48                       0                 0              0                0                0                    8        152    84        152      0         0                  0                 0                180            0      563       50      0                 11                   0                     0                   0           0
             0                 0          0       0          0             0     189363.420          22    49                       0                 0              0                0                0                    8        152    84        152      0         0                  0                 0                180            0      563       50      0                 11                   0                     0                   0           0
             0                 0          0       0          0             0     193102.620          22    50                       0                 0              0                0                0                    8        152    84        152      0         0                  0                 0                180            0      563       50      0                 11                   0                     0                   0           0
             0                 0          0       0          0             0     196841.820          22    51                       0                 0              0                0                0                    8        152    84        152      0         0                  0                 0                180            0      563       50      0                 11                   0                     0                   0           0
             0                 0          0       0          0             0     200581.020          22    52                       0                 0              0                0                0                    8        152    84        152      0         0                  0                 0                180            0      563       50      0                 11                   0                     0                   0           0
             0                 0          0       0          0             0     204320.220          22    53                       0                 0              0                0                0                    8        152    84        152      0         0                  0                 0                180            0      563       50      0                 11                   0                     0                   0           0
             0                 0          0       0          0             0     208059.420          22    54                       0                 0              0                0                0                    8        152    84        152      0         0                  0                 0                180            0      563       50      0                 11                   0                     0                   0           0
             0                 0          0       0          0             0     211798.620          22    55                       0                 0              0                0                0                    8        152    84        152      0         0                  0                 0                180            0      563       50      0                 11                   0                     0                   0           0
             0                 0          0       0          0             0     215537.820          22    56                       0                 0              0                0                0                    8        152    84        152      0         0                  0                 0                180            0      563       50      0                 11                   0                     0                   0           0
             0                 0          0       0          0             0     219277.020          22    57                       0                 0              0                0                0                    8        152    84        152      0         0                  0                 0                180            0      563       50      0                 11                   0                     0                   0           0
             0                 0          0       0          0             0     223016.220          22    58                       0                 0              0                0                0                    8        152    84        152      0         0                  0                 0                180            0      563       50      0                 11                   0                     0                   0           0
            49                 8         43   1.250     30.000      1207.833     234018.300          20    59                       0                 0              0                0                0                    7        168   153        168      8         0                  3                 0                180            0      563       50      0                 10                   1                     0                   0          41
             0                29         34   2.586    118.793      1394.557     247058.780          26    60                       0                 0              0                0                0                    8        197   217        197     23         7                  2                10                168           36      563       50      0                 13                   2                     0                   0          12
             0                12          3   3.667    201.000       399.333     253373.220          20    61                       0                 0              0                0                0                    6        173   213        173      2        10                  0                 2                178           42      563       50      0                 10                   1                     0                   0           0
             0                 0          0       0          0             0     257383.020          14    62                       0                 0              0                0                0                    4        159   195        159      2         7                  0                 2                179           37      563       50      0                  7                   0                     0                   0           0
             0                 0          0       0          0             0     261294.420          14    63                       0                 0              0                0                0                    4        157   187        157      2         2                  0                 4                184           19      563       50      0                  7                   0                     0                   0           0
             0                 0          0       0          0             0     265156.620          14    64                       0                 0              0                0                0                    4        157   187        157      0         0                  0                 0                184            3      563       50      0                  7                   0                     0                   0           0
             0                 0          0       0          0             0     269018.820          14    65                       0                 0              0                0                0                    4        157   187        157      0         0                  0                 0                184            0      563       50      0                  7                   0                     0                   0           0
             0                 0          0       0          0             0     272881.020          14    66                       0                 0              0                0                0                    4        157   187        157      0         0                  0                 0                184            0      563       50      0                  7                   0                     0                   0           0
             0                 0          0       0          0             0     276743.220          14    67                       0                 0              0                0                0                    4        157   187        157      0         0                  0                 0                184            0      563       50      0                  7                   0                     0                   0           0
             0                 0          0       0          0             0     280605.420          14    68                       0                 0              0                0                0                    4        157   187        157      0         0                  0                 0                184            0      563       50      0                  7                   0                     0                   0           0
             0                 0          0       0          0             0     284467.620          14    69                       0                 0              0                0                0                    4        157   187        157      0         0                  0                 0                184            0      563       50      0                  7                   0                     0                   0           0
             0                 0          0       0          0             0     288329.820          14    70                       0                 0              0                0                0                    4        157   187        157      0         0                  0                 0                184            0      563       50      0                  7                   0                     0                   0           0
             0                 0          0       0          0             0     292192.020          14    71                       0                 0              0                0                0                    4        157   187        157      0         0                  0                 0                184            0      563       50      0                  7                   0                     0                   0           0
             0                 0          0       0          0             0     296054.220          14    72                       0                 0              0                0                0                    4        157   187        157      0         0                  0                 0                184            0      563       50      0                  7                   0                     0                   0           0
             0                 0          0       0          0             0     299916.420          14    73                       0                 0              0                0                0                    4        157   187        157      0         0                  0                 0                184            0      563       50      0                  7                   0                     0                   0           0
             0                 0          0       0          0             0     303778.620          14    74                       0                 0              0                0                0                    4        157   187        157      0         0                  0                 0                184            0      563       50      0                  7                   0                     0                   0           0
             0                 0          0       0          0             0     307640.820          14    75                       0                 0              0                0                0                    4        157   187        157      0         0                  0                 0                184            0      563       50      0                  7                   0                     0                   0           0
             0                 0          0       0          0             0     311503.020          14    76                       0                 0              0                0                0                    4        157   187        157      0         0                  0                 0                184            0      563       50      0                  7                   0                     0                   0           0
             0                 0          0       0          0             0     315365.220          14    77                       0                 0              0                0                0                    4        157   187        157      0         0                  0                 0                184            0      563       50      0                  7                   0                     0                   0           0
             0                 0          0       0          0             0     319227.420          14    78                       0                 0              0                0                0                    4        157   187        157      0         0                  0                 0                184            0      563       50      0                  7                   0                     0                   0           0
             0                 0          0       0          0             0     323089.620          14    79                       0                 0              0                0                0                    4        157   187        157      0         0                  0                 0                184            0      563       50      0                  7                   0                     0                   0           0
             0                 0          0       0          0             0     326951.820          14    80                       0                 0              0                0                0                    4        157   187        157      0         0                  0                 0                184            0      563       50      0                  7                   0                     0                   0           0
             0                 0          0       0          0             0     330814.020          14    81                       0                 0              0                0                0                    4        157   187        157      0         0                  0                 0                184            0      563       50      0                  7                   0                     0                   0           0
             0                 0          0       0          0             0     334676.220          14    82                       0                 0              0                0                0                    4        157   187        157      0         0                  0                 0                184            0      563       50      0                  7                   0                     0                   0           0
             0                 0          0       0          0             0     338538.420          14    83                       0                 0              0                0                0                    4        157   187        157      0         0                  0                 0                184            0      563       50      0                  7                   0                     0                   0           0
             0                 0          0       0          0             0     342400.620          14    84                       0                 0              0                0                0                    4        157   187        157      0         0                  0                 0                184            0      563       50      0                  7                   0                     0                   0           0
             0                 0          0       0          0             0     346262.820          14    85                       0                 0              0                0                0                    4        157   187        157      0         0                  0                 0                184            0      563       50      0                  7                   0                     0                   0           0
             0                 0          0       0          0             0     350125.020          14    86                       0                 0              0                0                0                    4        157   187        157      0         0                  0                 0                184            0      563       50      0                  7                   0                     0                   0           0
             0                 0          0       0          0             0     353987.220          14    87                       0                 0              0                0                0                    4        157   187        157      0         0                  0                 0                184            0      563       50      0                  7                   0                     0                   0           0
             0                 0          0       0          0             0     357849.420          14    88                       0                 0              0                0                0                    4        157   187        157      0         0                  0                 0                184            0      563       50      0                  7                   0                     0                   0           0
             0                 0          0       0          0             0     361711.620          14    89                       0                 0              0                0                0                    4        157   187        157      0         0                  0                 0                184            0      563       50      0                  7                   0                     0                   0           0
             0                 0          0       0          0             0     365573.820          14    90                       0                 0              0                0                0                    4        157   187        157      0         0                  0                 0                184            0      563       50      0                  7                   0                     0                   0           0
             0                 0          0       0          0             0     369436.020          14    91                       0                 0              0                0                0                    4        157   187        157      0         0                  0                 0                184            0      563       50      0                  7                   0                     0                   0           0
             0                 0          0       0          0             0     373298.220          14    92                       0                 0              0                0                0                    4        157   187        157      0         0                  0                 0                184            0      563       50      0                  7                   0                     0                   0           0
             0                 0          0       0          0             0     377160.420          14    93                       0                 0              0                0                0                    4        157   187        157      0         0                  0                 0                184            0      563       50      0                  7                   0                     0                   0           0
             0                 0          0       0          0             0     381022.620          14    94                       0                 0              0                0                0                    4        157   187        157      0         0                  0                 0                184            0      563       50      0                  7                   0                     0                   0           0
             0                 0          0       0          0             0     384884.820          14    95                       0                 0              0                0                0                    4        157   187        157      0         0                  0                 0                184            0      563       50      0                  7                   0                     0                   0           0
             0                 0          0       0          0             0     388747.020          14    96                       0                 0              0                0                0                    4        157   187        157      0         0                  0                 0                184            0      563       50      0                  7                   0                     0                   0           0
             0                 0          0       0          0             0     392609.220          14    97                       0                 0              0                0                0                    4        157   187        157      0         0                  0                 0                184            0      563       50      0                  7                   0                     0                   0           0
             0                 0          0       0          0             0     396471.420          14    98                       0                 0              0                0                0                    4        157   187        157      0         0                  0                 0                184            0      563       50      0                  7                   0                     0                   0           0
             0                 0          0       0          0             0     400333.620          14    99                       0                 0              0                0                0                    4        157   187        157      0         0                  0                 0                184            0      563       50      0                  7                   0                     0                   0           0
#pos runNum=0 0@(1.00000,1.00000)@0 1@(0.72189,1.23222)@731 2@(1.03928,1.12100)@597 3@(0.78966,1.02811)@704 4@(0.89756,0.98162)@540 5@(0.99833,1.00597)@563 6@(0.74623,1.18905)@1345 7@(0.91449,1.13967)@1669 8@(0.93962,1.24313)@590 9@(1.04085,1.21754)@1706 10@(0.83922,1.19292)@580 11@(0.80626,1.04469)@1216 12@(0.59894,1.12550)@1472 13@(1.14053,1.18539)@1535 14@(0.73584,1.11995)@1143 15@(0.77026,1.17175)@1345 16@(1.05459,1.20926)@682 17@(0.54419,1.03832)@1614 18@(0.97074,1.31802)@1393 19@(0.79233,1.26642)@1417 20@(0.88027,1.22779)@1908 21@(1.11252,1.30373)@1230 22@(1.14877,1.38377)@1467 23@(0.79821,1.06615)@1222 24@(0.55976,1.11168)@1689 25@(1.06061,1.24380)@605 26@(0.72934,1.35248)@1808 27@(1.23529,1.18203)@1222 28@(1.31625,1.24978)@2239 29@(0.70037,1.00832)@1262 30@(0.92901,1.03153)@558 31@(0.77286,1.06287)@1669 32@(0.99008,1.32133)@1205 33@(1.00490,0.93082)@551 34@(0.56066,1.14850)@2437 35@(0.82320,1.21725)@1126 36@(1.03152,0.96253)@512 37@(0.90915,1.43920)@1412 38@(1.12715,1.35868)@1272 39@(1.06724,1.35158)@704 40@(1.07179,1.05168)@1328 41@(0.79193,0.98535)@1267 42@(1.04992,1.28455)@640 43@(1.11194,0.98097)@1367 44@(1.36914,1.04654)@1706 45@(0.62447,1.34162)@1205 46@(1.06353,1.10238)@768 47@(0.92362,1.25528)@1435 48@(0.68653,1.05122)@1318 49@(0.87254,1.23180)@1279
#links runNum=0 1-10@-86dBm@0.953 32-34@-94dBm@0.379 4-41@-97dBm@0.023 14-15@-84dBm@0.972 7-47@-87dBm@0.946 31-34@-93dBm@0.638 5-11@-89dBm@0.869 14-37@-93dBm@0.578 35-46@-95dBm@0.308 4-13@-93dBm@0.598 20-32@-85dBm@0.960 6-41@-92dBm@0.666 39-42@-86dBm@0.956 15-21@-95dBm@0.211 4-7@-91dBm@0.798 30-43@-93dBm@0.636 22-39@-88dBm@0.924 12-17@-87dBm@0.942 6-19@-90dBm@0.862 5-27@-93dBm@0.639 10-29@-92dBm@0.716 8-25@-84dBm@0.974 0-39@-91dBm@0.739 14-49@-96dBm@0.128 20-44@-94dBm@0.337 9-18@-88dBm@0.910 0-36@-76dBm@1.000 36-43@-94dBm@0.378 4-18@-92dBm@0.685 1-35@-97dBm@0.036 27-32@-96dBm@0.176 7-44@-94dBm@0.456 0-25@-89dBm@0.875 40-44@-92dBm@0.694 13-48@-94dBm@0.394 29-37@-96dBm@0.164 15-31@-81dBm@0.985 5-9@-91dBm@0.791 7-38@-91dBm@0.756 8-13@-90dBm@0.848 29-36@-96dBm@0.160 16-20@-87dBm@0.944 6-20@-84dBm@0.974 12-14@-85dBm@0.960 7-23@-84dBm@0.974 33-47@-97dBm@0.009 23-35@-92dBm@0.664 2-39@-96dBm@0.109 20-49@-65dBm@1.000 12-34@-93dBm@0.559 6-45@-92dBm@0.691 1-6@-90dBm@0.864 19-25@-95dBm@0.202 4-23@-83dBm@0.978 27-49@-96dBm@0.158 7-10@-84dBm@0.974 9-22@-91dBm@0.770 37-49@-93dBm@0.548 20-23@-96dBm@0.158 2-25@-90dBm@0.865 29-32@-96dBm@0.187 14-19@-92dBm@0.671 21-45@-94dBm@0.342 9-10@-93dBm@0.639 36-41@-94dBm@0.376 3-11@-75dBm@1.000 1-47@-89dBm@0.894 13-46@-89dBm@0.868 29-48@-76dBm@1.000 33-36@-94dBm@0.330 24-34@-92dBm@0.706 9-20@-89dBm@0.883 23-26@-91dBm@0.775 16-21@-95dBm@0.198 27-40@-91dBm@0.766 9-13@-82dBm@0.985 15-30@-92dBm@0.683 3-33@-95dBm@0.209 8-11@-92dBm@0.675 10-32@-89dBm@0.868 39-41@-96dBm@0.172 16-34@-95dBm@0.265 0-46@-91dBm@0.727 8-21@-89dBm@0.889 20-42@-89dBm@0.892 8-47@-74dBm@1.000 13-35@-92dBm@0.698 9-16@-87dBm@0.946 7-41@-94dBm@0.495 22-26@-94dBm@0.462 0-16@-91dBm@0.742 12-30@-95dBm@0.264 40-48@-95dBm@0.196 1-31@-93dBm@0.602 18-25@-93dBm@0.647 27-28@-88dBm@0.923 9-30@-89dBm@0.884 7-37@-91dBm@0.747 30-47@-93dBm@0.528 16-19@-97dBm@0.033 4-10@-89dBm@0.866 28-38@-89dBm@0.866 7-34@-92dBm@0.710 7-45@-95dBm@0.234 39-44@-94dBm@0.368 19-45@-87dBm@0.945 37-38@-93dBm@0.642 11-42@-92dBm@0.672 25-49@-90dBm@0.863 2-9@-88dBm@0.936 29-49@-93dBm@0.620 47-49@-90dBm@0.864 10-45@-89dBm@0.870 10-37@-92dBm@0.686 11-34@-92dBm@0.709 14-33@-96dBm@0.189 4-14@-97dBm@0.018 16-40@-86dBm@0.957 11-33@-89dBm@0.892 31-32@-95dBm@0.220 20-29@-91dBm@0.738 38-39@-81dBm@0.985 8-31@-89dBm@0.897 17-24@-97dBm@0.072 0-33@-87dBm@0.941 24-49@-93dBm@0.576 7-46@-94dBm@0.382 20-47@-83dBm@0.974 16-43@-88dBm@0.910 29-34@-96dBm@0.123 3-8@-95dBm@0.293 13-42@-95dBm@0.262 12-13@-96dBm@0.105 2-27@-89dBm@0.866 1-15@-88dBm@0.904 7-17@-93dBm@0.603 0-9@-94dBm@0.373 19-47@-95dBm@0.230 8-27@-90dBm@0.861 41-45@-93dBm@0.645 3-7@-91dBm@0.736 13-16@-84dBm@0.968 2-49@-92dBm@0.703 5-24@-93dBm@0.596 4-8@-92dBm@0.681 8-49@-93dBm@0.640 6-12@-86dBm@0.950 1-2@-93dBm@0.643 35-45@-95dBm@0.260 41-46@-90dBm@0.807 2-16@-89dBm@0.889 34-49@-95dBm@0.228 3-19@-94dBm@0.340 5-42@-96dBm@0.079 6-49@-91dBm@0.762 30-35@-87dBm@0.941 10-33@-94dBm@0.503 0-1@-92dBm@0.706 24-41@-90dBm@0.822 15-47@-96dBm@0.081 4-15@-97dBm@0.004 33-49@-91dBm@0.767 20-46@-91dBm@0.801 5-7@-86dBm@0.957 16-18@-83dBm@0.975 2-12@-97dBm@0.006 26-47@-88dBm@0.924 13-27@-89dBm@0.890 21-25@-85dBm@0.966 34-40@-94dBm@0.339 16-35@-88dBm@0.927 4-17@-96dBm@0.097 9-40@-95dBm@0.211 20-25@-93dBm@0.654 10-14@-84dBm@0.974 36-49@-91dBm@0.768 0-8@-89dBm@0.868 5-33@-84dBm@0.974 46-47@-88dBm@0.937 13-31@-93dBm@0.645 6-40@-91dBm@0.738 15-35@-83dBm@0.974 3-31@-90dBm@0.863 5-49@-94dBm@0.327 3-6@-92dBm@0.687 8-17@-93dBm@0.553 0-26@-96dBm@0.167 8-22@-94dBm@0.507 12-29@-89dBm@0.870 2-3@-91dBm@0.783 24-31@-93dBm@0.594 6-8@-89dBm@0.870 16-25@-75dBm@1.000 8-9@-94dBm@0.432 7-43@-88dBm@0.919 37-41@-94dBm@0.328 32-47@-94dBm@0.329 14-29@-82dBm@0.980 3-9@-94dBm@0.464 4-5@-88dBm@0.933 26-35@-96dBm@0.145 14-24@-94dBm@0.368 11-41@-84dBm@0.974 3-35@-94dBm@0.353 8-10@-87dBm@0.938 20-21@-93dBm@0.646 40-42@-93dBm@0.648 18-45@-94dBm@0.341 13-18@-93dBm@0.629 3-48@-89dBm@0.878 23-31@-93dBm@0.550 12-48@-85dBm@0.964 27-42@-94dBm@0.331 35-48@-88dBm@0.923 33-46@-96dBm@0.166 21-22@-81dBm@0.987 1-8@-92dBm@0.694 35-36@-92dBm@0.697 21-39@-85dBm@0.960 11-13@-97dBm@0.056 2-31@-94dBm@0.506 31-49@-88dBm@0.934 22-27@-90dBm@0.863 34-35@-91dBm@0.729 13-36@-95dBm@0.236 18-22@-87dBm@0.939 11-12@-92dBm@0.680 16-26@-94dBm@0.401 8-14@-90dBm@0.863 19-26@-93dBm@0.537 0-13@-96dBm@0.173 36-38@-96dBm@0.099 2-40@-91dBm@0.754 3-4@-84dBm@0.974 23-29@-95dBm@0.282 1-40@-96dBm@0.149 0-44@-94dBm@0.391 16-38@-96dBm@0.131 21-49@-89dBm@0.896 1-14@-94dBm@0.473 12-24@-81dBm@0.987 13-28@-90dBm@0.849 0-10@-89dBm@0.875 17-48@-88dBm@0.918 6-24@-86dBm@0.951 11-47@-88dBm@0.914 7-36@-92dBm@0.662 22-28@-91dBm@0.800 1-3@-92dBm@0.678 4-31@-96dBm@0.190 0-5@-82dBm@0.984 18-47@-84dBm@0.974 26-41@-95dBm@0.213 26-33@-95dBm@0.303 5-39@-96dBm@0.165 7-31@-91dBm@0.745 13-40@-96dBm@0.166 11-30@-94dBm@0.467 22-42@-94dBm@0.356 30-46@-86dBm@0.956 24-26@-92dBm@0.675 21-44@-93dBm@0.592 19-48@-88dBm@0.906 0-2@-90dBm@0.839 29-41@-85dBm@0.960 13-44@-95dBm@0.256 25-32@-86dBm@0.955 25-39@-83dBm@0.975 7-20@-80dBm@0.993 24-29@-91dBm@0.776 0-42@-90dBm@0.856 16-27@-89dBm@0.898 18-32@-69dBm@1.000 5-43@-91dBm@0.744 29-31@-84dBm@0.970 16-47@-88dBm@0.935 36-45@-95dBm@0.201 1-43@-96dBm@0.095 3-41@-88dBm@0.933 9-38@-88dBm@0.910 30-39@-92dBm@0.688 1-7@-93dBm@0.538 0-4@-88dBm@0.914 10-15@-88dBm@0.907 12-41@-91dBm@0.758 3-15@-93dBm@0.637 5-46@-93dBm@0.659 6-35@-81dBm@0.985 2-13@-93dBm@0.610 15-29@-96dBm@0.184 18-19@-87dBm@0.942 12-35@-91dBm@0.766 31-36@-97dBm@0.046 14-20@-87dBm@0.948 35-49@-75dBm@1.000 2-44@-92dBm@0.682 20-33@-93dBm@0.636 9-21@-86dBm@0.950 9-35@-88dBm@0.923 1-18@-95dBm@0.226 13-25@-90dBm@0.854 2-23@-89dBm@0.870 46-48@-93dBm@0.548 10-35@-96dBm@0.166 5-41@-90dBm@0.842 32-42@-88dBm@0.911 4-6@-90dBm@0.857 23-48@-96dBm@0.127 0-3@-91dBm@0.764 8-46@-96dBm@0.134 2-5@-92dBm@0.686 33-42@-94dBm@0.417 4-19@-92dBm@0.685 18-20@-89dBm@0.869 23-30@-95dBm@0.193 17-18@-96dBm@0.084 7-42@-86dBm@0.955 10-18@-91dBm@0.729 18-35@-92dBm@0.663 14-34@-89dBm@0.883 43-47@-92dBm@0.682 27-38@-91dBm@0.733 7-35@-93dBm@0.599 11-17@-94dBm@0.322 45-48@-92dBm@0.715 42-47@-91dBm@0.730 22-38@-90dBm@0.865 16-22@-87dBm@0.940 25-42@-90dBm@0.864 3-12@-93dBm@0.661 15-41@-93dBm@0.647 2-4@-93dBm@0.646 29-43@-96dBm@0.180 13-22@-88dBm@0.917 7-9@-87dBm@0.945 38-42@-89dBm@0.883 0-30@-82dBm@0.985 2-46@-78dBm@1.000
#aveChargePerCycle runNum=0 0@583.11 1@152.75 2@354.74 3@230.09 4@390.61 5@236.99 6@103.96 7@27.87 8@297.09 9@1.30 10@263.77 11@102.38 12@35.15 13@30.48 14@70.49 15@6.86 16@180.16 17@1.30 18@1.30 19@27.35 20@1.30 21@15.81 22@25.40 23@26.58 24@1.94 25@174.04 26@1.94 27@79.48 28@1.94 29@1.30 30@100.56 31@1.94 32@1.30 33@80.25 34@1.94 35@39.43 36@49.83 37@3.89 38@25.16 39@79.52 40@1.30 41@35.49 42@55.19 43@2.59 44@1.30 45@36.42 46@27.96 47@1.94 48@29.04 49@1.30