## dioPeriod = 1.0
## burstTimestamp = 20
## minRssi = -97
## numMotes = 50
## otfHousekeepingPeriod = 1.0
## sixtopNoRemoveWorstCell = 0
## simDataDir = simData
## numChans = 16
## slotframeLength = 101
## squareSide = 2.0
## cpuID = 92
## sixtopPdrThreshold = 1.5
## pkPeriod = None
## sixtopHousekeepingPeriod = 1.0
## sixtopNoHousekeeping = 0
## algorithm = otf
## pkPeriodVar = 0.05
## numCyclesPerRun = 100
## startTime = 1502276471.34
## slotDuration = 0.01
## numRuns = 1
## combinationKeys = ['algorithm', 'numMotes', 'otfThreshold']
## numPacketsBurst = 5
## otfThreshold = 1
## noInterference = 0
## gui = False


# appGenerated appReachesDagroot appRelayed aveHops aveLatency aveQueueDelay chargeConsumed collidedTxs cycle droppedAppFailedEnqueue droppedMacRetries droppedNoRoute droppedNoTxCells droppedQueueFull effectiveCollidedTxs numRxCells numTx numTxCells otfAdd otfRemove probableCollisions rplChurnParentSet rplChurnPrefParent rplChurnRank rplRxDIO rplTxDIO runNum scheduleCollisions topRxRelocatedCells topTxRelocatedBundles topTxRelocatedCells txQueueFill
             0                 0          0       0          0             0              0           0     0                       0                 0              0                0                0                    0          0     0          0      0         0                  0                 0                  0            0        0        0      0                  0                   0                     0                   0           0
             0                 0          0       0          0             0       1205.400           2     1                       0                 0              0                0                0                    1        118     0        118    118         0                  0               149                 66            7      498       50      0                  1                   0                     0                   0           0
             0                 0          0       0          0             0       4501.800          10     2                       0                 0              0                0                0                    4        136     0        136     18         0                  0                 1                 96            0      498       50      0                  5                   0                     0                   0           0
             0                 0          0       0          0             0       7847.400          10     3                       0                 0              0                0                0                    4        136     0        136      0         0                  0                 0                 96            0      498       50      0                  5                   0                     0                   0           0
             0                 0          0       0          0             0      11193.000          10     4                       0                 0              0                0                0                    4        136     0        136      0         0                  0                 0                 96            0      498       50      0                  5                   0                     0                   0           0
             0                 0          0       0          0             0      14538.600          10     5                       0                 0              0                0                0                    4        136     0        136      0         0                  0                 0                 96            0      498       50      0                  5                   0                     0                   0           0
             0                 0          0       0          0             0      17884.200          10     6                       0                 0              0                0                0                    4        136     0        136      0         0                  0                 0                 96            0      498       50      0                  5                   0                     0                   0           0
             0                 0          0       0          0             0      21229.800          10     7                       0                 0              0                0                0                    4        136     0        136      0         0                  0                 0                 96            0      498       50      0                  5                   0                     0                   0           0
             0                 0          0       0          0             0      24575.400          10     8                       0                 0              0                0                0                    4        136     0        136      0         0                  0                 0                 96            0      498       50      0                  5                   0                     0                   0           0
             0                 0          0       0          0             0      27921.000          10     9                       0                 0              0                0                0                    4        136     0        136      0         0                  0                 0                 96            0      498       50      0                  5                   0                     0                   0           0
             0                 0          0       0          0             0      31266.600          10    10                       0                 0              0                0                0                    4        136     0        136      0         0                  0                 0                 96            0      498       50      0                  5                   0                     0                   0           0
             0                 0          0       0          0             0      34612.200          10    11                       0                 0              0                0                0                    4        136     0        136      0         0                  0                 0                 96            0      498       50      0                  5                   0                     0                   0           0
             0                 0          0       0          0             0      37957.800          10    12                       0                 0              0                0                0                    4        136     0        136      0         0                  0                 0                 96            0      498       50      0                  5                   0                     0                   0           0
             0                 0          0       0          0             0      41303.400          10    13                       0                 0              0                0                0                    4        136     0        136      0         0                  0                 0                 96            0      498       50      0                  5                   0                     0                   0           0
             0                 0          0       0          0             0      44649.000          10    14                       0                 0              0                0                0                    4        136     0        136      0         0                  0                 0                 96            0      498       50      0                  5                   0                     0                   0           0
             0                 0          0       0          0             0      47994.600          10    15                       0                 0              0                0                0                    4        136     0        136      0         0                  0                 0                 96            0      498       50      0                  5                   0                     0                   0           0
             0                 0          0       0          0             0      51340.200          10    16                       0                 0              0                0                0                    4        136     0        136      0         0                  0                 0                 96            0      498       50      0                  5                   0                     0                   0           0
             0                 0          0       0          0             0      54685.800          10    17                       0                 0              0                0                0                    4        136     0        136      0         0                  0                 0                 96            0      498       50      0                  5                   0                     0                   0           0
             0                 0          0       0          0             0      58031.400          10    18                       0                 0              0                0                0                    4        136     0        136      0         0                  0                 0                 96            0      498       50      0                  5                   0                     0                   0           0
            49                 1         14   1.000      9.000       153.000      63393.080          10    19                       0                 0              0                0                0                    4        140    19        140      2         0                  0                 0                 96            0      498       50      0                  5                   0                     0                   0          48
             0                22         59   1.909     79.455      1860.214      78736.180          33    20                       0                 0              0                0                0                   15        230   115        230     33         2                  1                 2                 96            8      498       50      0                 17                   0                     0                   0          26
             0                22         13   3.364    163.500       587.444      87999.040          24    21                       0                 0              0                0                0                    8        184   136        184      5        21                  0                 6                105           43      498       50      0                 12                   1                     0                   0           4
             0                 4          1   4.750    232.500       125.667      92791.240          14    22                       0                 0              0                0                0                    7        156   116        156      3        10                  0                 4                 96           39      498       50      0                  7                   2                     0                   0           0
             0                 0          0       0          0             0      96555.040          14    23                       0                 0              0                0                0                    7        149   106        149      0         3                  0                 2                105           28      498       50      0                  7                   0                     0                   0           0
             0                 0          0       0          0             0     100245.040          14    24                       0                 0              0                0                0                    7        150   106        150      1         0                  0                 3                106           24      498       50      0                  7                   0                     0                   0           0
             0                 0          0       0          0             0     103885.840          14    25                       0                 0              0                0                0                    7        146    98        146      0         2                  0                 0                106            0      498       50      0                  7                   0                     0                   0           0
             0                 0          0       0          0             0     107452.840          14    26                       0                 0              0                0                0                    7        145    98        145      0         0                  0                 3                107           18      498       50      0                  7                   0                     0                   0           0
             0                 0          0       0          0             0     111019.840          14    27                       0                 0              0                0                0                    7        145    98        145      0         0                  0                 0                107            0      498       50      0                  7                   0                     0                   0           0
             0                 0          0       0          0             0     114586.840          14    28                       0                 0              0                0                0                    7        145    98        145      0         0                  0                 0                107            0      498       50      0                  7                   0                     0                   0           0
             0                 0          0       0          0             0     118153.840          14    29                       0                 0              0                0                0                    7        145    98        145      0         0                  0                 0                107            0      498       50      0                  7                   0                     0                   0           0
             0                 0          0       0          0             0     121720.840          14    30                       0                 0              0                0                0                    7        145    98        145      0         0                  0                 0                107            0      498       50      0                  7                   0                     0                   0           0
             0                 0          0       0          0             0     125287.840          14    31                       0                 0              0                0                0                    7        145    98        145      0         0                  0                 0                107            0      498       50      0                  7                   0                     0                   0           0
             0                 0          0       0          0             0     128854.840          14    32                       0                 0              0                0                0                    7        145    98        145      0         0                  0                 0                107            0      498       50      0                  7                   0                     0                   0           0
             0                 0          0       0          0             0     132421.840          14    33                       0                 0              0                0                0                    7        145    98        145      0         0                  0                 0                107            0      498       50      0                  7                   0                     0                   0           0
             0                 0          0       0          0             0     135988.840          14    34                       0                 0              0                0                0                    7        145    98        145      0         0                  0                 0                107            0      498       50      0                  7                   0                     0                   0           0
             0                 0          0       0          0             0     139555.840          14    35                       0                 0              0                0                0                    7        145    98        145      0         0                  0                 0                107            0      498       50      0                  7                   0                     0                   0           0
             0                 0          0       0          0             0     143122.840          14    36                       0                 0              0                0                0                    7        145    98        145      0         0                  0                 0                107            0      498       50      0                  7                   0                     0                   0           0
             0                 0          0       0          0             0     146689.840          14    37                       0                 0              0                0                0                    7        145    98        145      0         0                  0                 0                107            0      498       50      0                  7                   0                     0                   0           0
             0                 0          0       0          0             0     150256.840          14    38                       0                 0              0                0                0                    7        145    98        145      0         0                  0                 0                107            0      498       50      0                  7                   0                     0                   0           0
             0                 0          0       0          0             0     153823.840          14    39                       0                 0              0                0                0                    7        145    98        145      0         0                  0                 0                107            0      498       50      0                  7                   0                     0                   0           0
             0                 0          0       0          0             0     157390.840          14    40                       0                 0              0                0                0                    7        145    98        145      0         0                  0                 0                107            0      498       50      0                  7                   0                     0                   0           0
             0                 0          0       0          0             0     160957.840          14    41                       0                 0              0                0                0                    7        145    98        145      0         0                  0                 0                107            0      498       50      0                  7                   0                     0                   0           0
             0                 0          0       0          0             0     164524.840          14    42                       0                 0              0                0                0                    7        145    98        145      0         0                  0                 0                107            0      498       50      0                  7                   0                     0                   0           0
             0                 0          0       0          0             0     168091.840          14    43                       0                 0              0                0                0                    7        145    98        145      0         0                  0                 0                107            0      498       50      0                  7                   0                     0                   0           0
             0                 0          0       0          0             0     171658.840          14    44                       0                 0              0                0                0                    7        145    98        145      0         0                  0                 0                107            0      498       50      0                  7                   0                     0                   0           0
             0                 0          0       0          0             0     175225.840          14    45                       0                 0              0                0                0                    7        145    98        145      0         0                  0                 0                107            0      498       50      0                  7                   0                     0                   0           0
             0                 0          0       0          0             0     178792.840          14    46                       0                 0              0                0                0                    7        145    98        145      0         0                  0                 0                107            0      498       50      0                  7                   0                     0                   0           0
             0                 0          0       0          0             0     182359.840          14    47                       0                 0              0                0                0                    7        145    98        145      0         0                  0                 0                107            0      498       50      0                  7                   0                     0                   0           0
             0                 0          0       0          0             0     185926.840          14    48                       0                 0              0                0                0                    7        145    98        145      0         0                  0                 0                107            0      498       50      0                  7                   0                     0                   0           0
             0                 0          0       0          0             0     189493.840          14    49                       0                 0              0                0                0                    7        145    98        145      0         0                  0                 0                107            0      498       50      0                  7                   0                     0                   0           0
             0                 0          0       0          0             0     193060.840          14    50                       0                 0              0                0                0                    7        145    98        145      0         0                  0                 0                107            0      498       50      0                  7                   0                     0                   0           0
             0                 0          0       0          0             0     196627.840          14    51                       0                 0              0                0                0                    7        145    98        145      0         0                  0                 0                107            0      498       50      0                  7                   0                     0                   0           0
             0                 0          0       0          0             0     200194.840          14    52                       0                 0              0                0                0                    7        145    98        145      0         0                  0                 0                107            0      498       50      0                  7                   0                     0                   0           0
             0                 0          0       0          0             0     203761.840          14    53                       0                 0              0                0                0                    7        145    98        145      0         0                  0                 0                107            0      498       50      0                  7                   0                     0                   0           0
             0                 0          0       0          0             0     207328.840          14    54                       0                 0              0                0                0                    7        145    98        145      0         0                  0                 0                107            0      498       50      0                  7                   0                     0                   0           0
             0                 0          0       0          0             0     210895.840          14    55                       0                 0              0                0                0                    7        145    98        145      0         0                  0                 0                107            0      498       50      0                  7                   0                     0                   0           0
             0                 0          0       0          0             0     214462.840          14    56                       0                 0              0                0                0                    7        145    98        145      0         0                  0                 0                107            0      498       50      0                  7                   0                     0                   0           0
             0                 0          0       0          0             0     218029.840          14    57                       0                 0              0                0                0                    7        145    98        145      0         0                  0                 0                107            0      498       50      0                  7                   0                     0                   0           0
             0                 0          0       0          0             0     221596.840          14    58                       0                 0              0                0                0                    7        145    98        145      0         0                  0                 0                107            0      498       50      0                  7                   0                     0                   0           0
            49                 7         45   1.429     38.571      1078.500     232503.620          16    59                       0                 0              0                0                0                    7        160   167        160      6         0                  2                 0                107            0      498       50      0                  8                   0                     0                   0          42
             0                23         34   2.217    105.826      1412.608     245029.520          28    60                       0                 0              0                0                3                   12        203   239        203     22         1                  3                 4                 95           41      498       50      0                 14                   0                     0                   0          19
             0                18          6   3.833    197.278       534.000     252666.300          14    61                       0                 0              0                0                0                    4        165   234        165      2        21                  0                 2                 95           40      498       50      0                  7                   2                     0                   0           1
             0                 1          1   5.000    293.000        53.000     256738.140          12    62                       0                 0              0                0                0                    4        153   219        153      2         3                  0                 5                101           40      498       50      0                  6                   0                     0                   0           0
             0                 0          0       0          0             0     260452.740          14    63                       0                 0              0                0                0                    4        150   210        150      1         2                  0                 3                 94           23      498       50      0                  7                   0                     0                   0           0
             0                 0          0       0          0             0     264142.740          14    64                       0                 0              0                0                0                    4        150   210        150      0         0                  0                 2                 93           17      498       50      0                  7                   0                     0                   0           0
             0                 0          0       0          0             0     267832.740          14    65                       0                 0              0                0                0                    4        150   210        150      0         0                  0                 0                 93            0      498       50      0                  7                   0                     0                   0           0
             0                 0          0       0          0             0     271522.740          14    66                       0                 0              0                0                0                    4        150   210        150      0         0                  0                 0                 93            0      498       50      0                  7                   0                     0                   0           0
             0                 0          0       0          0             0     275212.740          14    67                       0                 0              0                0                0                    4        150   210        150      0         0                  0                 0                 93            0      498       50      0                  7                   0                     0                   0           0
             0                 0          0       0          0             0     278902.740          14    68                       0                 0              0                0                0                    4        150   210        150      0         0                  0                 0                 93            0      498       50      0                  7                   0                     0                   0           0
             0                 0          0       0          0             0     282592.740          14    69                       0                 0              0                0                0                    4        150   210        150      0         0                  0                 0                 93            0      498       50      0                  7                   0                     0                   0           0
             0                 0          0       0          0             0     286282.740          14    70                       0                 0              0                0                0                    4        150   210        150      0         0                  0                 0                 93            0      498       50      0                  7                   0                     0                   0           0
             0                 0          0       0          0             0     289972.740          14    71                       0                 0              0                0                0                    4        150   210        150      0         0                  0                 0                 93            0      498       50      0                  7                   0                     0                   0           0
             0                 0          0       0          0             0     293662.740          14    72                       0                 0              0                0                0                    4        150   210        150      0         0                  0                 0                 93            0      498       50      0                  7                   0                     0                   0           0
             0                 0          0       0          0             0     297352.740          14    73                       0                 0              0                0                0                    4        150   210        150      0         0                  0                 0                 93            0      498       50      0                  7                   0                     0                   0           0
             0                 0          0       0          0             0     301042.740          14    74                       0                 0              0                0                0                    4        150   210        150      0         0                  0                 0                 93            0      498       50      0                  7                   0                     0                   0           0
             0                 0          0       0          0             0     304732.740          14    75                       0                 0              0                0                0                    4        150   210        150      0         0                  0                 0                 93            0      498       50      0                  7                   0                     0                   0           0
             0                 0          0       0          0             0     308422.740          14    76                       0                 0              0                0                0                    4        150   210        150      0         0                  0                 0                 93            0      498       50      0                  7                   0                     0                   0           0
             0                 0          0       0          0             0     312112.740          14    77                       0                 0              0                0                0                    4        150   210        150      0         0                  0                 0                 93            0      498       50      0                  7                   0                     0                   0           0
             0                 0          0       0          0             0     315802.740          14    78                       0                 0              0                0                0                    4        150   210        150      0         0                  0                 0                 93            0      498       50      0                  7                   0                     0                   0           0
             0                 0          0       0          0             0     319492.740          14    79                       0                 0              0                0                0                    4        150   210        150      0         0                  0                 0                 93            0      498       50      0                  7                   0                     0                   0           0
             0                 0          0       0          0             0     323182.740          14    80                       0                 0              0                0                0                    4        150   210        150      0         0                  0                 0                 93            0      498       50      0                  7                   0                     0                   0           0
             0                 0          0       0          0             0     326872.740          14    81                       0                 0              0                0                0                    4        150   210        150      0         0                  0                 0                 93            0      498       50      0                  7                   0                     0                   0           0
             0                 0          0       0          0             0     330562.740          14    82                       0                 0              0                0                0                    4        150   210        150      0         0                  0                 0                 93            0      498       50      0                  7                   0                     0                   0           0
             0                 0          0       0          0             0     334252.740          14    83                       0                 0              0                0                0                    4        150   210        150      0         0                  0                 0                 93            0      498       50      0                  7                   0                     0                   0           0
             0                 0          0       0          0             0     337942.740          14    84                       0                 0              0                0                0                    4        150   210        150      0         0                  0                 0                 93            0      498       50      0                  7                   0                     0                   0           0
             0                 0          0       0          0             0     341632.740          14    85                       0                 0              0                0                0                    4        150   210        150      0         0                  0                 0                 93            0      498       50      0                  7                   0                     0                   0           0
             0                 0          0       0          0             0     345322.740          14    86                       0                 0              0                0                0                    4        150   210        150      0         0                  0                 0                 93            0      498       50      0                  7                   0                     0                   0           0
             0                 0          0       0          0             0     349012.740          14    87                       0                 0              0                0                0                    4        150   210        150      0         0                  0                 0                 93            0      498       50      0                  7                   0                     0                   0           0
             0                 0          0       0          0             0     352702.740          14    88                       0                 0              0                0                0                    4        150   210        150      0         0                  0                 0                 93            0      498       50      0                  7                   0                     0                   0           0
             0                 0          0       0          0             0     356392.740          14    89                       0                 0              0                0                0                    4        150   210        150      0         0                  0                 0                 93            0      498       50      0                  7                   0                     0                   0           0
             0                 0          0       0          0             0     360082.740          14    90                       0                 0              0                0                0                    4        150   210        150      0         0                  0                 0                 93            0      498       50      0                  7                   0                     0                   0           0
             0                 0          0       0          0             0     363772.740          14    91                       0                 0              0                0                0                    4        150   210        150      0         0                  0                 0                 93            0      498       50      0                  7                   0                     0                   0           0
             0                 0          0       0          0             0     367462.740          14    92                       0                 0              0                0                0                    4        150   210        150      0         0                  0                 0                 93            0      498       50      0                  7                   0                     0                   0           0
             0                 0          0       0          0             0     371152.740          14    93                       0                 0              0                0                0                    4        150   210        150      0         0                  0                 0                 93            0      498       50      0                  7                   0                     0                   0           0
             0                 0          0       0          0             0     374842.740          14    94                       0                 0              0                0                0                    4        150   210        150      0         0                  0                 0                 93            0      498       50      0                  7                   0                     0                   0           0
             0                 0          0       0          0             0     378532.740          14    95                       0                 0              0                0                0                    4        150   210        150      0         0                  0                 0                 93            0      498       50      0                  7                   0                     0                   0           0
             0                 0          0       0          0             0     382222.740          14    96                       0                 0              0                0                0                    4        150   210        150      0         0                  0                 0                 93            0      498       50      0                  7                   0                     0                   0           0
             0                 0          0       0          0             0     385912.740          14    97                       0                 0              0                0                0                    4        150   210        150      0         0                  0                 0                 93            0      498       50      0                  7                   0                     0                   0           0
             0                 0          0       0          0             0     389602.740          14    98                       0                 0              0                0                0                    4        150   210        150      0         0                  0                 0                 93            0      498       50      0                  7                   0                     0                   0           0
             0                 0          0       0          0             0     393292.740          14    99                       0                 0              0                0                0                    4        150   210        150      0         0                  0                 0                 93            0      498       50      0                  7                   0                     0                   0           0
#pos runNum=0 0@(1.00000,1.00000)@0 1@(0.99103,1.18308)@544 2@(0.68541,1.03863)@938 3@(0.90060,1.03251)@665 4@(1.00698,1.15364)@597 5@(0.93294,1.33284)@716 6@(1.00653,0.98114)@512 7@(1.07081,1.22824)@1102 8@(1.15787,1.52176)@1348 9@(1.07171,0.90276)@1482 10@(1.02472,1.29034)@625 11@(1.00554,1.22587)@1102 12@(0.85580,1.10055)@1107 13@(1.17511,1.09239)@1194 14@(1.12353,1.16034)@1056 15@(1.21575,1.01654)@1184 16@(0.82886,1.09989)@1301 17@(1.20794,1.14801)@1365 18@(1.08599,1.26234)@1614 19@(0.96966,1.37494)@1228 20@(1.20770,1.15141)@1757 21@(0.69666,0.81843)@804 22@(1.45807,1.05428)@1834 23@(1.17356,1.13188)@544 24@(1.04528,1.22767)@1160 25@(1.26441,1.28379)@1906 26@(0.91866,1.29427)@1226 27@(1.23409,1.29248)@1397 28@(0.76035,1.08309)@1290 29@(1.04064,0.89326)@1070 30@(0.87298,0.79376)@1742 31@(1.13317,1.35956)@853 32@(0.50989,0.82725)@1508 33@(1.08472,1.48301)@1356 34@(1.06388,1.06759)@563 35@(1.19134,1.43120)@1301 36@(0.82984,1.26159)@1169 37@(1.18470,1.47401)@1973 38@(0.98409,1.01315)@558 39@(1.39899,1.27476)@2079 40@(0.92575,1.53217)@1484 41@(0.95393,1.46753)@1784 42@(0.78559,1.21642)@2040 43@(1.24523,1.32364)@1416 44@(1.12416,1.15407)@1290 45@(0.84116,0.85726)@1508 46@(0.65682,1.45910)@2105 47@(0.85988,1.45107)@1569 48@(0.99135,1.06670)@1165 49@(0.89415,1.44572)@2040
#links runNum=0 21-45@-89dBm@0.884 5-47@-92dBm@0.674 11-31@-96dBm@0.157 10-40@-92dBm@0.717 9-29@-88dBm@0.905 4-11@-95dBm@0.193 18-41@-95dBm@0.295 23-45@-95dBm@0.196 34-35@-92dBm@0.701 10-31@-90dBm@0.864 7-44@-96dBm@0.184 1-13@-94dBm@0.375 27-44@-89dBm@0.870 5-40@-92dBm@0.669 4-7@-94dBm@0.321 28-42@-93dBm@0.637 1-11@-80dBm@0.992 24-27@-94dBm@0.434 12-45@-93dBm@0.550 1-37@-96dBm@0.153 0-6@-70dBm@1.000 21-32@-91dBm@0.787 3-21@-91dBm@0.735 38-48@-95dBm@0.290 8-37@-90dBm@0.859 20-25@-90dBm@0.863 4-19@-97dBm@0.036 2-21@-91dBm@0.737 1-35@-95dBm@0.209 22-43@-94dBm@0.476 23-44@-90dBm@0.860 15-24@-91dBm@0.742 0-21@-92dBm@0.683 7-47@-95dBm@0.263 20-23@-86dBm@0.952 7-49@-93dBm@0.637 33-41@-94dBm@0.352 23-38@-93dBm@0.638 6-12@-90dBm@0.816 14-43@-91dBm@0.719 19-24@-93dBm@0.641 4-14@-92dBm@0.705 10-16@-94dBm@0.324 7-12@-91dBm@0.767 9-34@-94dBm@0.514 4-16@-92dBm@0.703 9-33@-96dBm@0.120 27-43@-95dBm@0.249 7-36@-95dBm@0.233 42-46@-96dBm@0.161 2-6@-91dBm@0.769 11-47@-90dBm@0.864 10-27@-96dBm@0.085 5-21@-96dBm@0.181 4-23@-91dBm@0.719 27-31@-92dBm@0.669 7-10@-80dBm@0.990 1-26@-91dBm@0.784 13-40@-94dBm@0.360 0-34@-83dBm@0.976 18-19@-84dBm@0.969 3-44@-90dBm@0.812 26-33@-90dBm@0.827 14-22@-93dBm@0.661 16-39@-96dBm@0.089 14-17@-94dBm@0.508 11-12@-93dBm@0.645 23-29@-90dBm@0.864 6-13@-90dBm@0.861 24-38@-89dBm@0.896 26-28@-95dBm@0.231 16-18@-96dBm@0.147 15-25@-93dBm@0.596 9-11@-94dBm@0.339 20-22@-94dBm@0.426 24-31@-90dBm@0.816 9-13@-87dBm@0.941 9-44@-96dBm@0.175 19-46@-93dBm@0.647 8-11@-93dBm@0.544 4-6@-89dBm@0.872 6-23@-94dBm@0.338 34-47@-96dBm@0.149 10-19@-96dBm@0.115 11-36@-91dBm@0.803 25-27@-85dBm@0.959 40-42@-95dBm@0.249 0-43@-95dBm@0.219 27-39@-97dBm@0.017 13-20@-88dBm@0.920 21-29@-96dBm@0.105 4-38@-84dBm@0.974 4-26@-89dBm@0.894 3-4@-84dBm@0.968 11-20@-97dBm@0.015 18-25@-90dBm@0.863 3-6@-91dBm@0.785 10-13@-89dBm@0.892 16-19@-95dBm@0.195 8-39@-91dBm@0.733 7-34@-93dBm@0.545 18-26@-91dBm@0.791 18-47@-91dBm@0.759 1-9@-93dBm@0.596 11-43@-94dBm@0.353 9-23@-97dBm@0.034 35-47@-93dBm@0.651 7-14@-95dBm@0.285 8-40@-90dBm@0.865 14-23@-76dBm@1.000 11-34@-85dBm@0.959 10-18@-91dBm@0.758 4-27@-91dBm@0.726 13-42@-95dBm@0.249 7-19@-89dBm@0.869 30-32@-92dBm@0.712 13-15@-93dBm@0.658 16-21@-95dBm@0.273 15-42@-97dBm@0.023 19-49@-84dBm@0.974 5-13@-93dBm@0.534 18-33@-91dBm@0.736 3-36@-92dBm@0.702 15-37@-96dBm@0.083 8-20@-97dBm@0.057 34-42@-93dBm@0.523 1-15@-89dBm@0.866 18-44@-93dBm@0.636 0-9@-95dBm@0.253 11-24@-85dBm@0.967 23-28@-95dBm@0.229 3-7@-89dBm@0.871 23-48@-93dBm@0.660 1-12@-86dBm@0.956 36-41@-93dBm@0.606 1-4@-77dBm@1.000 4-36@-95dBm@0.274 2-48@-93dBm@0.624 25-39@-85dBm@0.959 1-2@-92dBm@0.713 17-23@-83dBm@0.976 0-31@-93dBm@0.620 26-39@-96dBm@0.158 7-8@-91dBm@0.746 2-3@-90dBm@0.862 10-33@-96dBm@0.135 29-45@-88dBm@0.934 2-7@-93dBm@0.526 1-5@-92dBm@0.679 9-18@-94dBm@0.389 0-3@-92dBm@0.715 26-41@-88dBm@0.920 5-7@-93dBm@0.638 13-36@-95dBm@0.246 2-30@-92dBm@0.694 30-45@-77dBm@1.000 34-37@-96dBm@0.171 5-14@-96dBm@0.161 28-30@-92dBm@0.684 4-17@-91dBm@0.719 31-37@-93dBm@0.656 11-25@-91dBm@0.747 37-40@-93dBm@0.639 28-46@-92dBm@0.663 24-34@-93dBm@0.599 6-29@-80dBm@0.989 7-9@-90dBm@0.820 11-48@-90dBm@0.863 5-33@-89dBm@0.870 28-36@-89dBm@0.886 12-20@-95dBm@0.250 7-11@-82dBm@0.985 9-38@-96dBm@0.161 34-45@-90dBm@0.817 1-34@-91dBm@0.731 41-46@-90dBm@0.842 27-41@-92dBm@0.684 4-44@-87dBm@0.945 24-30@-97dBm@0.030 6-34@-84dBm@0.974 4-9@-93dBm@0.655 18-35@-96dBm@0.155 19-20@-94dBm@0.428 7-24@-90dBm@0.864 13-38@-90dBm@0.806 16-28@-80dBm@0.992 38-44@-96dBm@0.178 6-14@-95dBm@0.298 4-5@-89dBm@0.880 14-15@-85dBm@0.960 21-30@-94dBm@0.381 9-22@-93dBm@0.569 5-28@-92dBm@0.704 46-47@-97dBm@0.039 12-13@-94dBm@0.443 0-38@-80dBm@0.988 15-36@-95dBm@0.262 10-38@-90dBm@0.861 31-44@-91dBm@0.750 3-48@-84dBm@0.974 18-37@-94dBm@0.349 33-48@-95dBm@0.221 3-28@-89dBm@0.869 40-47@-89dBm@0.899 1-36@-89dBm@0.869 11-13@-95dBm@0.205 7-17@-92dBm@0.707 7-18@-75dBm@1.000 9-14@-91dBm@0.734 33-37@-96dBm@0.175 14-44@-65dBm@1.000 9-42@-96dBm@0.123 7-29@-94dBm@0.385 8-33@-91dBm@0.720 14-31@-94dBm@0.439 6-38@-84dBm@0.974 13-23@-93dBm@0.534 8-43@-94dBm@0.380 1-31@-89dBm@0.895 5-26@-83dBm@0.975 28-38@-92dBm@0.695 6-10@-91dBm@0.719 35-41@-89dBm@0.901 4-24@-88dBm@0.937 38-40@-94dBm@0.321 1-27@-93dBm@0.617 19-47@-90dBm@0.832 0-10@-90dBm@0.805 15-23@-91dBm@0.801 5-18@-95dBm@0.252 34-48@-84dBm@0.972 2-19@-94dBm@0.339 19-26@-85dBm@0.960 1-3@-93dBm@0.652 20-27@-93dBm@0.654 12-14@-90dBm@0.817 0-5@-92dBm@0.682 6-31@-93dBm@0.589 20-37@-92dBm@0.667 7-31@-93dBm@0.661 12-23@-93dBm@0.605 29-48@-88dBm@0.937 3-5@-93dBm@0.642 41-47@-93dBm@0.653 10-24@-89dBm@0.868 11-19@-96dBm@0.179 0-2@-93dBm@0.597 13-44@-87dBm@0.943 5-32@-97dBm@0.032 13-21@-96dBm@0.136 0-4@-89dBm@0.895 16-44@-91dBm@0.722 14-30@-93dBm@0.593 23-40@-96dBm@0.158 0-23@-87dBm@0.941 0-1@-86dBm@0.951 5-19@-75dBm@1.000 17-31@-89dBm@0.865 1-7@-86dBm@0.956 22-39@-93dBm@0.593 4-28@-93dBm@0.585 6-11@-95dBm@0.224 12-16@-71dBm@1.000 27-35@-91dBm@0.719 19-35@-94dBm@0.398 1-8@-93dBm@0.606 2-13@-95dBm@0.300 6-48@-79dBm@0.997 14-27@-95dBm@0.247 8-24@-91dBm@0.738 6-28@-92dBm@0.685 28-32@-93dBm@0.547 7-20@-92dBm@0.710 24-26@-84dBm@0.974 17-38@-97dBm@0.001 8-46@-96dBm@0.178 20-43@-86dBm@0.950 8-17@-95dBm@0.302 31-36@-96dBm@0.101 17-20@-78dBm@1.000 25-43@-78dBm@1.000 6-36@-97dBm@0.070 17-48@-90dBm@0.865 2-12@-93dBm@0.611 26-34@-96dBm@0.140 5-8@-93dBm@0.654 13-18@-93dBm@0.651 26-31@-96dBm@0.172 35-43@-95dBm@0.229 16-42@-84dBm@0.974 8-35@-86dBm@0.950 7-42@-92dBm@0.694 16-25@-94dBm@0.382 19-37@-90dBm@0.864 22-48@-96dBm@0.119 10-23@-88dBm@0.906 7-35@-97dBm@0.018 17-28@-93dBm@0.580 26-38@-92dBm@0.697 22-38@-94dBm@0.407 36-48@-93dBm@0.652 6-39@-95dBm@0.201 3-12@-78dBm@1.000 31-43@-83dBm@0.974 4-35@-91dBm@0.740 13-22@-89dBm@0.866 40-49@-81dBm@0.985 3-14@-94dBm@0.487 11-16@-89dBm@0.894 4-48@-85dBm@0.965 18-20@-96dBm@0.075 10-26@-82dBm@0.980
#aveChargePerCycle runNum=0 0@444.85 1@449.67 2@40.84 3@245.65 4@357.56 5@216.88 6@275.70 7@221.09 8@93.59 9@27.47 10@139.79 11@126.09 12@41.74 13@122.08 14@44.50 15@28.12 16@27.22 17@28.77 18@35.38 19@120.86 20@1.94 21@76.86 22@25.40 23@186.27 24@1.30 25@29.04 26@81.14 27@26.82 28@100.32 29@26.58 30@1.30 31@79.08 32@1.94 33@1.30 34@78.52 35@26.30 36@1.30 37@1.30 38@27.72 39@1.94 40@28.52 41@26.82 42@1.94 43@1.30 44@1.30 45@2.59 46@1.94 47@1.30 48@1.30 49@1.94