## dioPeriod = 1.0
## burstTimestamp = 20
## minRssi = -97
## numMotes = 50
## otfHousekeepingPeriod = 1.0
## sixtopNoRemoveWorstCell = 0
## simDataDir = simData
## numChans = 16
## slotframeLength = 101
## squareSide = 2.0
## cpuID = 80
## sixtopPdrThreshold = 1.5
## pkPeriod = None
## sixtopHousekeepingPeriod = 1.0
## sixtopNoHousekeeping = 0
## algorithm = otf
## pkPeriodVar = 0.05
## numCyclesPerRun = 100
## startTime = 1502276471.3
## slotDuration = 0.01
## numRuns = 1
## combinationKeys = ['algorithm', 'numMotes', 'otfThreshold']
## numPacketsBurst = 5
## otfThreshold = 1
## noInterference = 0
## gui = False


# appGenerated appReachesDagroot appRelayed aveHops aveLatency aveQueueDelay chargeConsumed collidedTxs cycle droppedAppFailedEnqueue droppedMacRetries droppedNoRoute droppedNoTxCells droppedQueueFull effectiveCollidedTxs numRxCells numTx numTxCells otfAdd otfRemove probableCollisions rplChurnParentSet rplChurnPrefParent rplChurnRank rplRxDIO rplTxDIO runNum scheduleCollisions topRxRelocatedCells topTxRelocatedBundles topTxRelocatedCells txQueueFill
             0                 0          0       0          0             0              0           0     0                       0                 0              0                0                0                    0          0     0          0      0         0                  0                 0                  0            0        0        0      0                  0                   0                     0                   0           0
             0                 0          0       0          0             0       1279.200           8     1                       0                 0              0                0                0                    1        106     0        106    106         0                  0               126                 90            2      479       50      0                  4                   0                     0                   0           0
             0                 0          0       0          0             0       4157.400           8     2                       0                 0              0                0                0                    1        119     0        119     13         0                  0                 0                125            0      479       50      0                  4                   0                     0                   0           0
             0                 0          0       0          0             0       7084.800           8     3                       0                 0              0                0                0                    1        119     0        119      0         0                  0                 0                125            0      479       50      0                  4                   0                     0                   0           0
             0                 0          0       0          0             0      10012.200           8     4                       0                 0              0                0                0                    1        119     0        119      0         0                  0                 0                125            0      479       50      0                  4                   0                     0                   0           0
             0                 0          0       0          0             0      12939.600           8     5                       0                 0              0                0                0                    1        119     0        119      0         0                  0                 0                125            0      479       50      0                  4                   0                     0                   0           0
             0                 0          0       0          0             0      15867.000           8     6                       0                 0              0                0                0                    1        119     0        119      0         0                  0                 0                125            0      479       50      0                  4                   0                     0                   0           0
             0                 0          0       0          0             0      18794.400           8     7                       0                 0              0                0                0                    1        119     0        119      0         0                  0                 0                125            0      479       50      0                  4                   0                     0                   0           0
             0                 0          0       0          0             0      21721.800           8     8                       0                 0              0                0                0                    1        119     0        119      0         0                  0                 0                125            0      479       50      0                  4                   0                     0                   0           0
             0                 0          0       0          0             0      24649.200           8     9                       0                 0              0                0                0                    1        119     0        119      0         0                  0                 0                125            0      479       50      0                  4                   0                     0                   0           0
             0                 0          0       0          0             0      27576.600           8    10                       0                 0              0                0                0                    1        119     0        119      0         0                  0                 0                125            0      479       50      0                  4                   0                     0                   0           0
             0                 0          0       0          0             0      30504.000           8    11                       0                 0              0                0                0                    1        119     0        119      0         0                  0                 0                125            0      479       50      0                  4                   0                     0                   0           0
             0                 0          0       0          0             0      33431.400           8    12                       0                 0              0                0                0                    1        119     0        119      0         0                  0                 0                125            0      479       50      0                  4                   0                     0                   0           0
             0                 0          0       0          0             0      36358.800           8    13                       0                 0              0                0                0                    1        119     0        119      0         0                  0                 0                125            0      479       50      0                  4                   0                     0                   0           0
             0                 0          0       0          0             0      39286.200           8    14                       0                 0              0                0                0                    1        119     0        119      0         0                  0                 0                125            0      479       50      0                  4                   0                     0                   0           0
             0                 0          0       0          0             0      42213.600           8    15                       0                 0              0                0                0                    1        119     0        119      0         0                  0                 0                125            0      479       50      0                  4                   0                     0                   0           0
             0                 0          0       0          0             0      45141.000           8    16                       0                 0              0                0                0                    1        119     0        119      0         0                  0                 0                125            0      479       50      0                  4                   0                     0                   0           0
             0                 0          0       0          0             0      48068.400           8    17                       0                 0              0                0                0                    1        119     0        119      0         0                  0                 0                125            0      479       50      0                  4                   0                     0                   0           0
             0                 0          0       0          0             0      50995.800           8    18                       0                 0              0                0                0                    1        119     0        119      0         0                  0                 0                125            0      479       50      0                  4                   0                     0                   0           0
            49                 3         13   1.000     10.333       208.500      56170.420          10    19                       0                 0              0                0                0                    1        125    21        125      3         0                  0                 0                125            0      479       50      0                  5                   0                     0                   0          46
             0                27         37   1.778     83.148      1862.083      67988.680          22    20                       0                 0              0                0                0                    6        196    90        196     26         2                  1                 3                124           13      479       50      0                 11                   0                     0                   0          19
             0                18          5   2.778    163.056       722.310      75407.600          16    21                       0                 0              0                0                0                    4        159    91        159     13        21                  0                13                131           48      479       50      0                  8                   2                     0                   0           1
             0                 1          0   3.000    244.000        99.000      79362.320          12    22                       0                 0              0                0                0                    2        146    84        146      4         8                  0                 3                126           36      479       50      0                  6                   0                     0                   0           0
             0                 0          0       0          0             0      82904.720          12    23                       0                 0              0                0                0                    2        144    83        144      0         1                  0                 1                126           17      479       50      0                  6                   0                     0                   0           0
             0                 0          0       0          0             0      86447.120          14    24                       0                 0              0                0                0                    2        144    83        144      1         0                  0                 1                126            2      479       50      0                  7                   0                     0                   0           0
             0                 0          0       0          0             0      89989.520          14    25                       0                 0              0                0                0                    2        144    83        144      0         0                  0                 0                126            0      479       50      0                  7                   0                     0                   0           0
             0                 0          0       0          0             0      93531.920          14    26                       0                 0              0                0                0                    2        144    83        144      0         0                  0                 0                126            0      479       50      0                  7                   0                     0                   0           0
             0                 0          0       0          0             0      97074.320          14    27                       0                 0              0                0                0                    2        144    83        144      0         0                  0                 0                126            0      479       50      0                  7                   0                     0                   0           0
             0                 0          0       0          0             0     100616.720          14    28                       0                 0              0                0                0                    2        144    83        144      0         0                  0                 0                126            0      479       50      0                  7                   0                     0                   0           0
             0                 0          0       0          0             0     104159.120          14    29                       0                 0              0                0                0                    2        144    83        144      0         0                  0                 0                126            0      479       50      0                  7                   0                     0                   0           0
             0                 0          0       0          0             0     107701.520          14    30                       0                 0              0                0                0                    2        144    83        144      0         0                  0                 0                126            0      479       50      0                  7                   0                     0                   0           0
             0                 0          0       0          0             0     111243.920          14    31                       0                 0              0                0                0                    2        144    83        144      0         0                  0                 0                126            0      479       50      0                  7                   0                     0                   0           0
             0                 0          0       0          0             0     114786.320          14    32                       0                 0              0                0                0                    2        144    83        144      0         0                  0                 0                126            0      479       50      0                  7                   0                     0                   0           0
             0                 0          0       0          0             0     118328.720          14    33                       0                 0              0                0                0                    2        144    83        144      0         0                  0                 0                126            0      479       50      0                  7                   0                     0                   0           0
             0                 0          0       0          0             0     121871.120          14    34                       0                 0              0                0                0                    2        144    83        144      0         0                  0                 0                126            0      479       50      0                  7                   0                     0                   0           0
             0                 0          0       0          0             0     125413.520          14    35                       0                 0              0                0                0                    2        144    83        144      0         0                  0                 0                126            0      479       50      0                  7                   0                     0                   0           0
             0                 0          0       0          0             0     128955.920          14    36                       0                 0              0                0                0                    2        144    83        144      0         0                  0                 0                126            0      479       50      0                  7                   0                     0                   0           0
             0                 0          0       0          0             0     132498.320          14    37                       0                 0              0                0                0                    2        144    83        144      0         0                  0                 0                126            0      479       50      0                  7                   0                     0                   0           0
             0                 0          0       0          0             0     136040.720          14    38                       0                 0              0                0                0                    2        144    83        144      0         0                  0                 0                126            0      479       50      0                  7                   0                     0                   0           0
             0                 0          0       0          0             0     139583.120          14    39                       0                 0              0                0                0                    2        144    83        144      0         0                  0                 0                126            0      479       50      0                  7                   0                     0                   0           0
             0                 0          0       0          0             0     143125.520          14    40                       0                 0              0                0                0                    2        144    83        144      0         0                  0                 0                126            0      479       50      0                  7                   0                     0                   0           0
             0                 0          0       0          0             0     146667.920          14    41                       0                 0              0                0                0                    2        144    83        144      0         0                  0                 0                126            0      479       50      0                  7                   0                     0                   0           0
             0                 0          0       0          0             0     150210.320          14    42                       0                 0              0                0                0                    2        144    83        144      0         0                  0                 0                126            0      479       50      0                  7                   0                     0                   0           0
             0                 0          0       0          0             0     153752.720          14    43                       0                 0              0                0                0                    2        144    83        144      0         0                  0                 0                126            0      479       50      0                  7                   0                     0                   0           0
             0                 0          0       0          0             0     157295.120          14    44                       0                 0              0                0                0                    2        144    83        144      0         0                  0                 0                126            0      479       50      0                  7                   0                     0                   0           0
             0                 0          0       0          0             0     160837.520          14    45                       0                 0              0                0                0                    2        144    83        144      0         0                  0                 0                126            0      479       50      0                  7                   0                     0                   0           0
             0                 0          0       0          0             0     164379.920          14    46                       0                 0              0                0                0                    2        144    83        144      0         0                  0                 0                126            0      479       50      0                  7                   0                     0                   0           0
             0                 0          0       0          0             0     167922.320          14    47                       0                 0              0                0                0                    2        144    83        144      0         0                  0                 0                126            0      479       50      0                  7                   0                     0                   0           0
             0                 0          0       0          0             0     171464.720          14    48                       0                 0              0                0                0                    2        144    83        144      0         0                  0                 0                126            0      479       50      0                  7                   0                     0                   0           0
             0                 0          0       0          0             0     175007.120          14    49                       0                 0              0                0                0                    2        144    83        144      0         0                  0                 0                126            0      479       50      0                  7                   0                     0                   0           0
             0                 0          0       0          0             0     178549.520          14    50                       0                 0              0                0                0                    2        144    83        144      0         0                  0                 0                126            0      479       50      0                  7                   0                     0                   0           0
             0                 0          0       0          0             0     182091.920          14    51                       0                 0              0                0                0                    2        144    83        144      0         0                  0                 0                126            0      479       50      0                  7                   0                     0                   0           0
             0                 0          0       0          0             0     185634.320          14    52                       0                 0              0                0                0                    2        144    83        144      0         0                  0                 0                126            0      479       50      0                  7                   0                     0                   0           0
             0                 0          0       0          0             0     189176.720          14    53                       0                 0              0                0                0                    2        144    83        144      0         0                  0                 0                126            0      479       50      0                  7                   0                     0                   0           0
             0                 0          0       0          0             0     192719.120          14    54                       0                 0              0                0                0                    2        144    83        144      0         0                  0                 0                126            0      479       50      0                  7                   0                     0                   0           0
             0                 0          0       0          0             0     196261.520          14    55                       0                 0              0                0                0                    2        144    83        144      0         0                  0                 0                126            0      479       50      0                  7                   0                     0                   0           0
             0                 0          0       0          0             0     199803.920          14    56                       0                 0              0                0                0                    2        144    83        144      0         0                  0                 0                126            0      479       50      0                  7                   0                     0                   0           0
             0                 0          0       0          0             0     203346.320          14    57                       0                 0              0                0                0                    2        144    83        144      0         0                  0                 0                126            0      479       50      0                  7                   0                     0                   0           0
             0                 0          0       0          0             0     206888.720          14    58                       0                 0              0                0                0                    2        144    83        144      0         0                  0                 0                126            0      479       50      0                  7                   0                     0                   0           0
            49                13         31   1.308     28.154       843.667     216565.680          18    59                       0                 0              0                0                0                    5        156   141        156      5         0                  0                 0                126            0      479       50      0                  9                   0                     0                   0          36
             0                23         25   2.304    113.130      1860.917     227254.980          14    60                       0                 0              0                0                3                    5        178   194        178     15         3                  2                11                132           43      479       50      0                  7                   0                     0                   0          13
             0                11          2   2.727    198.273       564.000     232899.020          14    61                       0                 0              0                0                0                    5        157   189        157     10         9                  0                12                130           40      479       50      0                  7                   1                     0                   0           2
             0                 2          0   3.500    292.500        89.500     236823.260          12    62                       0                 0              0                0                0                    3        150   186        150      1         2                  0                 3                127           34      479       50      0                  6                   1                     0                   0           0
             0                 0          0       0          0             0     240414.860          12    63                       0                 0              0                0                0                    3        144   181        144      0         1                  0                 2                125           13      479       50      0                  6                   0                     0                   0           0
             0                 0          0       0          0             0     243981.860          12    64                       0                 0              0                0                0                    3        146   181        146      2         0                  0                 2                132            9      479       50      0                  6                   0                     0                   0           0
             0                 0          0       0          0             0     247524.260          12    65                       0                 0              0                0                0                    3        144   176        144      0         0                  0                 1                132            0      479       50      0                  6                   0                     0                   0           0
             0                 0          0       0          0             0     251066.660          12    66                       0                 0              0                0                0                    3        144   176        144      0         0                  0                 0                132            0      479       50      0                  6                   0                     0                   0           0
             0                 0          0       0          0             0     254609.060          12    67                       0                 0              0                0                0                    3        144   176        144      0         0                  0                 0                132            0      479       50      0                  6                   0                     0                   0           0
             0                 0          0       0          0             0     258151.460          12    68                       0                 0              0                0                0                    3        144   176        144      0         0                  0                 0                132            0      479       50      0                  6                   0                     0                   0           0
             0                 0          0       0          0             0     261693.860          12    69                       0                 0              0                0                0                    3        144   176        144      0         0                  0                 0                132            0      479       50      0                  6                   0                     0                   0           0
             0                 0          0       0          0             0     265236.260          12    70                       0                 0              0                0                0                    3        144   176        144      0         0                  0                 0                132            0      479       50      0                  6                   0                     0                   0           0
             0                 0          0       0          0             0     268778.660          12    71                       0                 0              0                0                0                    3        144   176        144      0         0                  0                 0                132            0      479       50      0                  6                   0                     0                   0           0
             0                 0          0       0          0             0     272321.060          12    72                       0                 0              0                0                0                    3        144   176        144      0         0                  0                 0                132            0      479       50      0                  6                   0                     0                   0           0
             0                 0          0       0          0             0     275863.460          12    73                       0                 0              0                0                0                    3        144   176        144      0         0                  0                 0                132            0      479       50      0                  6                   0                     0                   0           0
             0                 0          0       0          0             0     279405.860          12    74                       0                 0              0                0                0                    3        144   176        144      0         0                  0                 0                132            0      479       50      0                  6                   0                     0                   0           0
             0                 0          0       0          0             0     282948.260          12    75                       0                 0              0                0                0                    3        144   176        144      0         0                  0                 0                132            0      479       50      0                  6                   0                     0                   0           0
             0                 0          0       0          0             0     286490.660          12    76                       0                 0              0                0                0                    3        144   176        144      0         0                  0                 0                132            0      479       50      0                  6                   0                     0                   0           0
             0                 0          0       0          0             0     290033.060          12    77                       0                 0              0                0                0                    3        144   176        144      0         0                  0                 0                132            0      479       50      0                  6                   0                     0                   0           0
             0                 0          0       0          0             0     293575.460          12    78                       0                 0              0                0                0                    3        144   176        144      0         0                  0                 0                132            0      479       50      0                  6                   0                     0                   0           0
             0                 0          0       0          0             0     297117.860          12    79                       0                 0              0                0                0                    3        144   176        144      0         0                  0                 0                132            0      479       50      0                  6                   0                     0                   0           0
             0                 0          0       0          0             0     300660.260          12    80                       0                 0              0                0                0                    3        144   176        144      0         0                  0                 0                132            0      479       50      0                  6                   0                     0                   0           0
             0                 0          0       0          0             0     304202.660          12    81                       0                 0              0                0                0                    3        144   176        144      0         0                  0                 0                132            0      479       50      0                  6                   0                     0                   0           0
             0                 0          0       0          0             0     307745.060          12    82                       0                 0              0                0                0                    3        144   176        144      0         0                  0                 0                132            0      479       50      0                  6                   0                     0                   0           0
             0                 0          0       0          0             0     311287.460          12    83                       0                 0              0                0                0                    3        144   176        144      0         0                  0                 0                132            0      479       50      0                  6                   0                     0                   0           0
             0                 0          0       0          0             0     314829.860          12    84                       0                 0              0                0                0                    3        144   176        144      0         0                  0                 0                132            0      479       50      0                  6                   0                     0                   0           0
             0                 0          0       0          0             0     318372.260          12    85                       0                 0              0                0                0                    3        144   176        144      0         0                  0                 0                132            0      479       50      0                  6                   0                     0                   0           0
             0                 0          0       0          0             0     321914.660          12    86                       0                 0              0                0                0                    3        144   176        144      0         0                  0                 0                132            0      479       50      0                  6                   0                     0                   0           0
             0                 0          0       0          0             0     325457.060          12    87                       0                 0              0                0                0                    3        144   176        144      0         0                  0                 0                132            0      479       50      0                  6                   0                     0                   0           0
             0                 0          0       0          0             0     328999.460          12    88                       0                 0              0                0                0                    3        144   176        144      0         0                  0                 0                132            0      479       50      0                  6                   0                     0                   0           0
             0                 0          0       0          0             0     332541.860          12    89                       0                 0              0                0                0                    3        144   176        144      0         0                  0                 0                132            0      479       50      0                  6                   0                     0                   0           0
             0                 0          0       0          0             0     336084.260          12    90                       0                 0              0                0                0                    3        144   176        144      0         0                  0                 0                132            0      479       50      0                  6                   0                     0                   0           0
             0                 0          0       0          0             0     339626.660          12    91                       0                 0              0                0                0                    3        144   176        144      0         0                  0                 0                132            0      479       50      0                  6                   0                     0                   0           0
             0                 0          0       0          0             0     343169.060          12    92                       0                 0              0                0                0                    3        144   176        144      0         0                  0                 0                132            0      479       50      0                  6                   0                     0                   0           0
             0                 0          0       0          0             0     346711.460          12    93                       0                 0              0                0                0                    3        144   176        144      0         0                  0                 0                132            0      479       50      0                  6                   0                     0                   0           0
             0                 0          0       0          0             0     350253.860          12    94                       0                 0              0                0                0                    3        144   176        144      0         0                  0                 0                132            0      479       50      0                  6                   0                     0                   0           0
             0                 0          0       0          0             0     353796.260          12    95                       0                 0              0                0                0                    3        144   176        144      0         0                  0                 0                132            0      479       50      0                  6                   0                     0                   0           0
             0                 0          0       0          0             0     357338.660          12    96                       0                 0              0                0                0                    3        144   176        144      0         0                  0                 0                132            0      479       50      0                  6                   0                     0                   0           0
             0                 0          0       0          0             0     360881.060          12    97                       0                 0              0                0                0                    3        144   176        144      0         0                  0                 0                132            0      479       50      0                  6                   0                     0                   0           0
             0                 0          0       0          0             0     364423.460          12    98                       0                 0              0                0                0                    3        144   176        144      0         0                  0                 0                132            0      479       50      0                  6                   0                     0                   0           0
             0                 0          0       0          0             0     367965.860          12    99                       0                 0              0                0                0                    3        144   176        144      0         0                  0                 0                132            0      479       50      0                  6                   0                     0                   0           0
#pos runNum=0 0@(1.00000,1.00000)@0 1@(0.81201,1.10915)@546 2@(0.95066,0.93643)@542 3@(0.85498,0.94757)@548 4@(1.12278,1.05354)@540 5@(0.81727,1.13792)@621 6@(1.01132,1.07795)@614 7@(1.04726,0.86447)@1399 8@(0.83754,1.07318)@1197 9@(1.08494,0.98495)@554 10@(0.87821,1.02709)@558 11@(1.11836,1.20778)@614 12@(0.87652,0.92245)@1100 13@(1.14523,0.73766)@682 14@(0.58976,0.99516)@1314 15@(0.87808,1.13669)@804 16@(1.01841,0.92896)@1280 17@(0.78915,1.19930)@1182 18@(0.86340,1.36877)@1484 19@(1.05009,0.83580)@1116 20@(0.82178,1.39766)@877 21@(0.87737,1.05509)@1171 22@(0.76076,0.87753)@1246 23@(1.02604,1.14707)@1706 24@(0.78457,0.79242)@2039 25@(0.99737,0.79195)@1419 26@(0.87726,0.85918)@1100 27@(1.05667,0.97221)@558 28@(0.62003,1.17851)@1672 29@(1.00899,0.64179)@1182 30@(0.86206,0.94363)@546 31@(0.77945,1.31941)@1346 32@(0.80953,1.13962)@1058 33@(0.94763,0.97005)@1303 34@(0.76022,0.75736)@1160 35@(0.96814,1.09396)@2001 36@(0.62477,1.33076)@1171 37@(1.20692,0.89515)@1112 38@(1.34549,1.02309)@1566 39@(1.16009,1.11520)@1094 40@(1.12723,0.82820)@1180 41@(1.09875,1.14848)@1393 42@(0.89013,0.82970)@1423 43@(0.64209,0.91412)@2323 44@(1.21852,1.26897)@1431 45@(1.27843,0.77950)@1834 46@(0.83106,1.43259)@1024 47@(0.93086,0.69354)@1105 48@(0.63255,1.13197)@1954 49@(0.60428,1.20252)@2001
#links runNum=0 22-23@-96dBm@0.158 9-27@-80dBm@0.994 0-27@-81dBm@0.985 7-47@-94dBm@0.428 13-40@-80dBm@0.989 18-36@-89dBm@0.900 21-39@-96dBm@0.152 13-15@-95dBm@0.309 22-43@-88dBm@0.908 14-36@-93dBm@0.655 7-29@-93dBm@0.554 15-33@-85dBm@0.959 26-42@-85dBm@0.960 1-11@-93dBm@0.645 4-41@-92dBm@0.687 17-25@-93dBm@0.567 5-14@-91dBm@0.784 34-42@-93dBm@0.641 12-30@-78dBm@1.000 2-48@-96dBm@0.107 10-15@-92dBm@0.664 33-35@-89dBm@0.897 3-21@-84dBm@0.973 17-35@-96dBm@0.098 2-27@-87dBm@0.946 22-48@-93dBm@0.636 29-47@-83dBm@0.974 9-31@-94dBm@0.339 25-35@-94dBm@0.390 20-46@-88dBm@0.935 6-18@-92dBm@0.687 32-48@-87dBm@0.946 17-30@-92dBm@0.676 30-42@-86dBm@0.952 3-17@-93dBm@0.607 12-31@-92dBm@0.663 11-35@-92dBm@0.662 6-7@-89dBm@0.870 3-14@-92dBm@0.714 12-34@-92dBm@0.690 16-27@-95dBm@0.282 5-25@-97dBm@0.043 15-30@-95dBm@0.209 15-35@-86dBm@0.958 15-24@-93dBm@0.548 12-13@-92dBm@0.667 10-40@-95dBm@0.286 12-26@-86dBm@0.955 4-22@-96dBm@0.079 1-6@-91dBm@0.735 4-23@-83dBm@0.974 11-12@-94dBm@0.327 2-25@-92dBm@0.674 41-49@-95dBm@0.232 12-21@-92dBm@0.686 16-28@-97dBm@0.071 5-33@-91dBm@0.781 0-20@-93dBm@0.522 24-34@-87dBm@0.942 3-13@-92dBm@0.666 13-45@-91dBm@0.767 4-40@-90dBm@0.839 38-40@-92dBm@0.695 13-33@-95dBm@0.244 6-49@-96dBm@0.147 9-13@-89dBm@0.889 9-44@-91dBm@0.779 35-43@-96dBm@0.154 8-11@-93dBm@0.611 0-1@-88dBm@0.935 30-49@-94dBm@0.521 0-46@-94dBm@0.518 26-47@-94dBm@0.425 3-16@-88dBm@0.923 4-21@-88dBm@0.933 1-28@-93dBm@0.535 22-26@-88dBm@0.933 4-38@-93dBm@0.601 10-23@-91dBm@0.738 3-42@-83dBm@0.979 29-40@-94dBm@0.461 21-30@-82dBm@0.985 16-21@-91dBm@0.748 15-49@-95dBm@0.250 20-28@-95dBm@0.213 7-19@-85dBm@0.965 29-30@-91dBm@0.771 7-20@-97dBm@0.031 15-22@-94dBm@0.366 10-39@-95dBm@0.261 1-9@-94dBm@0.360 39-41@-87dBm@0.938 11-42@-97dBm@0.035 0-15@-93dBm@0.643 6-25@-93dBm@0.625 14-23@-96dBm@0.127 32-34@-97dBm@0.034 10-22@-89dBm@0.866 38-39@-91dBm@0.737 11-39@-93dBm@0.651 17-20@-93dBm@0.659 2-29@-90dBm@0.860 0-10@-88dBm@0.903 17-33@-94dBm@0.361 25-34@-94dBm@0.419 17-32@-80dBm@0.989 4-9@-81dBm@0.987 6-16@-86dBm@0.959 17-28@-92dBm@0.695 1-15@-91dBm@0.723 17-31@-83dBm@0.974 16-24@-94dBm@0.376 29-45@-90dBm@0.833 0-9@-86dBm@0.958 16-41@-95dBm@0.294 3-7@-90dBm@0.863 23-48@-94dBm@0.342 5-18@-90dBm@0.861 11-41@-76dBm@1.000 1-42@-92dBm@0.668 4-8@-92dBm@0.687 0-6@-89dBm@0.896 1-2@-88dBm@0.936 6-38@-95dBm@0.256 1-23@-93dBm@0.642 5-42@-93dBm@0.640 4-42@-92dBm@0.684 20-36@-93dBm@0.563 2-7@-83dBm@0.974 12-24@-88dBm@0.924 30-34@-90dBm@0.848 1-5@-78dBm@1.000 29-34@-91dBm@0.756 35-44@-91dBm@0.756 0-3@-86dBm@0.957 16-17@-96dBm@0.165 16-22@-95dBm@0.203 2-12@-81dBm@0.985 25-39@-95dBm@0.221 13-27@-93dBm@0.661 31-49@-89dBm@0.868 21-25@-95dBm@0.241 14-22@-91dBm@0.793 15-17@-97dBm@0.028 9-45@-94dBm@0.410 5-22@-91dBm@0.800 41-44@-86dBm@0.958 33-41@-92dBm@0.716 2-47@-88dBm@0.934 8-24@-92dBm@0.683 3-26@-94dBm@0.429 33-39@-93dBm@0.597 12-43@-90dBm@0.861 12-15@-91dBm@0.720 25-33@-95dBm@0.238 28-35@-94dBm@0.386 12-45@-93dBm@0.614 2-10@-84dBm@0.974 2-3@-84dBm@0.974 16-47@-91dBm@0.722 24-26@-83dBm@0.979 7-16@-80dBm@0.994 37-45@-87dBm@0.947 13-38@-93dBm@0.653 38-44@-92dBm@0.680 32-43@-93dBm@0.658 9-15@-91dBm@0.781 10-29@-94dBm@0.425 4-5@-91dBm@0.742 18-23@-95dBm@0.213 6-12@-87dBm@0.938 9-16@-80dBm@0.989 5-28@-96dBm@0.146 15-39@-91dBm@0.720 8-19@-91dBm@0.728 39-44@-89dBm@0.898 14-17@-97dBm@0.010 5-6@-97dBm@0.057 37-40@-89dBm@0.885 3-28@-96dBm@0.145 7-24@-89dBm@0.868 1-36@-90dBm@0.863 23-30@-89dBm@0.869 26-28@-93dBm@0.639 23-37@-96dBm@0.158 0-16@-94dBm@0.452 15-27@-96dBm@0.181 10-41@-91dBm@0.779 21-46@-92dBm@0.698 16-45@-96dBm@0.110 9-42@-90dBm@0.824 44-45@-94dBm@0.342 0-11@-90dBm@0.814 32-35@-87dBm@0.946 31-36@-97dBm@0.074 14-31@-93dBm@0.640 8-49@-93dBm@0.614 16-25@-95dBm@0.272 0-13@-91dBm@0.758 23-32@-92dBm@0.683 26-32@-90dBm@0.829 8-43@-93dBm@0.581 3-4@-92dBm@0.693 3-33@-97dBm@0.052 6-10@-93dBm@0.638 10-21@-69dBm@1.000 1-14@-93dBm@0.640 24-29@-91dBm@0.738 2-26@-81dBm@0.987 20-31@-89dBm@0.899 1-30@-85dBm@0.961 43-49@-92dBm@0.706 44-48@-97dBm@0.073 35-45@-94dBm@0.346 1-3@-86dBm@0.958 44-46@-96dBm@0.137 2-38@-94dBm@0.516 0-5@-89dBm@0.898 34-48@-95dBm@0.236 39-42@-92dBm@0.680 1-21@-89dBm@0.879 30-36@-96dBm@0.160 2-17@-90dBm@0.847 40-45@-91dBm@0.757 22-42@-93dBm@0.647 21-47@-92dBm@0.705 2-35@-95dBm@0.238 7-28@-95dBm@0.193 21-41@-96dBm@0.086 8-32@-96dBm@0.095 0-2@-82dBm@0.981 5-32@-59dBm@1.000 33-34@-97dBm@0.028 3-23@-90dBm@0.864 8-17@-87dBm@0.947 7-15@-97dBm@0.073 0-4@-85dBm@0.961 23-41@-96dBm@0.155 5-43@-96dBm@0.116 21-23@-89dBm@0.893 0-23@-94dBm@0.365 3-30@-91dBm@0.758 1-32@-79dBm@1.000 1-7@-92dBm@0.673 40-42@-88dBm@0.934 22-24@-86dBm@0.956 6-11@-94dBm@0.438 13-37@-91dBm@0.763 3-15@-94dBm@0.364 1-8@-89dBm@0.880 7-33@-93dBm@0.608 21-33@-94dBm@0.472 14-48@-90dBm@0.838 9-37@-85dBm@0.965 4-33@-95dBm@0.282 17-26@-94dBm@0.337 1-18@-93dBm@0.640 6-37@-97dBm@0.045 24-40@-93dBm@0.554 6-45@-94dBm@0.365 3-19@-88dBm@0.935 19-25@-93dBm@0.522 4-6@-84dBm@0.972 5-8@-87dBm@0.938 2-5@-90dBm@0.862 24-41@-96dBm@0.154 25-37@-92dBm@0.664 8-35@-92dBm@0.707 28-49@-81dBm@0.985 30-41@-91dBm@0.741 19-37@-97dBm@0.051 5-21@-93dBm@0.646 18-20@-90dBm@0.864 35-39@-88dBm@0.934 26-27@-90dBm@0.808 19-40@-95dBm@0.205 2-31@-93dBm@0.641 3-12@-83dBm@0.978 14-28@-91dBm@0.774 2-4@-92dBm@0.700 2-9@-91dBm@0.780 10-28@-90dBm@0.863 1-46@-94dBm@0.445 4-39@-87dBm@0.947 0-30@-87dBm@0.949 6-32@-90dBm@0.854
#aveChargePerCycle runNum=0 0@602.05 1@381.00 2@457.71 3@284.30 4@284.64 5@160.34 6@128.40 7@25.16 8@102.78 9@191.47 10@102.23 11@77.35 12@125.60 13@103.77 14@51.82 15@78.00 16@1.30 17@40.90 18@1.94 19@1.30 20@77.15 21@1.30 22@51.58 23@1.30 24@1.30 25@1.94 26@46.41 27@26.58 28@26.05 29@1.94 30@112.10 31@1.94 32@26.58 33@1.30 34@1.30 35@2.59 36@1.30 37@26.82 38@3.89 39@37.25 40@1.30 41@10.64 42@2.59 43@1.94 44@2.59 45@1.30 46@2.59 47@1.30 48@1.94 49@1.30