## dioPeriod = 1.0
## burstTimestamp = 20
## minRssi = -97
## numMotes = 50
## otfHousekeepingPeriod = 1.0
## sixtopNoRemoveWorstCell = 0
## simDataDir = simData
## numChans = 16
## slotframeLength = 101
## squareSide = 2.0
## cpuID = 9
## sixtopPdrThreshold = 1.5
## pkPeriod = None
## sixtopHousekeepingPeriod = 1.0
## sixtopNoHousekeeping = 0
## algorithm = otf
## pkPeriodVar = 0.05
## numCyclesPerRun = 100
## startTime = 1502276471.23
## slotDuration = 0.01
## numRuns = 1
## combinationKeys = ['algorithm', 'numMotes', 'otfThreshold']
## numPacketsBurst = 5
## otfThreshold = 1
## noInterference = 0
## gui = False


# appGenerated appReachesDagroot appRelayed aveHops aveLatency aveQueueDelay chargeConsumed collidedTxs cycle droppedAppFailedEnqueue droppedMacRetries droppedNoRoute droppedNoTxCells droppedQueueFull effectiveCollidedTxs numRxCells numTx numTxCells otfAdd otfRemove probableCollisions rplChurnParentSet rplChurnPrefParent rplChurnRank rplRxDIO rplTxDIO runNum scheduleCollisions topRxRelocatedCells topTxRelocatedBundles topTxRelocatedCells txQueueFill
             0                 0          0       0          0             0              0           0     0                       0                 0              0                0                0                    0          0     0          0      0         0                  0                 0                  0            0        0        0      0                  0                   0                     0                   0           0
             0                 0          0       0          0             0       1303.800           8     1                       0                 0              0                0                0                    1        120     0        120    120         0                  0               141                 88           10      481       50      0                  4                   0                     0                   0           0
             0                 0          0       0          0             0       4428.000           8     2                       0                 0              0                0                0                    1        128     0        128      8         0                  0                 1                109            4      481       50      0                  4                   0                     0                   0           0
             0                 0          0       0          0             0       7576.800           8     3                       0                 0              0                0                0                    1        128     0        128      0         0                  0                 0                107            0      481       50      0                  4                   0                     0                   0           0
             0                 0          0       0          0             0      10725.600           8     4                       0                 0              0                0                0                    1        128     0        128      0         0                  0                 0                107            0      481       50      0                  4                   0                     0                   0           0
             0                 0          0       0          0             0      13874.400           8     5                       0                 0              0                0                0                    1        128     0        128      0         0                  0                 0                107            0      481       50      0                  4                   0                     0                   0           0
             0                 0          0       0          0             0      17023.200           8     6                       0                 0              0                0                0                    1        128     0        128      0         0                  0                 0                107            0      481       50      0                  4                   0                     0                   0           0
             0                 0          0       0          0             0      20172.000           8     7                       0                 0              0                0                0                    1        128     0        128      0         0                  0                 0                107            0      481       50      0                  4                   0                     0                   0           0
             0                 0          0       0          0             0      23320.800           8     8                       0                 0              0                0                0                    1        128     0        128      0         0                  0                 0                107            0      481       50      0                  4                   0                     0                   0           0
             0                 0          0       0          0             0      26469.600           8     9                       0                 0              0                0                0                    1        128     0        128      0         0                  0                 0                107            0      481       50      0                  4                   0                     0                   0           0
             0                 0          0       0          0             0      29618.400           8    10                       0                 0              0                0                0                    1        128     0        128      0         0                  0                 0                107            0      481       50      0                  4                   0                     0                   0           0
             0                 0          0       0          0             0      32767.200           8    11                       0                 0              0                0                0                    1        128     0        128      0         0                  0                 0                107            0      481       50      0                  4                   0                     0                   0           0
             0                 0          0       0          0             0      35916.000           8    12                       0                 0              0                0                0                    1        128     0        128      0         0                  0                 0                107            0      481       50      0                  4                   0                     0                   0           0
             0                 0          0       0          0             0      39064.800           8    13                       0                 0              0                0                0                    1        128     0        128      0         0                  0                 0                107            0      481       50      0                  4                   0                     0                   0           0
             0                 0          0       0          0             0      42213.600           8    14                       0                 0              0                0                0                    1        128     0        128      0         0                  0                 0                107            0      481       50      0                  4                   0                     0                   0           0
             0                 0          0       0          0             0      45362.400           8    15                       0                 0              0                0                0                    1        128     0        128      0         0                  0                 0                107            0      481       50      0                  4                   0                     0                   0           0
             0                 0          0       0          0             0      48511.200           8    16                       0                 0              0                0                0                    1        128     0        128      0         0                  0                 0                107            0      481       50      0                  4                   0                     0                   0           0
             0                 0          0       0          0             0      51660.000           8    17                       0                 0              0                0                0                    1        128     0        128      0         0                  0                 0                107            0      481       50      0                  4                   0                     0                   0           0
             0                 0          0       0          0             0      54808.800           8    18                       0                 0              0                0                0                    1        128     0        128      0         0                  0                 0                107            0      481       50      0                  4                   0                     0                   0           0
            49                 1         17   1.000     19.000       225.000      60349.640          10    19                       0                 0              0                0                0                    1        137    22        137      4         0                  0                 0                107            0      481       50      0                  5                   0                     0                   0          48
             0                30         42   1.867     73.567      1758.476      74377.040          21    20                       0                 0              0                0                0                    3        217   112        217     28         0                  2                 0                119            5      481       50      0                 11                   2                     0                   0          18
             0                18          3   3.000    151.056       632.017      81892.840          12    21                       0                 0              0                0                0                    1        168   105        168      6        24                  0                 6                124           40      481       50      0                  6                   1                     0                   0           0
             0                 0          0       0          0             0      85656.640          10    22                       0                 0              0                0                0                    0        151    90        151      2         6                  0                 1                120           25      481       50      0                  5                   0                     0                   0           0
             0                 0          0       0          0             0      89322.040          10    23                       0                 0              0                0                0                    0        149    87        149      0         1                  0                 0                121           28      481       50      0                  5                   0                     0                   0           0
             0                 0          0       0          0             0      92938.240           8    24                       0                 0              0                0                0                    0        145    81        145      0         2                  0                 0                121            8      481       50      0                  4                   0                     0                   0           0
             0                 0          0       0          0             0      96505.240           8    25                       0                 0              0                0                0                    0        145    81        145      0         0                  0                 0                124           12      481       50      0                  4                   0                     0                   0           0
             0                 0          0       0          0             0     100072.240           8    26                       0                 0              0                0                0                    0        145    81        145      0         0                  0                 0                124            0      481       50      0                  4                   0                     0                   0           0
             0                 0          0       0          0             0     103639.240           8    27                       0                 0              0                0                0                    0        145    81        145      0         0                  0                 0                124            0      481       50      0                  4                   0                     0                   0           0
             0                 0          0       0          0             0     107206.240           8    28                       0                 0              0                0                0                    0        145    81        145      0         0                  0                 0                124            0      481       50      0                  4                   0                     0                   0           0
             0                 0          0       0          0             0     110773.240           8    29                       0                 0              0                0                0                    0        145    81        145      0         0                  0                 0                124            0      481       50      0                  4                   0                     0                   0           0
             0                 0          0       0          0             0     114340.240           8    30                       0                 0              0                0                0                    0        145    81        145      0         0                  0                 0                124            0      481       50      0                  4                   0                     0                   0           0
             0                 0          0       0          0             0     117907.240           8    31                       0                 0              0                0                0                    0        145    81        145      0         0                  0                 0                124            0      481       50      0                  4                   0                     0                   0           0
             0                 0          0       0          0             0     121474.240           8    32                       0                 0              0                0                0                    0        145    81        145      0         0                  0                 0                124            0      481       50      0                  4                   0                     0                   0           0
             0                 0          0       0          0             0     125041.240           8    33                       0                 0              0                0                0                    0        145    81        145      0         0                  0                 0                124            0      481       50      0                  4                   0                     0                   0           0
             0                 0          0       0          0             0     128608.240           8    34                       0                 0              0                0                0                    0        145    81        145      0         0                  0                 0                124            0      481       50      0                  4                   0                     0                   0           0
             0                 0          0       0          0             0     132175.240           8    35                       0                 0              0                0                0                    0        145    81        145      0         0                  0                 0                124            0      481       50      0                  4                   0                     0                   0           0
             0                 0          0       0          0             0     135742.240           8    36                       0                 0              0                0                0                    0        145    81        145      0         0                  0                 0                124            0      481       50      0                  4                   0                     0                   0           0
             0                 0          0       0          0             0     139309.240           8    37                       0                 0              0                0                0                    0        145    81        145      0         0                  0                 0                124            0      481       50      0                  4                   0                     0                   0           0
             0                 0          0       0          0             0     142876.240           8    38                       0                 0              0                0                0                    0        145    81        145      0         0                  0                 0                124            0      481       50      0                  4                   0                     0                   0           0
             0                 0          0       0          0             0     146443.240           8    39                       0                 0              0                0                0                    0        145    81        145      0         0                  0                 0                124            0      481       50      0                  4                   0                     0                   0           0
             0                 0          0       0          0             0     150010.240           8    40                       0                 0              0                0                0                    0        145    81        145      0         0                  0                 0                124            0      481       50      0                  4                   0                     0                   0           0
             0                 0          0       0          0             0     153577.240           8    41                       0                 0              0                0                0                    0        145    81        145      0         0                  0                 0                124            0      481       50      0                  4                   0                     0                   0           0
             0                 0          0       0          0             0     157144.240           8    42                       0                 0              0                0                0                    0        145    81        145      0         0                  0                 0                124            0      481       50      0                  4                   0                     0                   0           0
             0                 0          0       0          0             0     160711.240           8    43                       0                 0              0                0                0                    0        145    81        145      0         0                  0                 0                124            0      481       50      0                  4                   0                     0                   0           0
             0                 0          0       0          0             0     164278.240           8    44                       0                 0              0                0                0                    0        145    81        145      0         0                  0                 0                124            0      481       50      0                  4                   0                     0                   0           0
             0                 0          0       0          0             0     167845.240           8    45                       0                 0              0                0                0                    0        145    81        145      0         0                  0                 0                124            0      481       50      0                  4                   0                     0                   0           0
             0                 0          0       0          0             0     171412.240           8    46                       0                 0              0                0                0                    0        145    81        145      0         0                  0                 0                124            0      481       50      0                  4                   0                     0                   0           0
             0                 0          0       0          0             0     174979.240           8    47                       0                 0              0                0                0                    0        145    81        145      0         0                  0                 0                124            0      481       50      0                  4                   0                     0                   0           0
             0                 0          0       0          0             0     178546.240           8    48                       0                 0              0                0                0                    0        145    81        145      0         0                  0                 0                124            0      481       50      0                  4                   0                     0                   0           0
             0                 0          0       0          0             0     182113.240           8    49                       0                 0              0                0                0                    0        145    81        145      0         0                  0                 0                124            0      481       50      0                  4                   0                     0                   0           0
             0                 0          0       0          0             0     185680.240           8    50                       0                 0              0                0                0                    0        145    81        145      0         0                  0                 0                124            0      481       50      0                  4                   0                     0                   0           0
             0                 0          0       0          0             0     189247.240           8    51                       0                 0              0                0                0                    0        145    81        145      0         0                  0                 0                124            0      481       50      0                  4                   0                     0                   0           0
             0                 0          0       0          0             0     192814.240           8    52                       0                 0              0                0                0                    0        145    81        145      0         0                  0                 0                124            0      481       50      0                  4                   0                     0                   0           0
             0                 0          0       0          0             0     196381.240           8    53                       0                 0              0                0                0                    0        145    81        145      0         0                  0                 0                124            0      481       50      0                  4                   0                     0                   0           0
             0                 0          0       0          0             0     199948.240           8    54                       0                 0              0                0                0                    0        145    81        145      0         0                  0                 0                124            0      481       50      0                  4                   0                     0                   0           0
             0                 0          0       0          0             0     203515.240           8    55                       0                 0              0                0                0                    0        145    81        145      0         0                  0                 0                124            0      481       50      0                  4                   0                     0                   0           0
             0                 0          0       0          0             0     207082.240           8    56                       0                 0              0                0                0                    0        145    81        145      0         0                  0                 0                124            0      481       50      0                  4                   0                     0                   0           0
             0                 0          0       0          0             0     210649.240           8    57                       0                 0              0                0                0                    0        145    81        145      0         0                  0                 0                124            0      481       50      0                  4                   0                     0                   0           0
             0                 0          0       0          0             0     214216.240           8    58                       0                 0              0                0                0                    0        145    81        145      0         0                  0                 0                124            0      481       50      0                  4                   0                     0                   0           0
            49                 8         36   1.500     30.000       974.333     223893.200           8    59                       0                 0              0                0                0                    0        168   139        168     11         0                  0                 0                124            0      481       50      0                  4                   0                     0                   0          41
             0                31         29   2.290    100.645      1405.500     236513.200          13    60                       0                 0              0                0                0                    3        192   202        192     21        10                  0                 3                119           33      481       50      0                  7                   0                     0                   0          10
             0                 9          2   3.222    184.111       394.900     241983.520           8    61                       0                 0              0                0                0                    1        157   186        157      3        16                  0                 7                127           44      481       50      0                  4                   0                     0                   0           1
             0                 1          0   4.000    263.000        83.000     245889.040           8    62                       0                 0              0                0                0                    1        151   174        151      2         5                  0                 0                126           22      481       50      0                  4                   0                     0                   0           0
             0                 0          0       0          0             0     249603.640           8    63                       0                 0              0                0                0                    1        151   174        151      0         0                  0                 0                123           19      481       50      0                  4                   0                     0                   0           0
             0                 0          0       0          0             0     253244.440           8    64                       0                 0              0                0                0                    1        147   167        147      0         1                  0                 1                127            4      481       50      0                  4                   0                     0                   0           0
             0                 0          0       0          0             0     256860.640           8    65                       0                 0              0                0                0                    1        147   167        147      0         0                  0                 0                126            4      481       50      0                  4                   0                     0                   0           0
             0                 0          0       0          0             0     260476.840           8    66                       0                 0              0                0                0                    1        147   167        147      0         0                  0                 0                126            4      481       50      0                  4                   0                     0                   0           0
             0                 0          0       0          0             0     264093.040           8    67                       0                 0              0                0                0                    1        147   167        147      0         0                  0                 0                126            0      481       50      0                  4                   0                     0                   0           0
             0                 0          0       0          0             0     267709.240           8    68                       0                 0              0                0                0                    1        147   167        147      0         0                  0                 0                126            0      481       50      0                  4                   0                     0                   0           0
             0                 0          0       0          0             0     271325.440           8    69                       0                 0              0                0                0                    1        147   167        147      0         0                  0                 0                126            0      481       50      0                  4                   0                     0                   0           0
             0                 0          0       0          0             0     274941.640           8    70                       0                 0              0                0                0                    1        147   167        147      0         0                  0                 0                126            0      481       50      0                  4                   0                     0                   0           0
             0                 0          0       0          0             0     278557.840           8    71                       0                 0              0                0                0                    1        147   167        147      0         0                  0                 0                126            0      481       50      0                  4                   0                     0                   0           0
             0                 0          0       0          0             0     282174.040           8    72                       0                 0              0                0                0                    1        147   167        147      0         0                  0                 0                126            0      481       50      0                  4                   0                     0                   0           0
             0                 0          0       0          0             0     285790.240           8    73                       0                 0              0                0                0                    1        147   167        147      0         0                  0                 0                126            0      481       50      0                  4                   0                     0                   0           0
             0                 0          0       0          0             0     289406.440           8    74                       0                 0              0                0                0                    1        147   167        147      0         0                  0                 0                126            0      481       50      0                  4                   0                     0                   0           0
             0                 0          0       0          0             0     293022.640           8    75                       0                 0              0                0                0                    1        147   167        147      0         0                  0                 0                126            0      481       50      0                  4                   0                     0                   0           0
             0                 0          0       0          0             0     296638.840           8    76                       0                 0              0                0                0                    1        147   167        147      0         0                  0                 0                126            0      481       50      0                  4                   0                     0                   0           0
             0                 0          0       0          0             0     300255.040           8    77                       0                 0              0                0                0                    1        147   167        147      0         0                  0                 0                126            0      481       50      0                  4                   0                     0                   0           0
             0                 0          0       0          0             0     303871.240           8    78                       0                 0              0                0                0                    1        147   167        147      0         0                  0                 0                126            0      481       50      0                  4                   0                     0                   0           0
             0                 0          0       0          0             0     307487.440           8    79                       0                 0              0                0                0                    1        147   167        147      0         0                  0                 0                126            0      481       50      0                  4                   0                     0                   0           0
             0                 0          0       0          0             0     311103.640           8    80                       0                 0              0                0                0                    1        147   167        147      0         0                  0                 0                126            0      481       50      0                  4                   0                     0                   0           0
             0                 0          0       0          0             0     314719.840           8    81                       0                 0              0                0                0                    1        147   167        147      0         0                  0                 0                126            0      481       50      0                  4                   0                     0                   0           0
             0                 0          0       0          0             0     318336.040           8    82                       0                 0              0                0                0                    1        147   167        147      0         0                  0                 0                126            0      481       50      0                  4                   0                     0                   0           0
             0                 0          0       0          0             0     321952.240           8    83                       0                 0              0                0                0                    1        147   167        147      0         0                  0                 0                126            0      481       50      0                  4                   0                     0                   0           0
             0                 0          0       0          0             0     325568.440           8    84                       0                 0              0                0                0                    1        147   167        147      0         0                  0                 0                126            0      481       50      0                  4                   0                     0                   0           0
             0                 0          0       0          0             0     329184.640           8    85                       0                 0              0                0                0                    1        147   167        147      0         0                  0                 0                126            0      481       50      0                  4                   0                     0                   0           0
             0                 0          0       0          0             0     332800.840           8    86                       0                 0              0                0                0                    1        147   167        147      0         0                  0                 0                126            0      481       50      0                  4                   0                     0                   0           0
             0                 0          0       0          0             0     336417.040           8    87                       0                 0              0                0                0                    1        147   167        147      0         0                  0                 0                126            0      481       50      0                  4                   0                     0                   0           0
             0                 0          0       0          0             0     340033.240           8    88                       0                 0              0                0                0                    1        147   167        147      0         0                  0                 0                126            0      481       50      0                  4                   0                     0                   0           0
             0                 0          0       0          0             0     343649.440           8    89                       0                 0              0                0                0                    1        147   167        147      0         0                  0                 0                126            0      481       50      0                  4                   0                     0                   0           0
             0                 0          0       0          0             0     347265.640           8    90                       0                 0              0                0                0                    1        147   167        147      0         0                  0                 0                126            0      481       50      0                  4                   0                     0                   0           0
             0                 0          0       0          0             0     350881.840           8    91                       0                 0              0                0                0                    1        147   167        147      0         0                  0                 0                126            0      481       50      0                  4                   0                     0                   0           0
             0                 0          0       0          0             0     354498.040           8    92                       0                 0              0                0                0                    1        147   167        147      0         0                  0                 0                126            0      481       50      0                  4                   0                     0                   0           0
             0                 0          0       0          0             0     358114.240           8    93                       0                 0              0                0                0                    1        147   167        147      0         0                  0                 0                126            0      481       50      0                  4                   0                     0                   0           0
             0                 0          0       0          0             0     361730.440           8    94                       0                 0              0                0                0                    1        147   167        147      0         0                  0                 0                126            0      481       50      0                  4                   0                     0                   0           0
             0                 0          0       0          0             0     365346.640           8    95                       0                 0              0                0                0                    1        147   167        147      0         0                  0                 0                126            0      481       50      0                  4                   0                     0                   0           0
             0                 0          0       0          0             0     368962.840           8    96                       0                 0              0                0                0                    1        147   167        147      0         0                  0                 0                126            0      481       50      0                  4                   0                     0                   0           0
             0                 0          0       0          0             0     372579.040           8    97                       0                 0              0                0                0                    1        147   167        147      0         0                  0                 0                126            0      481       50      0                  4                   0                     0                   0           0
             0                 0          0       0          0             0     376195.240           8    98                       0                 0              0                0                0                    1        147   167        147      0         0                  0                 0                126            0      481       50      0                  4                   0                     0                   0           0
             0                 0          0       0          0             0     379811.440           8    99                       0                 0              0                0                0                    1        147   167        147      0         0                  0                 0                126            0      481       50      0                  4                   0                     0                   0           0
#pos runNum=0 0@(1.00000,1.00000)@0 1@(1.16438,0.88880)@640 2@(0.86359,0.61353)@768 3@(1.01287,0.78156)@597 4@(1.00189,0.70980)@804 5@(1.16329,0.70477)@1265 6@(1.16685,0.87108)@1152 7@(1.02158,0.64662)@1408 8@(1.03722,1.05136)@551 9@(1.20226,0.75295)@1106 10@(1.18284,0.92104)@548 11@(0.82708,0.74451)@665 12@(1.21049,0.89792)@1152 13@(1.13771,1.06377)@1401 14@(1.13196,0.73566)@1203 15@(1.03201,0.70961)@665 16@(1.23181,0.76508)@1198 17@(1.25501,0.63156)@1328 18@(0.85402,0.62888)@804 19@(1.15168,0.87016)@563 20@(1.08643,1.17511)@546 21@(1.23023,0.99521)@1777 22@(1.07556,0.71233)@1372 23@(0.98126,0.67691)@1155 24@(1.30575,0.58501)@1369 25@(0.92510,1.00496)@512 26@(0.99765,1.11423)@554 27@(0.86900,0.74836)@1706 28@(1.17626,1.28723)@1664 29@(1.08323,1.07566)@1401 30@(1.36947,1.00600)@1252 31@(0.69420,0.71943)@1401 32@(1.30329,0.89719)@1203 33@(1.11330,0.73766)@1223 34@(1.19598,0.96119)@1119 35@(1.35348,0.85703)@1440 36@(1.50744,0.71818)@1788 37@(1.14529,0.64265)@1372 38@(1.23311,0.56654)@1856 39@(1.12271,0.68069)@2090 40@(0.84977,0.76779)@1177 41@(1.04993,0.76104)@804 42@(1.25505,0.93680)@1664 43@(0.93043,0.97026)@1203 44@(1.26028,0.98122)@1715 45@(1.29100,0.67314)@1669 46@(1.13041,0.42238)@2044 47@(1.31166,0.82066)@1669 48@(0.86663,0.88817)@1572 49@(0.86625,0.69109)@1237
#links runNum=0 1-10@-74dBm@1.000 35-47@-92dBm@0.665 13-19@-95dBm@0.227 0-27@-94dBm@0.359 3-40@-94dBm@0.378 4-11@-93dBm@0.564 13-29@-85dBm@0.967 19-30@-91dBm@0.792 6-21@-89dBm@0.875 39-45@-87dBm@0.938 33-41@-92dBm@0.676 9-36@-91dBm@0.801 7-29@-95dBm@0.235 4-7@-91dBm@0.734 35-41@-95dBm@0.196 5-20@-95dBm@0.230 6-19@-88dBm@0.934 3-8@-92dBm@0.688 2-48@-92dBm@0.684 44-47@-93dBm@0.654 9-47@-85dBm@0.963 31-38@-96dBm@0.189 26-28@-90dBm@0.862 0-8@-85dBm@0.960 8-22@-94dBm@0.388 20-28@-90dBm@0.861 0-25@-78dBm@1.000 21-44@-85dBm@0.961 7-14@-92dBm@0.702 7-49@-86dBm@0.958 3-17@-92dBm@0.716 14-47@-92dBm@0.703 4-27@-89dBm@0.865 7-12@-95dBm@0.229 11-31@-96dBm@0.103 13-44@-86dBm@0.954 7-26@-94dBm@0.405 34-41@-96dBm@0.185 18-41@-89dBm@0.866 33-35@-93dBm@0.658 18-31@-92dBm@0.712 19-34@-82dBm@0.983 3-23@-84dBm@0.974 1-6@-69dBm@1.000 36-38@-94dBm@0.383 27-48@-91dBm@0.721 14-15@-90dBm@0.863 4-23@-93dBm@0.596 22-43@-91dBm@0.775 20-29@-82dBm@0.980 14-25@-96dBm@0.164 9-22@-88dBm@0.931 11-27@-96dBm@0.182 10-30@-91dBm@0.727 7-22@-97dBm@0.048 4-18@-86dBm@0.957 19-35@-92dBm@0.693 12-39@-89dBm@0.868 40-48@-96dBm@0.113 9-10@-86dBm@0.957 14-19@-93dBm@0.601 38-47@-91dBm@0.755 6-13@-93dBm@0.648 0-3@-89dBm@0.885 9-20@-94dBm@0.474 6-47@-95dBm@0.242 17-18@-94dBm@0.437 19-43@-89dBm@0.881 14-32@-94dBm@0.352 23-27@-92dBm@0.676 0-20@-87dBm@0.938 12-14@-86dBm@0.950 7-21@-97dBm@0.028 1-42@-94dBm@0.519 2-37@-94dBm@0.338 8-21@-91dBm@0.731 21-42@-85dBm@0.959 9-45@-82dBm@0.982 2-18@-70dBm@1.000 17-38@-81dBm@0.985 1-28@-93dBm@0.594 26-48@-93dBm@0.607 0-16@-95dBm@0.272 12-30@-91dBm@0.772 32-41@-90dBm@0.863 5-49@-94dBm@0.447 32-34@-93dBm@0.658 19-23@-96dBm@0.141 34-42@-76dBm@1.000 15-33@-80dBm@0.992 7-37@-84dBm@0.974 15-24@-91dBm@0.745 14-39@-91dBm@0.755 19-21@-92dBm@0.706 22-35@-97dBm@0.002 15-22@-93dBm@0.645 39-41@-92dBm@0.666 36-42@-96dBm@0.137 24-46@-93dBm@0.644 15-26@-94dBm@0.454 5-37@-81dBm@0.986 0-15@-91dBm@0.719 48-49@-95dBm@0.255 0-18@-93dBm@0.658 29-41@-93dBm@0.607 2-33@-94dBm@0.454 3-22@-94dBm@0.326 19-25@-93dBm@0.565 33-37@-86dBm@0.954 6-8@-87dBm@0.941 27-49@-86dBm@0.953 5-30@-94dBm@0.400 5-44@-96dBm@0.093 12-38@-91dBm@0.789 4-40@-91dBm@0.754 6-44@-84dBm@0.969 37-46@-97dBm@0.001 30-45@-93dBm@0.596 23-32@-92dBm@0.676 39-46@-95dBm@0.204 5-13@-93dBm@0.613 15-38@-91dBm@0.755 7-39@-91dBm@0.725 34-36@-97dBm@0.063 33-49@-96dBm@0.181 14-33@-82dBm@0.980 11-47@-94dBm@0.390 16-19@-92dBm@0.685 2-15@-93dBm@0.649 29-43@-97dBm@0.064 3-7@-93dBm@0.649 9-33@-95dBm@0.225 3-31@-92dBm@0.678 18-29@-95dBm@0.218 0-19@-88dBm@0.908 6-12@-77dBm@1.000 33-40@-96dBm@0.101 1-2@-92dBm@0.667 18-37@-93dBm@0.652 1-23@-96dBm@0.179 25-48@-96dBm@0.159 3-49@-90dBm@0.863 27-34@-94dBm@0.369 33-39@-87dBm@0.949 12-28@-95dBm@0.279 23-40@-95dBm@0.222 2-7@-89dBm@0.896 1-5@-90dBm@0.840 17-24@-80dBm@0.988 6-9@-92dBm@0.697 1-24@-94dBm@0.375 14-35@-90dBm@0.862 11-20@-95dBm@0.200 2-11@-89dBm@0.870 32-39@-91dBm@0.743 16-35@-96dBm@0.145 3-29@-92dBm@0.707 39-48@-92dBm@0.674 13-22@-97dBm@0.068 4-22@-82dBm@0.985 6-41@-91dBm@0.737 8-40@-97dBm@0.063 9-14@-88dBm@0.930 28-42@-91dBm@0.727 43-48@-82dBm@0.980 7-11@-87dBm@0.945 1-4@-93dBm@0.603 13-20@-84dBm@0.974 3-6@-92dBm@0.670 0-26@-82dBm@0.981 10-16@-87dBm@0.943 29-48@-92dBm@0.716 2-3@-93dBm@0.661 39-40@-90dBm@0.837 24-35@-91dBm@0.796 16-47@-84dBm@0.974 11-48@-86dBm@0.950 10-17@-92dBm@0.683 16-42@-92dBm@0.705 31-49@-89dBm@0.866 2-41@-93dBm@0.656 18-27@-95dBm@0.254 4-5@-87dBm@0.946 35-43@-96dBm@0.133 24-33@-96dBm@0.136 9-16@-80dBm@0.988 3-35@-94dBm@0.394 12-47@-91dBm@0.733 5-6@-91dBm@0.796 10-48@-96dBm@0.148 23-39@-93dBm@0.625 11-34@-96dBm@0.087 8-17@-96dBm@0.187 19-22@-92dBm@0.668 33-46@-94dBm@0.484 6-45@-94dBm@0.484 9-46@-93dBm@0.605 12-15@-93dBm@0.660 25-44@-92dBm@0.680 22-27@-90dBm@0.848 25-43@-74dBm@1.000 15-37@-86dBm@0.957 0-11@-91dBm@0.728 5-24@-96dBm@0.080 26-39@-94dBm@0.351 7-9@-90dBm@0.863 10-31@-96dBm@0.127 14-34@-92dBm@0.703 6-20@-91dBm@0.773 17-36@-95dBm@0.229 35-42@-92dBm@0.667 9-44@-94dBm@0.409 12-45@-93dBm@0.646 6-10@-94dBm@0.497 21-47@-90dBm@0.845 25-33@-93dBm@0.603 1-14@-85dBm@0.966 12-16@-96dBm@0.151 25-32@-96dBm@0.075 0-10@-88dBm@0.920 1-16@-88dBm@0.928 1-12@-78dBm@1.000 24-36@-88dBm@0.933 1-3@-93dBm@0.644 30-35@-92dBm@0.688 6-16@-84dBm@0.974 17-21@-96dBm@0.160 36-43@-96dBm@0.086 14-38@-96dBm@0.190 1-25@-93dBm@0.548 33-47@-94dBm@0.372 13-34@-91dBm@0.745 34-47@-94dBm@0.413 3-5@-86dBm@0.953 22-38@-90dBm@0.837 8-34@-86dBm@0.956 18-49@-78dBm@1.000 21-26@-92dBm@0.681 41-45@-95dBm@0.202 0-2@-93dBm@0.651 5-32@-93dBm@0.522 1-19@-86dBm@0.959 34-43@-96dBm@0.173 11-21@-96dBm@0.115 0-4@-93dBm@0.642 19-41@-85dBm@0.964 10-22@-89dBm@0.868 4-37@-86dBm@0.950 0-1@-92dBm@0.706 10-13@-93dBm@0.643 3-41@-96dBm@0.172 23-41@-82dBm@0.983 23-46@-95dBm@0.194 12-32@-93dBm@0.555 7-40@-95dBm@0.217 9-23@-96dBm@0.191 5-9@-84dBm@0.973 15-39@-97dBm@0.003 17-46@-91dBm@0.792 41-42@-95dBm@0.222 9-11@-94dBm@0.469 10-12@-94dBm@0.443 0-41@-92dBm@0.678 10-19@-84dBm@0.974 4-33@-96dBm@0.191 11-40@-77dBm@1.000 5-12@-90dBm@0.863 40-49@-95dBm@0.213 25-31@-92dBm@0.698 8-16@-91dBm@0.732 22-47@-89dBm@0.889 5-41@-95dBm@0.260 41-44@-97dBm@0.010 31-40@-92dBm@0.685 4-15@-84dBm@0.974 6-17@-94dBm@0.396 37-39@-75dBm@1.000 5-15@-92dBm@0.702 24-27@-95dBm@0.307 23-49@-92dBm@0.713 14-27@-91dBm@0.782 17-42@-91dBm@0.787 9-17@-92dBm@0.675 9-43@-93dBm@0.644 9-24@-90dBm@0.850 15-23@-81dBm@0.985 16-36@-93dBm@0.561 8-26@-81dBm@0.985 34-44@-92dBm@0.665 2-4@-88dBm@0.930 1-32@-88dBm@0.921 26-41@-97dBm@0.001 3-14@-96dBm@0.180 17-22@-97dBm@0.044 22-33@-95dBm@0.310 4-48@-93dBm@0.568 10-26@-94dBm@0.323
#aveChargePerCycle runNum=0 0@544.48 1@289.07 2@126.00 3@335.11 4@200.10 5@26.82 6@105.39 7@27.75 8@197.64 9@145.43 10@315.68 11@129.94 12@134.80 13@1.30 14@75.04 15@183.06 16@51.18 17@96.15 18@77.84 19@201.07 20@107.28 21@1.30 22@1.30 23@51.58 24@53.00 25@129.41 26@74.86 27@1.30 28@1.30 29@2.59 30@1.30 31@1.30 32@1.94 33@1.94 34@26.58 35@1.94 36@2.59 37@1.30 38@2.59 39@1.30 40@1.30 41@53.15 42@1.30 43@1.30 44@1.94 45@2.59 46@1.94 47@1.30 48@1.94 49@1.30